/*--------------------------------*- C++ -*----------------------------------*\
| =========                 |                                                 |
| \\      /  F ield         | OpenFOAM: The Open Source CFD Toolbox           |
|  \\    /   O peration     | Version:  v2012                                 |
|   \\  /    A nd           | Website:  www.openfoam.com                      |
|    \\/     M anipulation  |                                                 |
\*---------------------------------------------------------------------------*/
FoamFile
{
    version     2.0;
    format      ascii;
    class       volScalarField;
    location    "1";
    object      p;
}
// * * * * * * * * * * * * * * * * * * * * * * * * * * * * * * * * * * * * * //

dimensions      [0 2 -2 0 0 0 0];


internalField   nonuniform List<scalar> 
8800
(
4.82222e-10
0.000698894
0.000690191
0.000649298
0.000420142
0.000283327
3.55364e-05
-0.00014957
-0.0003728
-0.000577827
-0.000780151
-0.000982659
-0.00122819
-0.00148713
-0.00183777
-0.00223931
-0.00276338
-0.00338348
-0.00429934
-0.00604264
3.77043e-06
0.00069644
0.000691094
0.000647774
0.000422666
0.000281576
3.77574e-05
-0.000150819
-0.000370321
-0.0005785
-0.000782259
-0.000991456
-0.00122145
-0.00149613
-0.0018276
-0.00225225
-0.00275504
-0.00346132
-0.00441956
-0.00645255
1.06217e-05
0.000690873
0.000693174
0.000644275
0.000428313
0.000277089
4.10921e-05
-0.000153273
-0.000371881
-0.000579402
-0.000786986
-0.000990912
-0.0012201
-0.0014929
-0.0018305
-0.00227094
-0.00282755
-0.00352733
-0.00438563
-0.00620073
1.78953e-05
0.000684959
0.000693764
0.000643725
0.000431683
0.000278724
3.73341e-05
-0.000144584
-0.000387724
-0.000572421
-0.000803448
-0.000986472
-0.00122253
-0.00148319
-0.0018309
-0.00226212
-0.0029829
-0.00390096
-0.00516623
-0.00625617
2.97704e-05
0.000672536
0.000698412
0.000636955
0.000444437
0.00026619
5.07652e-05
-0.000158221
-0.000373483
-0.000589803
-0.000793657
-0.000999053
-0.00122228
-0.00149682
-0.00182798
-0.00226865
-0.00282504
-0.00354439
-0.00454373
-0.00669491
4.25256e-05
0.000659687
0.000700146
0.000635038
0.000452067
0.000264416
5.23241e-05
-0.00015945
-0.000380008
-0.000596301
-0.000796241
-0.00100594
-0.00122365
-0.00150157
-0.0018128
-0.00225103
-0.00281085
-0.00371591
-0.00505668
-0.00763541
5.93621e-05
0.0006414
0.000703825
0.000631748
0.000461176
0.000265
5.22395e-05
-0.000160127
-0.000386838
-0.000601536
-0.000806385
-0.00100773
-0.0012357
-0.00149383
-0.0018226
-0.00224117
-0.00283282
-0.00369338
-0.0051272
-0.00781917
8.11261e-05
0.000615566
0.000708313
0.000627057
0.000465472
0.000268701
5.97745e-05
-0.000163716
-0.000394422
-0.000613154
-0.000808262
-0.0010207
-0.00123654
-0.00149886
-0.0018173
-0.00224637
-0.00284326
-0.00376228
-0.00531542
-0.00819996
0.000105005
0.000600122
0.000696367
0.000635894
0.000460815
0.000269021
7.14396e-05
-0.000175328
-0.000403801
-0.000611109
-0.000819387
-0.00102697
-0.00124763
-0.00150029
-0.00182452
-0.00225946
-0.00288514
-0.00385859
-0.00551341
-0.00854156
0.000136356
0.000570104
0.000692869
0.000624291
0.000468143
0.00028924
7.08029e-05
-0.000183098
-0.000412333
-0.000627358
-0.000831006
-0.00103364
-0.00125098
-0.001506
-0.00183596
-0.00228442
-0.00294067
-0.00396926
-0.00570978
-0.00883771
0.000169179
0.000550445
0.000677451
0.000613887
0.000479266
0.000298637
5.32042e-05
-0.000178735
-0.00041186
-0.000640887
-0.000844295
-0.00104053
-0.00125648
-0.00151592
-0.00185409
-0.00232084
-0.00300877
-0.0040902
-0.00590167
-0.0091066
0.000208448
0.000531712
0.000651403
0.000604543
0.000484009
0.000301961
6.10337e-05
-0.000179111
-0.000422367
-0.000654344
-0.000856345
-0.00104927
-0.00126551
-0.00153059
-0.00187979
-0.00236688
-0.00308725
-0.00421665
-0.00608865
-0.00935689
0.000251905
0.000517183
0.000614828
0.00059333
0.000473174
0.000308824
9.0405e-05
-0.00018484
-0.000443043
-0.000666909
-0.000865183
-0.00105895
-0.00127746
-0.00154947
-0.00191171
-0.00242036
-0.00317302
-0.00434579
-0.0062701
-0.00959277
0.000298794
0.000507805
0.000581541
0.000569682
0.00046257
0.000313039
9.96883e-05
-0.000183118
-0.000452668
-0.00067856
-0.000875189
-0.00107037
-0.00129246
-0.00157292
-0.00194952
-0.00248062
-0.00326427
-0.00447622
-0.00644425
-0.00981034
0.000341967
0.000509646
0.00055498
0.000529102
0.000444321
0.000306405
0.000105178
-0.000167765
-0.000450793
-0.000690117
-0.000889591
-0.00108518
-0.00131124
-0.00160103
-0.0019929
-0.00254638
-0.00335938
-0.00460663
-0.00661156
-0.010014
0.00038477
0.000516048
0.000538921
0.000488937
0.000404657
0.000285724
0.000102339
-0.000149089
-0.000435127
-0.000692387
-0.00090377
-0.00110362
-0.00133438
-0.00163395
-0.00204144
-0.00261636
-0.00345668
-0.00473521
-0.0067726
-0.0102068
0.000428549
0.000524081
0.000524049
0.00045988
0.000365684
0.000247194
7.63221e-05
-0.000146204
-0.000412314
-0.000676619
-0.0009067
-0.00112043
-0.00136147
-0.00167198
-0.00209463
-0.00268962
-0.00355459
-0.00486062
-0.00692591
-0.0103866
0.000470294
0.00053421
0.00050942
0.000434608
0.000328428
0.00020571
4.18577e-05
-0.000162069
-0.000399468
-0.000653318
-0.000896212
-0.00113107
-0.0013887
-0.0017136
-0.00215168
-0.00276506
-0.00365177
-0.00498163
-0.00707109
-0.0105548
0.000508106
0.000545669
0.000497514
0.000407921
0.00029154
0.000164683
7.31894e-06
-0.000181488
-0.000398882
-0.000637515
-0.000883464
-0.00113463
-0.0014121
-0.00175472
-0.00220995
-0.00284087
-0.00374664
-0.0050968
-0.00720638
-0.0107091
0.000540903
0.000557178
0.0004889
0.00038094
0.000254542
0.000124603
-2.67787e-05
-0.00020249
-0.000404637
-0.000630882
-0.000874282
-0.00113546
-0.00143055
-0.00179233
-0.00226582
-0.00291422
-0.00383713
-0.00520446
-0.00733065
-0.0108492
0.000569372
0.000567445
0.000480418
0.000355106
0.000218
8.55784e-05
-6.06814e-05
-0.000224802
-0.000413888
-0.000629562
-0.000869457
-0.00113666
-0.0014457
-0.00182518
-0.00231671
-0.00298214
-0.00392075
-0.00530276
-0.00744227
-0.0109729
0.000593158
0.000575546
0.0004713
0.000330819
0.000183179
4.76053e-05
-9.42976e-05
-0.000248231
-0.000425636
-0.000631732
-0.000867749
-0.00113836
-0.00145805
-0.00185259
-0.00236069
-0.00304189
-0.00399478
-0.00538938
-0.00754105
-0.011084
0.000610792
0.000580032
0.00046223
0.000308422
0.000150195
1.10513e-05
-0.000127296
-0.000272488
-0.000439293
-0.000636113
-0.000867426
-0.00113944
-0.00146651
-0.00187289
-0.00239519
-0.00309041
-0.00405576
-0.00546107
-0.00762266
-0.0111748
0.000621906
0.000580574
0.000451806
0.000286372
0.000118934
-2.36056e-05
-0.000159146
-0.00029672
-0.00045388
-0.000641524
-0.000866802
-0.00113772
-0.00146901
-0.00188381
-0.00241707
-0.00312395
-0.00409989
-0.00551389
-0.00768297
-0.0112424
0.000626082
0.000576986
0.000438289
0.000263721
8.92461e-05
-5.59483e-05
-0.000189125
-0.000319945
-0.000468309
-0.000646888
-0.000864696
-0.00113139
-0.00146245
-0.00188135
-0.00242216
-0.00313799
-0.00412269
-0.00554462
-0.00771995
-0.0112853
0.000621582
0.000567021
0.00042187
0.000240707
6.10942e-05
-8.60853e-05
-0.000216944
-0.000341496
-0.000481068
-0.000650608
-0.000859892
-0.0011194
-0.0014445
-0.00186028
-0.00240188
-0.00312384
-0.00411824
-0.00555081
-0.00773635
-0.0113115
0.000607711
0.000549773
0.000401577
0.000216772
3.37458e-05
-0.000114901
-0.000243203
-0.000361081
-0.000490823
-0.000649504
-0.000849289
-0.00110063
-0.00141625
-0.00181816
-0.002342
-0.00304586
-0.00402665
-0.0054551
-0.00764717
-0.0112345
0.000582686
0.000524612
0.000376572
0.000191612
7.27846e-06
-0.000142569
-0.000269217
-0.000380769
-0.000498018
-0.000640034
-0.000823604
-0.00106519
-0.00138237
-0.00179639
-0.00233667
-0.0030529
-0.00403466
-0.00545062
-0.00762321
-0.0111993
0.000543185
0.000489155
0.00034677
0.000165377
-1.75891e-05
-0.000167736
-0.000294531
-0.000403476
-0.000512501
-0.00063472
-0.000781374
-0.00096929
-0.00122148
-0.00156969
-0.00205592
-0.00274203
-0.00372348
-0.00516207
-0.00736495
-0.010965
0.000487722
0.000438976
0.000307212
0.000135824
-4.0043e-05
-0.000184665
-0.000305803
-0.00041036
-0.000519912
-0.000652458
-0.00082044
-0.0010351
-0.00131122
-0.00166974
-0.00214221
-0.00278192
-0.00368897
-0.0050504
-0.00719559
-0.0107588
0.000421447
0.000379786
0.000251855
8.38003e-05
-8.99843e-05
-0.000230417
-0.000336471
-0.000404916
-0.000453448
-0.000500142
-0.000562897
-0.0006619
-0.000823808
-0.00108412
-0.0014901
-0.0021083
-0.00303906
-0.00444812
-0.00666697
-0.0103589
0.000319395
0.000313966
0.000228688
7.85319e-05
-0.000100807
-0.000264677
-0.000417927
-0.000552314
-0.000680957
-0.000806342
-0.000934895
-0.00107046
-0.0012278
-0.00142732
-0.00170297
-0.00210502
-0.00273045
-0.00375764
-0.00552645
-0.00873943
0.000214987
0.000152977
5.91749e-05
-4.10006e-05
-0.000131134
-0.000189226
-0.0002259
-0.000238868
-0.00023483
-0.000219442
-0.00020217
-0.000202585
-0.000252491
-0.000394909
-0.000683638
-0.00119254
-0.00204101
-0.00343586
-0.00574136
-0.00968564
0.000176052
0.000137223
2.11813e-05
-0.000124925
-0.000296653
-0.000497789
-0.000729307
-0.000976026
-0.00120823
-0.00138176
-0.00143752
-0.00136209
-0.00126264
-0.0012525
-0.00134312
-0.00141752
-0.00124123
-0.000473876
0.00135756
0.00502451
-0.000206955
-0.000248852
-0.00018632
-6.98247e-05
5.67776e-05
0.00016056
0.000194405
0.000187431
0.000195133
0.000247117
0.000330813
0.00040203
0.000407477
0.000299372
1.80119e-05
-0.000509257
-0.0014267
-0.00296692
-0.00548636
-0.00958599
-0.000122446
-0.000135576
-0.000263835
-0.000446211
-0.000656019
-0.000853664
-0.000999782
-0.0010327
-0.000957983
-0.000847616
-0.000753459
-0.000679366
-0.00059057
-0.000441238
-0.000157965
0.00035136
0.00125147
0.00277339
0.00528386
0.00945061
-0.000666582
-0.000651929
-0.000463186
-0.000181337
0.000128213
0.000417969
0.000618071
0.000701411
0.000715924
0.00074444
0.000831757
0.000959437
0.00106644
0.00107606
0.000900936
0.000431706
-0.000487886
-0.00206806
-0.00464956
-0.00887378
-0.0005852
-0.000603714
-0.000696068
-0.00079732
-0.000853391
-0.000833155
-0.000772738
-0.000689218
-0.000582512
-0.000433043
-0.000214741
9.24315e-05
0.000505202
0.00104276
0.00173998
0.00265665
0.00389995
0.00565594
0.00826259
0.0123819
-0.00106459
-0.00100809
-0.000789098
-0.00049168
-0.000175961
0.000152204
0.000474477
0.000780527
0.00102489
0.00117477
0.00130143
0.00151376
0.00184197
0.00221001
0.00247213
0.00247269
0.00204684
0.000975048
-0.00112149
-0.00495329
-0.00111399
-0.00111145
-0.00107828
-0.00105363
-0.00107218
-0.00110618
-0.00111669
-0.00103253
-0.000808556
-0.000410343
0.000179435
0.000969146
0.0019605
0.00316211
0.00458102
0.00622524
0.00812622
0.0103865
0.0132681
0.0173679
-0.0077036
-0.00693873
-0.0042251
-0.00156721
0.00049804
0.00192469
0.00278607
0.0031631
0.00311994
0.00273131
0.00210531
0.00137288
0.00065057
1.54274e-05
-0.00049709
-0.000883094
-0.00115978
-0.0013557
-0.00150136
-0.00162336
-0.0017417
-0.00186987
-0.0020155
-0.00218218
-0.00237031
-0.00257884
-0.00280555
-0.00304815
-0.003304
-0.00357102
-0.00384737
-0.00413201
-0.00442426
-0.00472405
-0.00503162
-0.00534754
-0.00567269
-0.00600799
-0.00635463
-0.00671364
-0.00708612
-0.0074729
-0.00787471
-0.00829211
-0.0087253
-0.00917424
-0.00963792
-0.0101149
-0.0106017
-0.0110943
-0.0115859
-0.0120697
-0.0125367
-0.0129775
-0.013383
-0.0137445
-0.014057
-0.0143172
-0.0145258
-0.014688
-0.0148103
-0.0149029
-0.0149764
-0.0150404
-0.0151034
-0.0151733
-0.0152539
-0.0153495
-0.0154627
-0.0155934
-0.015742
-0.0159086
-0.0160914
-0.0162895
-0.0165017
-0.0167273
-0.016964
-0.0172111
-0.0174673
-0.0177312
-0.0180015
-0.0182771
-0.0185575
-0.0188421
-0.0191303
-0.0194222
-0.0197174
-0.0200163
-0.020319
-0.0206258
-0.0209363
-0.0212505
-0.021567
-0.0218857
-0.0222058
-0.0225281
-0.0228525
-0.0231815
-0.023514
-0.0238518
-0.0241935
-0.0245381
-0.0248853
-0.0252335
-0.0255821
-0.0259341
-0.0262878
-0.0266473
-0.0270124
-0.027381
-0.0277529
-0.0281264
-0.0284982
-0.0288728
-0.0292493
-0.0296314
-0.0300204
-0.0304138
-0.0308083
-0.0312042
-0.0315981
-0.0319951
-0.0323966
-0.0328055
-0.0332211
-0.0336364
-0.0340482
-0.0344656
-0.0348857
-0.0353114
-0.0357412
-0.0361712
-0.0366059
-0.0370469
-0.037481
-0.0379221
-0.0383724
-0.0388225
-0.0392748
-0.0397296
-0.0401808
-0.0406499
-0.0411222
-0.0415774
-0.0420402
-0.0425284
-0.0430094
-0.0434849
-0.0439614
-0.0444378
-0.0449313
-0.0454503
-0.0459412
-0.0464074
-0.0469082
-0.0474446
-0.0479503
-0.0484394
-0.0489549
-0.0494895
-0.0500051
-0.0505211
-0.0510504
-0.0515874
-0.0521173
-0.052654
-0.053195
-0.0537423
-0.0542868
-0.0548389
-0.0553923
-0.0559532
-0.0565121
-0.0570785
-0.0576448
-0.0582193
-0.058792
-0.0593731
-0.0599523
-0.0605397
-0.0611248
-0.0617196
-0.0623109
-0.062911
-0.0635068
-0.0641122
-0.0647118
-0.0653203
-0.0659208
-0.0665301
-0.0671282
-0.0677333
-0.0683221
-0.0689147
-0.0694821
-0.0700456
-0.0705661
-0.0710666
-0.0714775
-0.0718508
-0.00829176
-0.00737298
-0.00449944
-0.00175192
0.000411968
0.00194402
0.00287318
0.00325914
0.00318213
0.00275093
0.0020978
0.00135562
0.000633382
9.89984e-07
-0.000510103
-0.00089672
-0.00117503
-0.00137239
-0.00151859
-0.0016402
-0.00175753
-0.00188452
-0.00202909
-0.00219503
-0.00238271
-0.00259108
-0.00281776
-0.00306041
-0.0033163
-0.00358332
-0.00385959
-0.00414405
-0.00443608
-0.00473553
-0.00504272
-0.00535813
-0.00568273
-0.00601733
-0.00636319
-0.00672127
-0.00709267
-0.00747825
-0.00787863
-0.00829445
-0.00872571
-0.00917258
-0.00963371
-0.0101078
-0.0105909
-0.0110796
-0.0115673
-0.0120473
-0.012511
-0.0129495
-0.0133544
-0.0137168
-0.0140309
-0.0142935
-0.0145046
-0.0146694
-0.0147941
-0.0148889
-0.0149644
-0.0150302
-0.0150947
-0.0151661
-0.0152478
-0.015344
-0.0154578
-0.0155893
-0.0157381
-0.0159049
-0.0160881
-0.0162864
-0.0164987
-0.0167245
-0.0169613
-0.0172084
-0.0174646
-0.0177286
-0.0179989
-0.0182745
-0.0185549
-0.0188397
-0.0191278
-0.0194199
-0.0197151
-0.0200142
-0.0203169
-0.0206238
-0.0209343
-0.0212485
-0.0215651
-0.0218838
-0.0222041
-0.0225264
-0.022851
-0.02318
-0.0235125
-0.0238504
-0.0241921
-0.0245367
-0.0248839
-0.0252322
-0.0255809
-0.025933
-0.0262868
-0.0266462
-0.0270114
-0.02738
-0.0277519
-0.0281254
-0.0284973
-0.028872
-0.0292485
-0.0296306
-0.0300197
-0.0304131
-0.0308076
-0.0312035
-0.0315974
-0.0319945
-0.0323959
-0.0328049
-0.0332206
-0.0336359
-0.0340476
-0.034465
-0.0348852
-0.0353109
-0.0357407
-0.0361707
-0.0366055
-0.0370465
-0.0374806
-0.0379217
-0.0383721
-0.0388222
-0.0392745
-0.0397292
-0.0401804
-0.0406496
-0.041122
-0.0415771
-0.0420398
-0.0425282
-0.0430092
-0.0434847
-0.0439611
-0.0444375
-0.044931
-0.0454502
-0.0459411
-0.046407
-0.046908
-0.0474445
-0.0479503
-0.0484391
-0.0489548
-0.0494894
-0.050005
-0.0505209
-0.0510503
-0.0515874
-0.0521172
-0.0526538
-0.0531949
-0.0537422
-0.0542867
-0.0548389
-0.0553922
-0.0559532
-0.056512
-0.0570784
-0.0576447
-0.0582192
-0.0587919
-0.0593731
-0.0599522
-0.0605397
-0.0611248
-0.0617195
-0.0623109
-0.0629109
-0.0635068
-0.0641122
-0.0647118
-0.0653203
-0.0659208
-0.06653
-0.0671282
-0.0677333
-0.0683221
-0.0689147
-0.0694821
-0.0700457
-0.0705661
-0.0710669
-0.0714786
-0.0718512
-0.00828694
-0.00778795
-0.00515774
-0.0023533
7.00099e-05
0.00187484
0.00298801
0.00342431
0.00329668
0.00278764
0.00208096
0.00131962
0.000599311
-2.48733e-05
-0.000529537
-0.000913631
-0.00119235
-0.00139105
-0.00153805
-0.0016594
-0.00177558
-0.00190106
-0.00204424
-0.00220921
-0.00239646
-0.00260485
-0.00283188
-0.00307502
-0.00333145
-0.00359892
-0.00387553
-0.00416017
-0.00445223
-0.00475155
-0.00505845
-0.00537343
-0.00569738
-0.00603119
-0.00637598
-0.0067328
-0.0071026
-0.00748631
-0.00788438
-0.0082975
-0.00872544
-0.00916829
-0.00962437
-0.0100922
-0.010568
-0.0110481
-0.0115269
-0.0119977
-0.0124531
-0.0128843
-0.0132835
-0.0136425
-0.0139559
-0.0142207
-0.0144367
-0.0146084
-0.0147416
-0.0148453
-0.014929
-0.0150027
-0.0150738
-0.0151502
-0.0152365
-0.015336
-0.015452
-0.0155857
-0.0157366
-0.0159049
-0.0160893
-0.0162886
-0.0165012
-0.0167271
-0.016964
-0.017211
-0.0174668
-0.0177304
-0.0180003
-0.0182755
-0.0185554
-0.0188398
-0.0191278
-0.0194198
-0.0197151
-0.0200142
-0.020317
-0.0206238
-0.0209342
-0.021248
-0.0215642
-0.0218827
-0.0222028
-0.0225253
-0.0228501
-0.0231794
-0.0235121
-0.02385
-0.0241915
-0.0245357
-0.0248826
-0.0252308
-0.0255795
-0.025932
-0.0262861
-0.0266457
-0.0270108
-0.0273791
-0.0277507
-0.028124
-0.0284959
-0.0288709
-0.0292478
-0.0296301
-0.030019
-0.0304121
-0.0308064
-0.0312023
-0.0315963
-0.0319937
-0.0323954
-0.0328043
-0.0332197
-0.0336348
-0.0340466
-0.0344642
-0.0348844
-0.0353103
-0.0357401
-0.0361699
-0.0366046
-0.0370457
-0.0374799
-0.0379211
-0.0383715
-0.0388214
-0.0392738
-0.0397287
-0.0401798
-0.040649
-0.0411215
-0.0415765
-0.0420393
-0.0425277
-0.0430086
-0.0434841
-0.0439608
-0.0444371
-0.0449305
-0.0454498
-0.0459408
-0.0464066
-0.0469076
-0.0474443
-0.0479499
-0.0484388
-0.0489545
-0.0494892
-0.0500047
-0.0505207
-0.0510501
-0.0515872
-0.052117
-0.0526536
-0.0531947
-0.053742
-0.0542866
-0.0548387
-0.0553921
-0.055953
-0.0565119
-0.0570783
-0.0576446
-0.0582191
-0.0587919
-0.059373
-0.0599522
-0.0605396
-0.0611247
-0.0617195
-0.0623109
-0.0629109
-0.0635068
-0.0641122
-0.0647119
-0.0653203
-0.0659209
-0.0665301
-0.0671284
-0.0677335
-0.0683225
-0.0689151
-0.0694827
-0.0700467
-0.0705676
-0.071069
-0.0714856
-0.071858
-0.00615766
-0.00638759
-0.0056259
-0.00333557
-0.000561116
0.00167271
0.00303375
0.00352239
0.00334075
0.00276151
0.0020105
0.00123635
0.000523619
-8.61163e-05
-0.000578008
-0.000954171
-0.00122947
-0.00142717
-0.00157356
-0.00169357
-0.00180754
-0.00193031
-0.00207088
-0.00223371
-0.00241955
-0.0026272
-0.00285406
-0.00309735
-0.00335409
-0.00362186
-0.00389867
-0.00418335
-0.00447526
-0.0047743
-0.00508068
-0.00539499
-0.00571801
-0.0060507
-0.006394
-0.00674903
-0.00711656
-0.00749759
-0.00789238
-0.00830159
-0.00872483
-0.00916201
-0.00961146
-0.0100715
-0.0105388
-0.0110094
-0.0114782
-0.0119387
-0.0123843
-0.0128071
-0.0131996
-0.0135549
-0.0138676
-0.0141353
-0.0143574
-0.0145373
-0.0146802
-0.0147941
-0.0148874
-0.0149697
-0.0150484
-0.0151308
-0.0152221
-0.0153259
-0.015445
-0.0155813
-0.0157344
-0.0159041
-0.0160895
-0.0162897
-0.0165028
-0.0167288
-0.0169657
-0.0172126
-0.017468
-0.017731
-0.0180003
-0.0182749
-0.0185543
-0.0188382
-0.0191259
-0.0194179
-0.0197132
-0.0200127
-0.0203155
-0.0206224
-0.0209325
-0.0212459
-0.0215616
-0.0218796
-0.0221996
-0.0225223
-0.0228476
-0.0231776
-0.0235107
-0.0238486
-0.0241899
-0.0245335
-0.0248799
-0.0252278
-0.0255767
-0.0259297
-0.0262845
-0.0266445
-0.0270096
-0.0273775
-0.0277484
-0.0281213
-0.0284934
-0.0288688
-0.0292464
-0.0296291
-0.0300179
-0.0304106
-0.0308043
-0.0311999
-0.0315943
-0.0319923
-0.0323944
-0.0328033
-0.0332183
-0.0336331
-0.0340448
-0.0344626
-0.0348832
-0.0353093
-0.035739
-0.0361687
-0.0366031
-0.0370443
-0.0374787
-0.0379201
-0.0383704
-0.0388203
-0.0392725
-0.0397275
-0.0401788
-0.0406479
-0.0411203
-0.0415756
-0.0420385
-0.0425266
-0.0430074
-0.0434831
-0.0439601
-0.0444366
-0.0449296
-0.0454484
-0.0459397
-0.0464062
-0.0469072
-0.0474433
-0.047949
-0.0484382
-0.048954
-0.0494885
-0.050004
-0.0505201
-0.0510496
-0.0515866
-0.0521164
-0.0526532
-0.0531943
-0.0537415
-0.0542862
-0.0548383
-0.0553917
-0.0559526
-0.0565116
-0.0570779
-0.0576444
-0.0582188
-0.0587916
-0.0593727
-0.059952
-0.0605394
-0.0611246
-0.0617193
-0.0623108
-0.0629107
-0.0635068
-0.0641121
-0.0647119
-0.0653203
-0.0659212
-0.0665302
-0.0671289
-0.0677338
-0.0683233
-0.0689159
-0.0694843
-0.0700485
-0.0705713
-0.0710736
-0.071499
-0.0718728
-0.00905884
-0.00868497
-0.00602938
-0.00291452
-8.91732e-05
0.00200971
0.00324636
0.00364606
0.00340334
0.00278097
0.00200119
0.00121223
0.000495757
-0.000111601
-0.000599403
-0.000972572
-0.00124702
-0.00144548
-0.00159299
-0.00171351
-0.00182702
-0.00194858
-0.00208766
-0.00224918
-0.00243423
-0.0026417
-0.00286894
-0.00311299
-0.00337066
-0.00363936
-0.00391695
-0.00420221
-0.00449443
-0.00479353
-0.00509968
-0.0054135
-0.00573571
-0.00606728
-0.00640908
-0.00676219
-0.00712732
-0.00750538
-0.00789659
-0.00830142
-0.0087194
-0.00915025
-0.00959239
-0.010044
-0.010502
-0.0109625
-0.0114207
-0.0118707
-0.0123063
-0.0127205
-0.0131065
-0.0134582
-0.0137706
-0.0140413
-0.0142697
-0.0144581
-0.0146111
-0.0147356
-0.0148392
-0.0149308
-0.0150179
-0.0151072
-0.0152043
-0.015313
-0.015436
-0.015575
-0.0157303
-0.0159017
-0.0160881
-0.0162892
-0.016503
-0.0167293
-0.0169664
-0.0172133
-0.0174684
-0.0177309
-0.0179996
-0.0182737
-0.0185524
-0.0188359
-0.0191234
-0.0194154
-0.019711
-0.0200108
-0.0203139
-0.0206208
-0.0209306
-0.0212435
-0.0215586
-0.0218761
-0.0221959
-0.0225189
-0.0228447
-0.0231754
-0.0235091
-0.023847
-0.0241881
-0.024531
-0.0248765
-0.0252242
-0.0255732
-0.0259269
-0.0262827
-0.0266431
-0.0270083
-0.0273756
-0.0277455
-0.0281179
-0.02849
-0.0288661
-0.0292447
-0.029628
-0.0300166
-0.0304086
-0.0308014
-0.0311968
-0.0315915
-0.0319905
-0.0323933
-0.0328019
-0.0332164
-0.0336307
-0.0340422
-0.0344604
-0.0348816
-0.0353077
-0.0357375
-0.0361669
-0.0366008
-0.0370422
-0.0374771
-0.0379185
-0.0383689
-0.0388186
-0.0392705
-0.0397258
-0.0401775
-0.0406462
-0.0411185
-0.0415743
-0.0420372
-0.0425249
-0.0430056
-0.0434813
-0.0439588
-0.0444359
-0.0449284
-0.0454461
-0.0459379
-0.0464057
-0.0469065
-0.0474415
-0.0479474
-0.0484374
-0.0489531
-0.0494871
-0.0500028
-0.0505192
-0.0510487
-0.0515855
-0.0521156
-0.0526523
-0.0531934
-0.0537406
-0.0542855
-0.0548375
-0.055391
-0.0559519
-0.056511
-0.0570773
-0.0576439
-0.0582182
-0.0587912
-0.0593722
-0.0599516
-0.0605389
-0.0611243
-0.0617188
-0.0623107
-0.0629104
-0.0635068
-0.0641119
-0.0647121
-0.0653202
-0.0659215
-0.0665303
-0.0671296
-0.0677343
-0.0683247
-0.0689171
-0.0694871
-0.0700512
-0.0705776
-0.071081
-0.0715182
-0.0718963
-0.00991641
-0.00908643
-0.00570091
-0.00223644
0.000517247
0.00240696
0.0034368
0.00371299
0.0034154
0.00276716
0.00197377
0.00117739
0.000457665
-0.000149881
-0.000635944
-0.00100666
-0.00127898
-0.00147596
-0.00162236
-0.00174169
-0.00185366
-0.00197333
-0.00211041
-0.00227015
-0.00245385
-0.00266058
-0.00288766
-0.00313204
-0.00339034
-0.00365976
-0.003938
-0.00422374
-0.00451618
-0.00481521
-0.00512097
-0.00543407
-0.00575522
-0.00608538
-0.00642537
-0.00677622
-0.00713858
-0.00751328
-0.00790045
-0.00830045
-0.0087127
-0.00913679
-0.00957122
-0.0100141
-0.0104625
-0.0109127
-0.0113603
-0.0117999
-0.0122257
-0.0126316
-0.0130112
-0.0133593
-0.0136713
-0.0139449
-0.0141792
-0.014376
-0.0145389
-0.0146742
-0.0147884
-0.0148898
-0.0149856
-0.0150823
-0.0151855
-0.0152992
-0.0154261
-0.0155681
-0.0157256
-0.0158986
-0.0160863
-0.0162884
-0.016503
-0.0167297
-0.016967
-0.0172139
-0.0174689
-0.0177309
-0.017999
-0.0182724
-0.0185505
-0.0188336
-0.0191209
-0.0194129
-0.0197088
-0.0200089
-0.0203123
-0.0206192
-0.0209288
-0.0212409
-0.0215554
-0.0218723
-0.0221918
-0.0225152
-0.0228416
-0.0231732
-0.0235076
-0.0238455
-0.0241861
-0.0245283
-0.0248727
-0.0252201
-0.0255693
-0.0259238
-0.0262808
-0.0266417
-0.0270069
-0.0273735
-0.0277421
-0.0281139
-0.0284862
-0.0288631
-0.0292428
-0.0296267
-0.0300151
-0.0304062
-0.0307981
-0.0311931
-0.0315884
-0.0319884
-0.032392
-0.0328004
-0.0332142
-0.0336279
-0.0340391
-0.0344579
-0.0348797
-0.035306
-0.0357358
-0.0361648
-0.0365982
-0.0370396
-0.0374751
-0.0379168
-0.0383672
-0.0388165
-0.039268
-0.0397237
-0.0401759
-0.0406441
-0.0411163
-0.0415726
-0.0420355
-0.0425229
-0.0430035
-0.0434792
-0.0439572
-0.044435
-0.0449269
-0.045443
-0.0459356
-0.0464051
-0.0469057
-0.0474391
-0.0479454
-0.0484364
-0.048952
-0.0494852
-0.0500014
-0.0505181
-0.0510475
-0.051584
-0.0521144
-0.0526512
-0.0531924
-0.0537394
-0.0542845
-0.0548365
-0.0553902
-0.0559509
-0.0565102
-0.0570764
-0.0576432
-0.0582174
-0.0587906
-0.0593714
-0.0599511
-0.0605382
-0.061124
-0.0617182
-0.0623104
-0.0629099
-0.0635067
-0.0641115
-0.0647122
-0.06532
-0.065922
-0.0665304
-0.0671306
-0.0677348
-0.0683266
-0.0689185
-0.0694908
-0.0700547
-0.0705859
-0.0710913
-0.0715407
-0.0719262
-0.0102896
-0.00956288
-0.00599936
-0.00231211
0.000576938
0.00250655
0.00349753
0.00370928
0.00337077
0.00271015
0.00191585
0.00111978
0.000399627
-0.000208117
-0.000693173
-0.00106115
-0.00132946
-0.00152206
-0.00166444
-0.00178031
-0.00188922
-0.00200609
-0.00214053
-0.00229789
-0.0024796
-0.0026849
-0.00291117
-0.00315532
-0.00341383
-0.00368369
-0.00396242
-0.00424849
-0.00454105
-0.00483985
-0.00514506
-0.0054572
-0.00577703
-0.00610546
-0.0064433
-0.00679152
-0.00715069
-0.00752161
-0.0079043
-0.00829903
-0.00870516
-0.00912217
-0.00954859
-0.00998254
-0.0104212
-0.0108611
-0.0112982
-0.0117274
-0.0121437
-0.0125413
-0.0129148
-0.0132593
-0.0135706
-0.0138467
-0.0140864
-0.0142913
-0.014464
-0.0146099
-0.014735
-0.0148465
-0.0149514
-0.0150559
-0.0151655
-0.0152844
-0.0154154
-0.0155604
-0.0157201
-0.0158949
-0.0160839
-0.016287
-0.0165025
-0.0167299
-0.0169676
-0.0172146
-0.0174694
-0.017731
-0.0179984
-0.0182711
-0.0185486
-0.0188312
-0.0191182
-0.0194104
-0.0197066
-0.0200071
-0.0203108
-0.0206176
-0.0209268
-0.0212382
-0.0215518
-0.0218682
-0.0221874
-0.0225112
-0.0228384
-0.0231708
-0.023506
-0.0238438
-0.024184
-0.0245252
-0.0248685
-0.0252156
-0.0255651
-0.0259205
-0.0262788
-0.0266402
-0.0270052
-0.0273711
-0.0277384
-0.0281096
-0.0284821
-0.0288599
-0.0292409
-0.0296254
-0.0300135
-0.0304036
-0.0307945
-0.0311892
-0.031585
-0.0319861
-0.0323906
-0.0327988
-0.0332117
-0.0336247
-0.0340359
-0.034455
-0.0348777
-0.0353042
-0.0357339
-0.0361625
-0.0365953
-0.0370367
-0.037473
-0.037915
-0.0383653
-0.0388143
-0.0392654
-0.0397214
-0.0401742
-0.0406419
-0.0411139
-0.0415708
-0.0420338
-0.0425205
-0.0430012
-0.0434769
-0.0439555
-0.0444339
-0.0449252
-0.0454398
-0.0459332
-0.0464044
-0.0469047
-0.0474364
-0.0479432
-0.0484353
-0.0489508
-0.0494831
-0.0499998
-0.0505169
-0.0510462
-0.0515824
-0.0521132
-0.0526499
-0.0531912
-0.053738
-0.0542835
-0.0548353
-0.0553892
-0.0559497
-0.0565094
-0.0570753
-0.0576425
-0.0582164
-0.05879
-0.0593704
-0.0599506
-0.0605374
-0.0611237
-0.0617175
-0.0623102
-0.0629093
-0.0635067
-0.064111
-0.0647125
-0.0653197
-0.0659227
-0.0665305
-0.0671319
-0.0677355
-0.068329
-0.0689203
-0.0694952
-0.0700592
-0.0705956
-0.0711039
-0.0715648
-0.0719599
-0.0108097
-0.0101478
-0.00648078
-0.00255072
0.00055388
0.00261203
0.00364066
0.00382683
0.00344
0.00273633
0.00191238
0.00109783
0.000366507
-0.000247579
-0.000735288
-0.0011029
-0.00136867
-0.00155768
-0.00169638
-0.00180904
-0.00191533
-0.00203003
-0.0021626
-0.00231834
-0.00249872
-0.0027031
-0.00292895
-0.0031732
-0.00343224
-0.0037029
-0.0039825
-0.0042693
-0.00456233
-0.00486124
-0.00516614
-0.00547752
-0.00579611
-0.00612285
-0.00645848
-0.00680397
-0.0071598
-0.00752674
-0.00790474
-0.008294
-0.00869381
-0.00910359
-0.00952186
-0.00994677
-0.0103757
-0.0108053
-0.011232
-0.011651
-0.0120578
-0.0124473
-0.0128146
-0.0131554
-0.0134659
-0.0137442
-0.0139889
-0.0142013
-0.0143835
-0.0145399
-0.014676
-0.014798
-0.0149125
-0.0150253
-0.0151418
-0.0152662
-0.0154014
-0.0155498
-0.015712
-0.0158888
-0.0160794
-0.0162838
-0.0165005
-0.0167287
-0.016967
-0.0172141
-0.0174689
-0.0177301
-0.0179969
-0.0182689
-0.0185458
-0.018828
-0.0191148
-0.0194071
-0.0197037
-0.0200047
-0.0203087
-0.0206155
-0.0209243
-0.0212349
-0.0215476
-0.0218634
-0.0221823
-0.0225067
-0.0228348
-0.0231681
-0.0235041
-0.0238418
-0.0241813
-0.0245215
-0.0248638
-0.0252106
-0.0255605
-0.0259169
-0.0262766
-0.0266386
-0.0270033
-0.0273683
-0.0277343
-0.0281048
-0.0284777
-0.0288565
-0.0292388
-0.0296239
-0.0300116
-0.0304006
-0.0307905
-0.0311849
-0.0315814
-0.0319837
-0.0323892
-0.032797
-0.0332089
-0.0336214
-0.0340323
-0.034452
-0.0348756
-0.0353022
-0.0357318
-0.03616
-0.0365921
-0.0370337
-0.0374709
-0.0379129
-0.0383632
-0.0388119
-0.0392625
-0.0397189
-0.0401724
-0.0406395
-0.0411114
-0.0415688
-0.0420318
-0.042518
-0.0429988
-0.0434745
-0.0439536
-0.0444326
-0.0449234
-0.0454365
-0.0459307
-0.0464036
-0.0469036
-0.0474336
-0.0479409
-0.0484341
-0.0489494
-0.0494809
-0.0499981
-0.0505155
-0.0510448
-0.0515806
-0.0521119
-0.0526485
-0.0531899
-0.0537365
-0.0542824
-0.054834
-0.0553881
-0.0559484
-0.0565085
-0.0570741
-0.0576417
-0.0582153
-0.0587893
-0.0593694
-0.0599501
-0.0605365
-0.0611233
-0.0617167
-0.06231
-0.0629086
-0.0635068
-0.0641105
-0.0647129
-0.0653195
-0.0659235
-0.0665306
-0.0671334
-0.0677363
-0.0683316
-0.0689225
-0.0695001
-0.0700646
-0.0706061
-0.0711184
-0.0715895
-0.0719954
-0.0112253
-0.0105771
-0.00682983
-0.00273719
0.000534185
0.00271916
0.00381258
0.00399378
0.00355821
0.00279581
0.00192372
0.00107696
0.000326633
-0.000297422
-0.00078873
-0.00115559
-0.00141792
-0.00160229
-0.00173618
-0.00184451
-0.00194714
-0.00205882
-0.00218889
-0.00234255
-0.00252129
-0.00272446
-0.00294963
-0.00319369
-0.00345303
-0.00372427
-0.00400458
-0.00429199
-0.0045854
-0.00488435
-0.00518886
-0.00549937
-0.00581654
-0.00614136
-0.00647448
-0.00681693
-0.00716906
-0.00753167
-0.00790463
-0.00828805
-0.00868123
-0.00908344
-0.00949333
-0.009909
-0.0103281
-0.0107474
-0.0111636
-0.0115725
-0.0119699
-0.0123514
-0.0127125
-0.0130496
-0.013359
-0.0136391
-0.0138885
-0.0141081
-0.0142995
-0.0144665
-0.0146135
-0.0147463
-0.0148707
-0.0149922
-0.015116
-0.0152463
-0.0153861
-0.0155381
-0.015703
-0.0158819
-0.0160743
-0.0162801
-0.016498
-0.0167272
-0.0169661
-0.0172135
-0.0174683
-0.0177291
-0.0179953
-0.0182666
-0.0185429
-0.0188246
-0.0191113
-0.0194038
-0.0197009
-0.0200023
-0.0203067
-0.0206133
-0.0209217
-0.0212314
-0.0215432
-0.0218584
-0.0221772
-0.0225021
-0.0228312
-0.0231654
-0.0235022
-0.0238397
-0.0241785
-0.0245177
-0.0248589
-0.0252055
-0.0255559
-0.0259133
-0.0262744
-0.0266369
-0.0270012
-0.0273653
-0.02773
-0.0280998
-0.0284731
-0.028853
-0.0292367
-0.0296224
-0.0300097
-0.0303975
-0.0307863
-0.0311805
-0.0315777
-0.0319812
-0.0323877
-0.0327951
-0.0332061
-0.0336178
-0.0340286
-0.0344489
-0.0348734
-0.0353002
-0.0357296
-0.0361573
-0.0365888
-0.0370305
-0.0374686
-0.0379107
-0.038361
-0.0388093
-0.0392596
-0.0397162
-0.0401705
-0.040637
-0.0411087
-0.0415666
-0.0420297
-0.0425153
-0.0429964
-0.0434719
-0.0439515
-0.0444312
-0.0449216
-0.045433
-0.0459279
-0.0464026
-0.0469024
-0.0474307
-0.0479385
-0.0484328
-0.048948
-0.0494785
-0.0499963
-0.050514
-0.0510433
-0.0515787
-0.0521105
-0.052647
-0.0531886
-0.0537349
-0.0542812
-0.0548327
-0.0553871
-0.055947
-0.0565075
-0.0570729
-0.0576409
-0.0582141
-0.0587886
-0.0593684
-0.0599495
-0.0605356
-0.061123
-0.0617159
-0.0623099
-0.0629079
-0.0635069
-0.06411
-0.0647133
-0.0653193
-0.0659244
-0.066531
-0.067135
-0.0677375
-0.0683344
-0.0689253
-0.0695053
-0.0700711
-0.0706173
-0.0711345
-0.0716148
-0.0720319
-0.0115735
-0.0109306
-0.00712786
-0.00292789
0.000463922
0.00274817
0.00390691
0.00410543
0.00364696
0.00284279
0.00192802
0.00104736
0.000274379
-0.000362322
-0.000858062
-0.00122357
-0.0014812
-0.00165942
-0.00178692
-0.00188933
-0.00198681
-0.00209419
-0.00222073
-0.00237156
-0.0025481
-0.00274965
-0.00297375
-0.00321725
-0.00347654
-0.00374807
-0.00402886
-0.00431671
-0.00461036
-0.00490923
-0.00521322
-0.00552272
-0.00583828
-0.00616093
-0.00649125
-0.00683029
-0.00717836
-0.00753624
-0.00790377
-0.00828097
-0.00866717
-0.00906155
-0.00946285
-0.00986917
-0.0102784
-0.0106874
-0.0110933
-0.0114922
-0.0118804
-0.012254
-0.012609
-0.0129422
-0.0132503
-0.0135319
-0.0137856
-0.014012
-0.0142123
-0.0143895
-0.0145475
-0.0146912
-0.0148257
-0.0149564
-0.0150878
-0.0152244
-0.0153691
-0.0155249
-0.0156927
-0.0158739
-0.0160682
-0.0162756
-0.0164948
-0.016725
-0.0169647
-0.0172125
-0.0174672
-0.0177278
-0.0179933
-0.018264
-0.0185396
-0.0188209
-0.0191076
-0.0194002
-0.0196978
-0.0199998
-0.0203046
-0.020611
-0.0209188
-0.0212277
-0.0215385
-0.0218531
-0.0221717
-0.0224972
-0.0228274
-0.0231625
-0.0235001
-0.0238375
-0.0241754
-0.0245137
-0.0248537
-0.0252
-0.0255511
-0.0259094
-0.026272
-0.026635
-0.0269989
-0.0273621
-0.0277255
-0.0280946
-0.0284684
-0.0288493
-0.0292344
-0.0296207
-0.0300075
-0.0303942
-0.0307819
-0.0311758
-0.0315738
-0.0319785
-0.032386
-0.032793
-0.033203
-0.033614
-0.0340248
-0.0344455
-0.034871
-0.035298
-0.0357273
-0.0361545
-0.0365855
-0.0370271
-0.0374661
-0.0379085
-0.0383587
-0.0388066
-0.0392565
-0.0397133
-0.0401684
-0.0406344
-0.0411058
-0.0415642
-0.0420276
-0.0425126
-0.0429937
-0.0434692
-0.0439493
-0.0444296
-0.0449196
-0.0454294
-0.0459251
-0.0464015
-0.0469012
-0.0474276
-0.047936
-0.0484314
-0.0489465
-0.049476
-0.0499944
-0.0505124
-0.0510417
-0.0515767
-0.0521091
-0.0526455
-0.0531872
-0.0537333
-0.0542801
-0.0548312
-0.055386
-0.0559456
-0.0565066
-0.0570717
-0.05764
-0.0582129
-0.0587879
-0.0593673
-0.059949
-0.0605347
-0.0611227
-0.0617151
-0.0623097
-0.0629073
-0.063507
-0.0641097
-0.0647137
-0.0653193
-0.0659253
-0.0665316
-0.0671367
-0.0677391
-0.0683374
-0.0689287
-0.069511
-0.0700787
-0.0706292
-0.0711519
-0.0716406
-0.0720688
-0.011884
-0.0112443
-0.00739931
-0.00312432
0.000350326
0.00271156
0.00393479
0.00416998
0.00371457
0.00288855
0.00194204
0.00103139
0.00023513
-0.000417254
-0.000921422
-0.00128931
-0.00154498
-0.00171856
-0.00184015
-0.0019364
-0.00202812
-0.0021304
-0.00225268
-0.00240005
-0.00257395
-0.00277356
-0.0029964
-0.00323921
-0.00349833
-0.00377009
-0.00405133
-0.00433964
-0.00463357
-0.00493241
-0.0052359
-0.0055444
-0.00585833
-0.00617871
-0.0065061
-0.00684152
-0.00718532
-0.00753816
-0.00789999
-0.0082707
-0.00864968
-0.00903604
-0.00942861
-0.00982556
-0.0102249
-0.0106238
-0.0110194
-0.0114085
-0.0117876
-0.0121535
-0.0125025
-0.0128318
-0.0131386
-0.0134214
-0.0136791
-0.0139118
-0.0141206
-0.0143077
-0.0144765
-0.014631
-0.0147759
-0.0149159
-0.0150554
-0.0151987
-0.0153488
-0.0155087
-0.0156797
-0.0158635
-0.0160599
-0.016269
-0.0164898
-0.0167212
-0.0169618
-0.0172101
-0.017465
-0.0177252
-0.0179903
-0.0182603
-0.0185353
-0.0188162
-0.0191029
-0.0193959
-0.0196942
-0.0199966
-0.0203019
-0.0206082
-0.0209154
-0.0212234
-0.0215331
-0.0218471
-0.0221656
-0.0224917
-0.0228232
-0.0231592
-0.0234976
-0.0238349
-0.0241719
-0.0245092
-0.024848
-0.025194
-0.0255459
-0.0259051
-0.0262692
-0.0266329
-0.0269963
-0.0273585
-0.0277207
-0.028089
-0.0284632
-0.0288452
-0.0292318
-0.0296187
-0.0300052
-0.0303907
-0.0307772
-0.0311709
-0.0315696
-0.0319753
-0.0323841
-0.0327909
-0.0331998
-0.0336101
-0.0340207
-0.0344418
-0.0348684
-0.0352957
-0.0357248
-0.0361515
-0.0365818
-0.0370234
-0.0374635
-0.0379061
-0.0383562
-0.0388038
-0.0392532
-0.0397102
-0.0401662
-0.0406316
-0.0411028
-0.0415618
-0.0420253
-0.0425096
-0.042991
-0.0434665
-0.0439469
-0.0444279
-0.0449175
-0.0454257
-0.0459222
-0.0464003
-0.0468998
-0.0474244
-0.0479334
-0.0484299
-0.0489449
-0.0494734
-0.0499925
-0.0505108
-0.0510401
-0.0515746
-0.0521075
-0.0526438
-0.0531857
-0.0537315
-0.0542788
-0.0548298
-0.0553848
-0.0559441
-0.0565055
-0.0570704
-0.0576391
-0.0582117
-0.0587872
-0.0593662
-0.0599484
-0.0605338
-0.0611223
-0.0617144
-0.0623095
-0.0629069
-0.0635071
-0.0641095
-0.0647141
-0.0653196
-0.0659263
-0.0665325
-0.0671384
-0.0677411
-0.0683406
-0.0689329
-0.0695172
-0.0700874
-0.0706419
-0.0711703
-0.0716669
-0.0721062
-0.0121684
-0.0115298
-0.00765124
-0.00332131
0.000216228
0.0026406
0.00392336
0.00420176
0.00376402
0.00293204
0.00196597
0.00103096
0.000211662
-0.000459409
-0.000976704
-0.00135168
-0.00160905
-0.00178034
-0.00189722
-0.00198767
-0.00207341
-0.00217006
-0.00228738
-0.00243058
-0.00260122
-0.0027984
-0.00301963
-0.00326148
-0.00352022
-0.00379205
-0.00407361
-0.00436233
-0.00465648
-0.00495527
-0.00525821
-0.00556566
-0.00587788
-0.00619589
-0.00652021
-0.0068518
-0.00719107
-0.0075386
-0.00789446
-0.0082584
-0.00862992
-0.00900804
-0.00939171
-0.00977921
-0.0101686
-0.0105574
-0.0109428
-0.0113223
-0.0116926
-0.012051
-0.0123941
-0.0127195
-0.0130249
-0.0133088
-0.0135702
-0.0138089
-0.0140257
-0.0142224
-0.0144017
-0.014567
-0.0147223
-0.0148719
-0.0150198
-0.0151701
-0.0153259
-0.0154903
-0.015665
-0.0158516
-0.0160503
-0.0162614
-0.0164838
-0.0167166
-0.0169582
-0.0172071
-0.0174621
-0.0177222
-0.0179867
-0.0182561
-0.0185305
-0.0188112
-0.019098
-0.0193914
-0.0196904
-0.0199935
-0.0202991
-0.0206053
-0.0209118
-0.0212188
-0.0215274
-0.0218408
-0.0221594
-0.022486
-0.0228189
-0.0231559
-0.023495
-0.0238322
-0.0241682
-0.0245044
-0.0248422
-0.0251877
-0.0255405
-0.0259008
-0.0262662
-0.0266307
-0.0269937
-0.0273548
-0.0277158
-0.0280832
-0.0284578
-0.0288409
-0.029229
-0.0296166
-0.0300029
-0.0303871
-0.0307724
-0.0311657
-0.0315652
-0.0319721
-0.0323821
-0.0327887
-0.0331965
-0.033606
-0.0340164
-0.0344378
-0.0348656
-0.0352933
-0.0357223
-0.0361485
-0.036578
-0.0370194
-0.0374607
-0.0379036
-0.0383536
-0.0388008
-0.0392498
-0.0397069
-0.0401639
-0.0406288
-0.0410998
-0.0415592
-0.0420228
-0.0425064
-0.0429882
-0.0434637
-0.0439444
-0.0444259
-0.0449154
-0.045422
-0.0459192
-0.0463989
-0.0468983
-0.0474212
-0.0479307
-0.0484283
-0.0489433
-0.0494707
-0.0499904
-0.0505092
-0.0510384
-0.0515725
-0.052106
-0.0526422
-0.0531841
-0.0537297
-0.0542775
-0.0548283
-0.0553835
-0.0559426
-0.0565044
-0.0570691
-0.0576382
-0.0582105
-0.0587864
-0.0593652
-0.0599477
-0.060533
-0.0611219
-0.0617138
-0.0623092
-0.0629065
-0.0635071
-0.0641095
-0.0647145
-0.0653201
-0.0659273
-0.0665338
-0.0671403
-0.0677437
-0.0683442
-0.0689377
-0.069524
-0.070097
-0.0706555
-0.0711897
-0.0716938
-0.0721438
-0.0124315
-0.0117931
-0.0078873
-0.00351456
7.40393e-05
0.00255132
0.00388648
0.00420742
0.00379399
0.00296643
0.00199024
0.00103716
0.000197534
-0.000492473
-0.0010254
-0.00141098
-0.0016734
-0.00184499
-0.00195882
-0.00204423
-0.00212406
-0.00221469
-0.0023264
-0.00246468
-0.0026313
-0.00282541
-0.00304445
-0.00328489
-0.00354287
-0.00381446
-0.00409611
-0.00438506
-0.00467932
-0.00497793
-0.00528024
-0.00558652
-0.00589693
-0.00621243
-0.00653353
-0.00686109
-0.00719561
-0.00753756
-0.00788717
-0.0082441
-0.00860792
-0.00897762
-0.00935221
-0.00973017
-0.0101096
-0.0104884
-0.0108641
-0.0112342
-0.011596
-0.011947
-0.0122844
-0.0126061
-0.0129101
-0.0131948
-0.0134594
-0.0137037
-0.0139281
-0.0141339
-0.0143233
-0.0144992
-0.0146648
-0.0148241
-0.0149805
-0.0151382
-0.0153
-0.0154693
-0.0156479
-0.0158376
-0.016039
-0.0162522
-0.0164765
-0.0167107
-0.0169535
-0.0172031
-0.0174583
-0.0177182
-0.0179822
-0.018251
-0.0185249
-0.0188053
-0.0190924
-0.0193864
-0.0196863
-0.01999
-0.0202961
-0.0206021
-0.0209078
-0.0212138
-0.0215212
-0.0218339
-0.0221526
-0.0224799
-0.0228142
-0.0231523
-0.0234921
-0.0238294
-0.0241642
-0.0244992
-0.024836
-0.025181
-0.0255347
-0.0258962
-0.026263
-0.0266283
-0.0269908
-0.0273509
-0.0277105
-0.028077
-0.0284521
-0.0288364
-0.029226
-0.0296144
-0.0300003
-0.0303833
-0.0307672
-0.0311602
-0.0315606
-0.0319686
-0.03238
-0.0327865
-0.033193
-0.0336016
-0.0340119
-0.0344336
-0.0348627
-0.0352908
-0.0357196
-0.0361453
-0.036574
-0.0370152
-0.0374577
-0.0379011
-0.0383509
-0.0387976
-0.0392462
-0.0397034
-0.0401614
-0.0406259
-0.0410965
-0.0415564
-0.0420201
-0.0425032
-0.0429853
-0.0434608
-0.0439417
-0.0444238
-0.0449131
-0.0454182
-0.045916
-0.0463974
-0.0468967
-0.0474178
-0.0479279
-0.0484267
-0.0489414
-0.0494679
-0.0499883
-0.0505075
-0.0510365
-0.0515702
-0.0521042
-0.0526405
-0.0531825
-0.0537279
-0.054276
-0.0548268
-0.0553822
-0.0559412
-0.0565032
-0.0570679
-0.0576371
-0.0582094
-0.0587855
-0.0593643
-0.059947
-0.0605323
-0.0611214
-0.0617134
-0.0623089
-0.0629063
-0.0635072
-0.0641097
-0.064715
-0.0653209
-0.0659284
-0.0665354
-0.0671425
-0.0677466
-0.0683482
-0.0689432
-0.0695315
-0.0701075
-0.07067
-0.07121
-0.0717214
-0.0721816
-0.0126759
-0.0120383
-0.00810956
-0.00370124
-7.06141e-05
0.00245091
0.00383102
0.0041909
0.00380381
0.00298701
0.00200723
0.00104193
0.000186128
-0.000520757
-0.00106931
-0.00146719
-0.0017372
-0.00191166
-0.0020244
-0.00210589
-0.00218019
-0.00226459
-0.00237012
-0.00250273
-0.00266449
-0.00285473
-0.00307091
-0.00330939
-0.00356614
-0.00383712
-0.00411854
-0.00440748
-0.00470166
-0.00499995
-0.00530153
-0.00560649
-0.00591499
-0.00622782
-0.00654555
-0.00686892
-0.00719847
-0.00753464
-0.00787773
-0.00822746
-0.00858337
-0.00894453
-0.00930996
-0.00967838
-0.010048
-0.010417
-0.0107831
-0.0111441
-0.0114976
-0.0118415
-0.0121735
-0.0124916
-0.012794
-0.0130793
-0.0133468
-0.0135962
-0.0138276
-0.0140421
-0.0142411
-0.0144272
-0.014603
-0.0147719
-0.0149371
-0.0151023
-0.0152707
-0.0154452
-0.0156281
-0.0158213
-0.0160256
-0.0162413
-0.0164676
-0.0167035
-0.0169476
-0.0171979
-0.0174534
-0.017713
-0.0179765
-0.0182447
-0.0185182
-0.0187985
-0.019086
-0.0193807
-0.0196817
-0.0199862
-0.0202927
-0.0205985
-0.0209033
-0.0212081
-0.0215143
-0.0218263
-0.0221454
-0.0224733
-0.0228092
-0.0231485
-0.023489
-0.0238262
-0.0241598
-0.0244935
-0.0248294
-0.0251739
-0.0255286
-0.0258913
-0.0262596
-0.0266257
-0.0269878
-0.0273465
-0.0277049
-0.0280705
-0.028446
-0.0288316
-0.0292229
-0.029612
-0.0299976
-0.0303792
-0.0307617
-0.0311543
-0.0315557
-0.0319649
-0.0323776
-0.0327841
-0.0331892
-0.0335969
-0.0340072
-0.0344292
-0.0348595
-0.0352881
-0.0357167
-0.0361419
-0.0365699
-0.0370108
-0.0374545
-0.0378984
-0.0383481
-0.0387943
-0.0392424
-0.0396997
-0.0401587
-0.040623
-0.0410931
-0.0415534
-0.0420174
-0.0424998
-0.0429823
-0.0434578
-0.0439388
-0.0444215
-0.0449107
-0.0454144
-0.0459127
-0.0463958
-0.0468949
-0.0474144
-0.0479249
-0.048425
-0.0489395
-0.0494651
-0.049986
-0.0505057
-0.0510346
-0.051568
-0.0521024
-0.0526389
-0.0531807
-0.0537261
-0.0542745
-0.0548254
-0.0553807
-0.0559398
-0.056502
-0.0570667
-0.057636
-0.0582084
-0.0587846
-0.0593634
-0.0599462
-0.0605317
-0.0611209
-0.061713
-0.0623087
-0.0629063
-0.0635073
-0.0641101
-0.0647156
-0.0653218
-0.0659297
-0.0665373
-0.067145
-0.0677501
-0.0683527
-0.0689495
-0.0695399
-0.0701192
-0.0706857
-0.0712313
-0.0717497
-0.0722194
-0.0129025
-0.0122661
-0.00831793
-0.00387966
-0.0002142
0.00234428
0.00376246
0.0041566
0.00379483
0.00299154
0.00201365
0.00104133
0.000173725
-0.000546989
-0.00110971
-0.00152011
-0.00179923
-0.00197839
-0.00209184
-0.00217078
-0.00224037
-0.00231883
-0.00241801
-0.00254447
-0.00270071
-0.00288637
-0.00309897
-0.00333488
-0.00358985
-0.00385976
-0.00414057
-0.00442918
-0.00472305
-0.00502083
-0.00532154
-0.00562507
-0.00593154
-0.00624156
-0.0065558
-0.00687482
-0.00719924
-0.00752945
-0.00786581
-0.00820816
-0.008556
-0.00890858
-0.00926487
-0.00962381
-0.00998378
-0.0103431
-0.0106998
-0.011052
-0.0113976
-0.0117347
-0.0120614
-0.0123759
-0.0126767
-0.0129624
-0.0132326
-0.0134866
-0.0137246
-0.0139471
-0.0141553
-0.0143511
-0.0145368
-0.0147152
-0.0148892
-0.0150622
-0.0152374
-0.0154176
-0.0156052
-0.0158023
-0.0160099
-0.0162282
-0.016457
-0.0166947
-0.0169401
-0.0171914
-0.0174471
-0.0177065
-0.0179696
-0.0182372
-0.0185104
-0.0187906
-0.0190788
-0.0193744
-0.0196765
-0.019982
-0.0202888
-0.0205945
-0.0208983
-0.0212018
-0.0215068
-0.0218181
-0.0221376
-0.0224664
-0.0228038
-0.0231445
-0.0234855
-0.0238226
-0.0241551
-0.0244873
-0.0248223
-0.0251664
-0.0255221
-0.0258862
-0.0262558
-0.0266228
-0.0269845
-0.0273418
-0.0276989
-0.0280637
-0.0284396
-0.0288266
-0.0292196
-0.0296094
-0.0299946
-0.0303749
-0.030756
-0.0311483
-0.0315508
-0.031961
-0.032375
-0.0327815
-0.0331853
-0.033592
-0.0340023
-0.0344247
-0.0348561
-0.0352853
-0.0357136
-0.0361383
-0.0365657
-0.0370063
-0.0374511
-0.0378955
-0.038345
-0.038791
-0.0392386
-0.0396959
-0.0401559
-0.0406199
-0.0410895
-0.0415504
-0.0420145
-0.0424963
-0.042979
-0.0434548
-0.0439358
-0.0444191
-0.0449082
-0.0454106
-0.0459092
-0.0463941
-0.046893
-0.047411
-0.0479219
-0.0484232
-0.0489375
-0.0494623
-0.0499836
-0.050504
-0.0510325
-0.0515658
-0.0521006
-0.0526372
-0.0531789
-0.0537244
-0.054273
-0.0548239
-0.0553792
-0.0559384
-0.0565007
-0.0570656
-0.0576349
-0.0582074
-0.0587836
-0.0593626
-0.0599454
-0.0605311
-0.0611204
-0.0617127
-0.0623085
-0.0629064
-0.0635075
-0.0641106
-0.0647163
-0.065323
-0.0659313
-0.0665395
-0.0671479
-0.067754
-0.0683579
-0.0689565
-0.0695492
-0.0701318
-0.0707023
-0.0712535
-0.0717785
-0.0722571
-0.0131117
-0.0124764
-0.00851177
-0.00404841
-0.000354147
0.00223517
0.00368536
0.00410893
0.00377004
0.00298085
0.00200803
0.00103324
0.000157925
-0.000573292
-0.00114792
-0.00156993
-0.00185856
-0.00204371
-0.00215925
-0.00223699
-0.00230291
-0.00237612
-0.00246924
-0.00258946
-0.00273981
-0.0029203
-0.00312867
-0.00336134
-0.00361394
-0.00388221
-0.00416197
-0.00444984
-0.00474313
-0.00504014
-0.00533983
-0.00564178
-0.0059461
-0.0062532
-0.00656378
-0.00687836
-0.00719751
-0.00752167
-0.00785116
-0.00818602
-0.00852576
-0.00886975
-0.00921701
-0.00956657
-0.00991708
-0.010267
-0.0106147
-0.0109583
-0.0112963
-0.0116268
-0.0119484
-0.0122594
-0.0125585
-0.0128446
-0.013117
-0.0133753
-0.0136193
-0.0138493
-0.0140661
-0.0142711
-0.0144663
-0.0146539
-0.0148367
-0.0150177
-0.0151998
-0.0153861
-0.0155789
-0.0157803
-0.0159916
-0.016213
-0.0164444
-0.0166842
-0.0169312
-0.0171833
-0.0174394
-0.0176986
-0.0179612
-0.0182283
-0.0185012
-0.0187817
-0.0190706
-0.0193673
-0.0196707
-0.0199772
-0.0202845
-0.0205898
-0.0208926
-0.0211948
-0.0214988
-0.0218093
-0.0221293
-0.0224591
-0.022798
-0.0231401
-0.0234815
-0.0238185
-0.02415
-0.0244806
-0.024815
-0.0251588
-0.0255153
-0.0258809
-0.0262518
-0.0266196
-0.0269809
-0.0273368
-0.0276926
-0.0280567
-0.0284332
-0.0288213
-0.029216
-0.0296065
-0.0299912
-0.0303705
-0.0307502
-0.031142
-0.0315456
-0.0319569
-0.032372
-0.0327788
-0.0331813
-0.033587
-0.0339974
-0.03442
-0.0348525
-0.0352823
-0.0357103
-0.0361346
-0.0365614
-0.0370018
-0.0374475
-0.0378925
-0.0383418
-0.0387876
-0.0392347
-0.039692
-0.0401528
-0.0406167
-0.0410859
-0.0415474
-0.0420114
-0.0424926
-0.0429757
-0.0434518
-0.0439327
-0.0444165
-0.0449056
-0.0454068
-0.0459057
-0.0463923
-0.046891
-0.0474076
-0.0479187
-0.0484214
-0.0489354
-0.0494594
-0.0499811
-0.0505022
-0.0510304
-0.0515635
-0.0520986
-0.0526356
-0.053177
-0.0537226
-0.0542713
-0.0548225
-0.0553777
-0.055937
-0.0564994
-0.0570644
-0.0576337
-0.0582064
-0.0587827
-0.0593619
-0.0599448
-0.0605306
-0.0611201
-0.0617125
-0.0623084
-0.0629066
-0.0635079
-0.0641113
-0.0647173
-0.0653245
-0.0659333
-0.0665422
-0.0671513
-0.0677585
-0.0683638
-0.0689643
-0.0695595
-0.0701454
-0.0707201
-0.0712766
-0.071808
-0.0722948
-0.0133082
-0.0126713
-0.00869125
-0.00420658
-0.000488445
0.00212635
0.00360309
0.00405146
0.00373259
0.00295687
0.00199067
0.00101646
0.000136986
-0.000601583
-0.00118554
-0.0016175
-0.00191504
-0.00210664
-0.00222539
-0.00230311
-0.00236646
-0.0024353
-0.00252291
-0.00263715
-0.00278151
-0.00295646
-0.00316006
-0.00338883
-0.00363846
-0.0039045
-0.00418269
-0.00446937
-0.00476168
-0.00505764
-0.00535606
-0.0056563
-0.00595831
-0.00626243
-0.00656922
-0.0068793
-0.00719313
-0.0075112
-0.00783381
-0.00816112
-0.0084928
-0.00882821
-0.00916657
-0.00950689
-0.00984816
-0.0101889
-0.0105279
-0.0108633
-0.011194
-0.0115183
-0.0118349
-0.0121426
-0.01244
-0.0127263
-0.0130007
-0.0132628
-0.0135122
-0.0137491
-0.0139739
-0.0141876
-0.0143917
-0.0145883
-0.0147796
-0.0149685
-0.0151578
-0.0153505
-0.0155488
-0.015755
-0.0159705
-0.0161955
-0.0164298
-0.016672
-0.0169206
-0.0171737
-0.0174301
-0.0176891
-0.0179513
-0.0182179
-0.0184907
-0.0187715
-0.0190615
-0.0193595
-0.0196643
-0.0199719
-0.0202795
-0.0205845
-0.0208862
-0.0211871
-0.0214901
-0.0218001
-0.0221206
-0.0224516
-0.0227919
-0.0231352
-0.0234771
-0.0238137
-0.0241443
-0.0244736
-0.0248072
-0.0251511
-0.0255083
-0.0258753
-0.0262474
-0.0266157
-0.0269767
-0.0273316
-0.0276861
-0.0280498
-0.0284267
-0.0288158
-0.029212
-0.0296032
-0.0299873
-0.0303659
-0.0307445
-0.0311357
-0.0315403
-0.0319525
-0.0323685
-0.0327759
-0.0331772
-0.0335819
-0.0339923
-0.0344152
-0.0348485
-0.0352791
-0.0357069
-0.0361309
-0.036557
-0.036997
-0.0374437
-0.0378895
-0.0383383
-0.038784
-0.0392307
-0.039688
-0.0401495
-0.0406135
-0.0410821
-0.0415442
-0.0420082
-0.0424889
-0.0429723
-0.0434488
-0.0439294
-0.0444138
-0.0449029
-0.0454031
-0.0459021
-0.0463903
-0.0468889
-0.0474041
-0.0479155
-0.0484196
-0.0489332
-0.0494565
-0.0499786
-0.0505004
-0.0510283
-0.0515612
-0.0520967
-0.0526339
-0.0531751
-0.0537207
-0.0542697
-0.054821
-0.0553762
-0.0559356
-0.0564982
-0.0570633
-0.0576327
-0.0582055
-0.0587819
-0.0593612
-0.0599441
-0.0605302
-0.0611198
-0.0617125
-0.0623085
-0.0629069
-0.0635085
-0.0641123
-0.0647186
-0.0653263
-0.0659356
-0.0665452
-0.0671552
-0.0677637
-0.0683705
-0.0689731
-0.0695709
-0.0701601
-0.0707389
-0.0713006
-0.071838
-0.0723322
-0.0134876
-0.0128503
-0.00885695
-0.00435413
-0.000616127
0.00201968
0.00351832
0.00398734
0.00368558
0.00292212
0.00196297
0.000991084
0.000109993
-0.000633228
-0.00122399
-0.00166391
-0.00196915
-0.00216692
-0.00228937
-0.00236807
-0.00242984
-0.00249521
-0.00257806
-0.00268676
-0.00282532
-0.00299459
-0.00319304
-0.00341739
-0.00366346
-0.00392667
-0.00420273
-0.00448772
-0.00477861
-0.00507317
-0.00537001
-0.00566835
-0.0059679
-0.00626893
-0.00657188
-0.0068774
-0.00718591
-0.00749788
-0.00781367
-0.00813345
-0.00845713
-0.00878406
-0.00911368
-0.00944499
-0.00977728
-0.0101092
-0.0104398
-0.0107675
-0.0110911
-0.0114094
-0.0117213
-0.0120257
-0.0123215
-0.0126078
-0.0128839
-0.0131493
-0.0134037
-0.0136468
-0.0138789
-0.0141007
-0.0143133
-0.0145183
-0.0147179
-0.0149147
-0.0151112
-0.0153104
-0.0155147
-0.0157261
-0.0159462
-0.0161752
-0.016413
-0.0166578
-0.0169082
-0.0171623
-0.017419
-0.0176779
-0.0179395
-0.0182058
-0.0184787
-0.0187601
-0.0190513
-0.0193509
-0.0196572
-0.0199658
-0.0202737
-0.0205782
-0.0208789
-0.0211785
-0.0214807
-0.0217905
-0.0221116
-0.0224439
-0.0227853
-0.0231298
-0.023472
-0.0238081
-0.0241379
-0.0244662
-0.0247993
-0.0251433
-0.0255013
-0.0258695
-0.0262425
-0.0266111
-0.0269718
-0.027326
-0.0276795
-0.0280429
-0.0284203
-0.0288101
-0.0292074
-0.0295993
-0.029983
-0.0303613
-0.0307389
-0.0311294
-0.0315347
-0.0319478
-0.0323645
-0.0327726
-0.0331733
-0.033577
-0.0339871
-0.0344101
-0.034844
-0.0352757
-0.0357035
-0.0361272
-0.0365525
-0.036992
-0.0374396
-0.0378863
-0.0383348
-0.0387803
-0.0392266
-0.0396838
-0.0401461
-0.0406101
-0.0410782
-0.0415409
-0.0420051
-0.0424852
-0.0429687
-0.0434457
-0.0439261
-0.0444109
-0.0449001
-0.0453993
-0.0458984
-0.0463882
-0.0468867
-0.0474007
-0.0479123
-0.0484176
-0.048931
-0.0494536
-0.0499761
-0.0504985
-0.0510262
-0.0515588
-0.0520947
-0.0526322
-0.0531733
-0.0537189
-0.0542682
-0.0548196
-0.0553748
-0.0559342
-0.056497
-0.0570623
-0.0576317
-0.0582046
-0.0587812
-0.0593606
-0.0599437
-0.06053
-0.0611197
-0.0617126
-0.0623088
-0.0629075
-0.0635093
-0.0641135
-0.0647202
-0.0653284
-0.0659383
-0.0665488
-0.0671598
-0.0677696
-0.068378
-0.0689829
-0.0695833
-0.0701759
-0.0707588
-0.0713256
-0.0718685
-0.0723693
-0.0136537
-0.0130145
-0.00900923
-0.00449088
-0.000736267
0.00191689
0.00343347
0.00391944
0.003632
0.00287924
0.00192689
0.000958138
7.70444e-05
-0.000668781
-0.00126423
-0.00171014
-0.00202159
-0.00222472
-0.00235083
-0.002431
-0.00249206
-0.00255478
-0.00263361
-0.00273734
-0.00287047
-0.00303416
-0.0032273
-0.00344686
-0.00368885
-0.00394869
-0.00422201
-0.00450479
-0.00479376
-0.00508653
-0.00538145
-0.00567762
-0.00597455
-0.00627238
-0.00657146
-0.00687237
-0.00717561
-0.00748154
-0.00779063
-0.00810299
-0.00841878
-0.00873741
-0.00905847
-0.00938108
-0.00970464
-0.0100281
-0.0103505
-0.0106708
-0.0109877
-0.0113003
-0.0116077
-0.0119089
-0.0122031
-0.0124892
-0.0127669
-0.0130352
-0.013294
-0.0135428
-0.0137817
-0.0140108
-0.0142312
-0.0144442
-0.0146516
-0.0148559
-0.0150597
-0.0152656
-0.0154761
-0.0156932
-0.0159185
-0.016152
-0.0163936
-0.0166413
-0.0168937
-0.017149
-0.0174059
-0.0176645
-0.0179258
-0.0181918
-0.0184651
-0.0187474
-0.0190401
-0.0193414
-0.0196492
-0.0199588
-0.0202668
-0.0205708
-0.0208704
-0.0211689
-0.0214706
-0.0217805
-0.0221025
-0.0224359
-0.0227785
-0.0231237
-0.0234659
-0.0238016
-0.0241307
-0.0244584
-0.0247913
-0.0251357
-0.0254945
-0.0258634
-0.026237
-0.0266058
-0.026966
-0.02732
-0.027673
-0.0280362
-0.0284141
-0.0288042
-0.0292021
-0.0295948
-0.0299782
-0.0303565
-0.0307338
-0.0311234
-0.0315289
-0.0319426
-0.0323597
-0.032769
-0.0331696
-0.0335723
-0.033982
-0.0344048
-0.0348391
-0.035272
-0.0357001
-0.0361236
-0.0365481
-0.036987
-0.0374353
-0.0378828
-0.0383312
-0.0387767
-0.0392226
-0.0396797
-0.0401426
-0.0406066
-0.0410742
-0.0415376
-0.042002
-0.0424813
-0.042965
-0.0434426
-0.0439228
-0.044408
-0.0448972
-0.0453957
-0.0458948
-0.046386
-0.0468845
-0.0473973
-0.0479091
-0.0484156
-0.0489289
-0.0494507
-0.0499736
-0.0504967
-0.0510241
-0.0515566
-0.0520928
-0.0526305
-0.0531715
-0.0537172
-0.0542667
-0.0548183
-0.0553734
-0.0559329
-0.0564959
-0.0570613
-0.0576308
-0.0582039
-0.0587805
-0.0593602
-0.0599433
-0.0605299
-0.0611198
-0.0617129
-0.0623092
-0.0629083
-0.0635105
-0.064115
-0.0647221
-0.065331
-0.0659416
-0.066553
-0.067165
-0.0677763
-0.0683865
-0.0689936
-0.0695968
-0.0701929
-0.0707798
-0.0713513
-0.0718994
-0.0724064
-0.0138022
-0.0131628
-0.0091478
-0.00461634
-0.000847781
0.0018197
0.00335086
0.00385049
0.00357471
0.00283091
0.00188465
0.000919217
3.89958e-05
-0.000708057
-0.0013065
-0.00175672
-0.00207294
-0.0022804
-0.00240971
-0.00249142
-0.00255226
-0.00261304
-0.00268853
-0.0027879
-0.00291605
-0.00307444
-0.0032623
-0.00347689
-0.0037144
-0.0039704
-0.00424045
-0.00452051
-0.00480707
-0.0050976
-0.00539022
-0.0056839
-0.00597803
-0.00627253
-0.00656772
-0.00686403
-0.00716205
-0.00746206
-0.00776459
-0.00806977
-0.00837784
-0.00868841
-0.00900113
-0.00931535
-0.00963048
-0.00994581
-0.0102604
-0.0105735
-0.0108841
-0.0111913
-0.0114944
-0.0117924
-0.012085
-0.012371
-0.01265
-0.012921
-0.0131838
-0.0134377
-0.0136826
-0.0139184
-0.0141459
-0.0143662
-0.014581
-0.0147925
-0.0150033
-0.0152159
-0.0154329
-0.0156561
-0.015887
-0.0161256
-0.0163714
-0.0166224
-0.0168769
-0.0171333
-0.0173904
-0.0176487
-0.0179098
-0.0181758
-0.0184498
-0.0187335
-0.0190279
-0.019331
-0.0196401
-0.0199507
-0.0202586
-0.0205619
-0.0208606
-0.0211584
-0.0214599
-0.0217703
-0.0220933
-0.0224278
-0.0227713
-0.0231169
-0.0234588
-0.023794
-0.0241225
-0.0244501
-0.0247834
-0.0251283
-0.0254879
-0.0258571
-0.0262307
-0.0265997
-0.0269594
-0.0273135
-0.0276666
-0.0280297
-0.0284081
-0.0287983
-0.029196
-0.0295895
-0.0299729
-0.0303514
-0.0307291
-0.0311178
-0.031523
-0.0319371
-0.0323542
-0.0327647
-0.0331658
-0.0335679
-0.0339771
-0.0343994
-0.0348339
-0.0352677
-0.0356963
-0.0361201
-0.0365442
-0.036982
-0.0374306
-0.037879
-0.0383276
-0.0387731
-0.0392188
-0.0396754
-0.0401388
-0.040603
-0.0410703
-0.0415343
-0.0419988
-0.0424773
-0.0429613
-0.0434394
-0.0439195
-0.0444049
-0.0448944
-0.0453921
-0.0458912
-0.0463837
-0.0468823
-0.047394
-0.0479059
-0.0484135
-0.0489268
-0.0494479
-0.0499711
-0.0504948
-0.0510221
-0.0515543
-0.0520909
-0.052629
-0.0531698
-0.0537155
-0.0542652
-0.054817
-0.0553722
-0.0559318
-0.0564948
-0.0570605
-0.05763
-0.0582033
-0.0587801
-0.0593599
-0.0599432
-0.06053
-0.0611201
-0.0617134
-0.06231
-0.0629094
-0.063512
-0.064117
-0.0647246
-0.0653341
-0.0659454
-0.0665579
-0.0671711
-0.067784
-0.068396
-0.0690055
-0.0696114
-0.0702111
-0.0708019
-0.0713779
-0.0719309
-0.0724433
-0.0139347
-0.0132947
-0.00927126
-0.0047288
-0.000948815
0.00173024
0.003273
0.0037834
0.0035168
0.0027802
0.001839
0.000876584
-2.50277e-06
-0.000750054
-0.00135041
-0.0018036
-0.00212333
-0.0023341
-0.00246595
-0.002549
-0.00260978
-0.00266908
-0.00274183
-0.00283743
-0.00296106
-0.00311451
-0.00329727
-0.00350689
-0.00373972
-0.00399151
-0.00425785
-0.00453465
-0.00481832
-0.00510613
-0.00539608
-0.00568694
-0.00597803
-0.00626909
-0.00656035
-0.00685213
-0.00714502
-0.0074393
-0.00773549
-0.00803376
-0.00833439
-0.00863719
-0.00894188
-0.00924797
-0.00955501
-0.00986245
-0.0101696
-0.0104758
-0.0107802
-0.0110822
-0.0113813
-0.0116765
-0.0119675
-0.0122534
-0.0125336
-0.0128071
-0.0130734
-0.0133319
-0.0135821
-0.013824
-0.0140579
-0.0142849
-0.0145064
-0.0147247
-0.0149422
-0.0151615
-0.0153851
-0.0156147
-0.0158516
-0.0160958
-0.0163461
-0.0166007
-0.0168575
-0.017115
-0.0173724
-0.0176307
-0.0178916
-0.0181581
-0.0184331
-0.0187183
-0.0190145
-0.0193195
-0.0196299
-0.019941
-0.0202488
-0.0205515
-0.0208495
-0.0211468
-0.0214486
-0.0217599
-0.022084
-0.0224197
-0.0227635
-0.0231092
-0.0234505
-0.0237852
-0.0241134
-0.0244414
-0.0247754
-0.0251211
-0.0254813
-0.0258507
-0.0262238
-0.0265926
-0.0269521
-0.0273063
-0.0276603
-0.0280236
-0.0284023
-0.0287925
-0.0291895
-0.0295833
-0.0299671
-0.030346
-0.0307245
-0.0311128
-0.0315173
-0.0319313
-0.0323484
-0.0327597
-0.0331618
-0.0335639
-0.0339727
-0.0343943
-0.0348284
-0.0352627
-0.0356921
-0.0361168
-0.0365407
-0.0369773
-0.0374257
-0.0378748
-0.0383236
-0.0387697
-0.0392154
-0.0396712
-0.0401348
-0.0405994
-0.0410664
-0.0415309
-0.0419958
-0.0424734
-0.0429575
-0.0434364
-0.0439163
-0.0444018
-0.0448917
-0.0453886
-0.0458876
-0.0463813
-0.0468802
-0.0473908
-0.0479028
-0.0484114
-0.0489247
-0.0494452
-0.0499686
-0.050493
-0.0510202
-0.0515522
-0.052089
-0.0526275
-0.0531683
-0.0537139
-0.0542638
-0.0548159
-0.0553711
-0.0559308
-0.056494
-0.0570598
-0.0576294
-0.0582029
-0.0587798
-0.0593598
-0.0599433
-0.0605303
-0.0611207
-0.0617143
-0.0623111
-0.0629109
-0.0635138
-0.0641194
-0.0647275
-0.0653377
-0.0659499
-0.0665635
-0.067178
-0.0677925
-0.0684065
-0.0690185
-0.0696273
-0.0702303
-0.0708249
-0.0714052
-0.0719627
-0.0724804
-0.0140512
-0.0134091
-0.00937765
-0.00482608
-0.00103712
0.00165083
0.00320239
0.00372097
0.00346131
0.00273014
0.00179279
0.000832734
-4.53889e-05
-0.000793204
-0.00139489
-0.00185021
-0.00217247
-0.00238564
-0.00251934
-0.00260336
-0.00266403
-0.00272211
-0.00279256
-0.00288493
-0.00300455
-0.00315346
-0.00333139
-0.00353614
-0.00376427
-0.00401162
-0.00427388
-0.00454698
-0.00482729
-0.00511193
-0.00539882
-0.00568655
-0.00597436
-0.00626186
-0.00654916
-0.00683649
-0.00712437
-0.00741315
-0.00770326
-0.00799496
-0.00828852
-0.0085839
-0.00888093
-0.00917925
-0.00947852
-0.00977832
-0.0100782
-0.0103777
-0.0106762
-0.0109731
-0.0112682
-0.0115606
-0.0118501
-0.0121359
-0.0124172
-0.0126931
-0.0129627
-0.0132254
-0.0134805
-0.0137277
-0.0139673
-0.0142003
-0.014428
-0.0146526
-0.0148767
-0.0151028
-0.0153332
-0.0155695
-0.0158128
-0.0160627
-0.0163178
-0.016576
-0.016835
-0.0170937
-0.0173516
-0.0176099
-0.0178711
-0.0181384
-0.0184148
-0.0187018
-0.019
-0.0193067
-0.0196182
-0.0199297
-0.0202371
-0.0205392
-0.0208368
-0.0211342
-0.0214369
-0.0217494
-0.0220747
-0.0224113
-0.0227553
-0.0231006
-0.023441
-0.0237752
-0.0241036
-0.0244322
-0.0247676
-0.0251142
-0.0254747
-0.0258442
-0.0262163
-0.0265846
-0.026944
-0.0272987
-0.027654
-0.0280179
-0.0283967
-0.0287868
-0.0291827
-0.0295763
-0.0299607
-0.0303402
-0.0307199
-0.0311085
-0.031512
-0.0319253
-0.0323422
-0.0327541
-0.0331574
-0.0335602
-0.033969
-0.0343896
-0.0348229
-0.0352571
-0.0356873
-0.0361134
-0.0365379
-0.0369732
-0.0374208
-0.03787
-0.0383193
-0.0387665
-0.0392124
-0.0396673
-0.0401307
-0.0405956
-0.0410625
-0.0415278
-0.0419932
-0.0424698
-0.0429535
-0.0434333
-0.0439134
-0.0443988
-0.0448889
-0.0453853
-0.0458842
-0.046379
-0.0468782
-0.0473879
-0.0478998
-0.0484094
-0.0489228
-0.0494428
-0.0499663
-0.0504913
-0.0510185
-0.0515504
-0.0520874
-0.0526261
-0.0531669
-0.0537125
-0.0542627
-0.054815
-0.0553702
-0.05593
-0.0564933
-0.0570594
-0.0576291
-0.0582027
-0.0587798
-0.05936
-0.0599437
-0.0605309
-0.0611216
-0.0617155
-0.0623126
-0.0629128
-0.0635162
-0.0641223
-0.064731
-0.0653421
-0.0659552
-0.0665699
-0.0671859
-0.0678021
-0.0684182
-0.0690327
-0.0696443
-0.0702507
-0.0708488
-0.0714331
-0.0719948
-0.0725164
-0.0141468
-0.0135033
-0.00946539
-0.00490669
-0.00111096
0.00158356
0.00314146
0.00366576
0.00341081
0.00268321
0.00174833
0.000789724
-8.78807e-05
-0.000836018
-0.00143875
-0.00189565
-0.00221972
-0.00243463
-0.00256965
-0.0026543
-0.00271476
-0.0027717
-0.00284011
-0.00292962
-0.00304567
-0.00319047
-0.00336392
-0.00356405
-0.00378756
-0.00403044
-0.00428845
-0.00455756
-0.00483416
-0.00511529
-0.00539876
-0.00568306
-0.00596734
-0.00625112
-0.0065344
-0.00681734
-0.00710038
-0.00738388
-0.00766824
-0.00795374
-0.00824066
-0.00852905
-0.00881886
-0.00910984
-0.00940174
-0.00969429
-0.00998723
-0.0102802
-0.0105729
-0.0108649
-0.0111559
-0.0114455
-0.0117332
-0.0120185
-0.0123006
-0.0125785
-0.012851
-0.0131174
-0.0133767
-0.0136286
-0.0138733
-0.0141116
-0.0143451
-0.0145758
-0.0148063
-0.0150392
-0.0152767
-0.0155201
-0.01577
-0.0160258
-0.0162857
-0.0165474
-0.0168088
-0.0170687
-0.0173272
-0.0175859
-0.017848
-0.0181166
-0.0183949
-0.0186841
-0.0189843
-0.0192926
-0.0196047
-0.0199163
-0.0202232
-0.0205247
-0.0208224
-0.0211205
-0.0214245
-0.0217387
-0.0220653
-0.0224027
-0.0227463
-0.0230908
-0.0234303
-0.0237639
-0.0240928
-0.0244226
-0.0247596
-0.0251075
-0.0254682
-0.0258373
-0.0262082
-0.0265757
-0.0269352
-0.0272905
-0.0276475
-0.0280125
-0.0283914
-0.0287809
-0.0291756
-0.0295686
-0.0299536
-0.0303342
-0.0307154
-0.0311045
-0.0315073
-0.0319194
-0.0323353
-0.0327476
-0.0331524
-0.0335566
-0.033966
-0.0343854
-0.0348172
-0.0352512
-0.0356819
-0.0361098
-0.0365357
-0.0369698
-0.0374159
-0.037865
-0.0383147
-0.0387631
-0.03921
-0.0396639
-0.0401265
-0.0405914
-0.0410586
-0.0415249
-0.0419909
-0.0424662
-0.0429495
-0.0434303
-0.0439107
-0.044396
-0.0448863
-0.0453823
-0.045881
-0.0463768
-0.0468763
-0.0473852
-0.0478971
-0.0484074
-0.0489211
-0.0494407
-0.0499643
-0.0504898
-0.0510171
-0.0515488
-0.0520859
-0.052625
-0.0531659
-0.0537115
-0.0542618
-0.0548144
-0.0553697
-0.0559296
-0.0564931
-0.0570593
-0.0576292
-0.058203
-0.0587803
-0.0593607
-0.0599445
-0.0605321
-0.0611231
-0.0617173
-0.0623147
-0.0629154
-0.0635193
-0.064126
-0.0647354
-0.0653473
-0.0659615
-0.0665775
-0.067195
-0.0678131
-0.0684313
-0.0690483
-0.0696628
-0.0702724
-0.0708741
-0.0714621
-0.0720277
-0.0725544
-0.0142188
-0.0135746
-0.00953201
-0.00496819
-0.00116777
0.00153117
0.00309319
0.0036209
0.00336848
0.00264256
0.00170865
0.000750403
-0.000127391
-0.000876215
-0.00148005
-0.00193832
-0.00226378
-0.0024799
-0.00261575
-0.00270072
-0.00276083
-0.00281672
-0.00288333
-0.00297037
-0.00308333
-0.00322453
-0.00339399
-0.00358989
-0.00380905
-0.00404759
-0.00430135
-0.00456637
-0.00483907
-0.00511648
-0.00539631
-0.005677
-0.00595758
-0.00623756
-0.00651683
-0.00679552
-0.00707398
-0.00735256
-0.00763161
-0.00791143
-0.00819228
-0.00847431
-0.00875751
-0.00904176
-0.00932689
-0.00961276
-0.00989924
-0.0101862
-0.0104734
-0.0107606
-0.0110478
-0.0113344
-0.0116202
-0.0119045
-0.0121866
-0.0124655
-0.01274
-0.0130091
-0.0132719
-0.0135279
-0.013777
-0.0140202
-0.0142589
-0.0144953
-0.0147321
-0.0149718
-0.0152164
-0.0154669
-0.0157235
-0.0159852
-0.0162497
-0.0165149
-0.0167785
-0.0170397
-0.0172991
-0.0175588
-0.0178223
-0.0180929
-0.0183736
-0.0186654
-0.0189674
-0.0192768
-0.0195893
-0.0199005
-0.0202069
-0.0205082
-0.0208064
-0.0211059
-0.0214119
-0.0217279
-0.0220558
-0.0223936
-0.0227365
-0.0230797
-0.0234182
-0.0237514
-0.0240814
-0.0244127
-0.0247517
-0.0251009
-0.0254617
-0.0258299
-0.0261995
-0.0265659
-0.0269258
-0.027282
-0.0276408
-0.0280073
-0.0283863
-0.028775
-0.0291683
-0.0295603
-0.0299458
-0.0303278
-0.0307109
-0.0311009
-0.031503
-0.0319134
-0.0323279
-0.0327405
-0.033147
-0.033553
-0.0339635
-0.0343818
-0.0348115
-0.0352447
-0.0356759
-0.0361058
-0.0365337
-0.036967
-0.037411
-0.0378595
-0.0383095
-0.0387594
-0.0392078
-0.039661
-0.0401222
-0.0405868
-0.0410544
-0.041522
-0.0419886
-0.0424628
-0.0429452
-0.0434269
-0.043908
-0.0443933
-0.0448834
-0.0453791
-0.0458778
-0.0463744
-0.0468742
-0.0473826
-0.0478943
-0.0484053
-0.0489192
-0.0494386
-0.0499622
-0.050488
-0.0510156
-0.0515472
-0.0520844
-0.0526238
-0.0531648
-0.0537104
-0.0542608
-0.0548137
-0.0553691
-0.0559291
-0.0564927
-0.0570591
-0.0576292
-0.0582032
-0.0587807
-0.0593613
-0.0599454
-0.0605333
-0.0611246
-0.0617191
-0.0623169
-0.0629181
-0.0635225
-0.0641299
-0.06474
-0.0653529
-0.0659683
-0.0665856
-0.0672046
-0.0678247
-0.0684451
-0.0690646
-0.069682
-0.0702947
-0.0708997
-0.0714911
-0.0720601
-0.0725888
-0.0142652
-0.0136203
-0.00957418
-0.0050069
-0.00120366
0.00149769
0.0030617
0.00359082
0.0033392
0.00261357
0.00167956
0.000720873
-0.000157661
-0.000907519
-0.00151263
-0.00197229
-0.00229905
-0.00251618
-0.00265259
-0.00273757
-0.00279709
-0.00285177
-0.00291653
-0.00300111
-0.00311107
-0.00324885
-0.00341458
-0.00360658
-0.00382174
-0.00405626
-0.00430602
-0.00456711
-0.00483598
-0.00510968
-0.00538586
-0.00566291
-0.00593977
-0.00621589
-0.0064911
-0.00676548
-0.00703934
-0.00731309
-0.00758711
-0.00786178
-0.00813736
-0.00841405
-0.00869189
-0.0089708
-0.00925068
-0.00953143
-0.00981302
-0.0100954
-0.0103785
-0.0106621
-0.0109462
-0.0112305
-0.0115146
-0.011798
-0.0120799
-0.0123593
-0.0126348
-0.0129054
-0.0131701
-0.0134285
-0.0136807
-0.0139275
-0.0141707
-0.0144124
-0.0146552
-0.0149015
-0.0151532
-0.0154109
-0.0156739
-0.0159412
-0.0162101
-0.0164784
-0.0167442
-0.0170069
-0.0172677
-0.0175291
-0.0177949
-0.0180682
-0.0183517
-0.018646
-0.0189498
-0.0192599
-0.0195722
-0.0198828
-0.0201887
-0.0204901
-0.0207896
-0.0210911
-0.0213995
-0.0217177
-0.0220468
-0.0223845
-0.0227264
-0.0230681
-0.0234057
-0.0237389
-0.0240701
-0.0244035
-0.0247445
-0.0250952
-0.0254559
-0.0258231
-0.0261912
-0.0265565
-0.0269167
-0.0272743
-0.0276351
-0.0280032
-0.0283824
-0.0287702
-0.0291618
-0.0295526
-0.0299385
-0.0303221
-0.0307075
-0.0310987
-0.0315002
-0.0319089
-0.0323214
-0.032734
-0.0331423
-0.0335504
-0.0339624
-0.03438
-0.0348071
-0.0352391
-0.0356707
-0.0361025
-0.036533
-0.0369662
-0.037408
-0.0378552
-0.0383052
-0.0387566
-0.039207
-0.03966
-0.0401194
-0.0405834
-0.0410513
-0.0415202
-0.041988
-0.0424612
-0.0429423
-0.0434247
-0.0439067
-0.0443922
-0.044882
-0.0453773
-0.045876
-0.0463735
-0.0468736
-0.0473814
-0.047893
-0.0484046
-0.0489188
-0.049438
-0.0499615
-0.0504877
-0.0510155
-0.051547
-0.0520843
-0.0526241
-0.0531652
-0.0537107
-0.0542613
-0.0548144
-0.0553701
-0.0559301
-0.0564939
-0.0570605
-0.0576308
-0.058205
-0.0587827
-0.0593635
-0.0599479
-0.0605361
-0.0611277
-0.0617226
-0.0623209
-0.0629226
-0.0635276
-0.0641357
-0.0647467
-0.0653606
-0.0659772
-0.066596
-0.0672167
-0.0678387
-0.0684613
-0.0690834
-0.0697036
-0.0703194
-0.0709276
-0.0715223
-0.0720947
-0.0726286
-0.0142995
-0.0136583
-0.00961276
-0.005045
-0.00124115
0.00146083
0.00302546
0.0035548
0.00330285
0.00257637
0.00164117
0.000681108
-0.000198913
-0.000950317
-0.00155698
-0.00201807
-0.00234592
-0.00256349
-0.00269957
-0.00278347
-0.00284123
-0.00289362
-0.00295564
-0.00303712
-0.0031436
-0.00327748
-0.00343889
-0.00362621
-0.00383644
-0.00406587
-0.00431047
-0.00456642
-0.00483023
-0.00509898
-0.00537034
-0.00564263
-0.00591476
-0.00618614
-0.00645653
-0.00672599
-0.00699473
-0.00726312
-0.0075315
-0.00780026
-0.00806971
-0.00834014
-0.0086117
-0.00888448
-0.00915841
-0.00943346
-0.00970973
-0.00998729
-0.0102663
-0.010547
-0.0108292
-0.0111128
-0.0113973
-0.011682
-0.0119657
-0.0122471
-0.0125249
-0.0127977
-0.0130646
-0.0133254
-0.0135802
-0.0138304
-0.0140777
-0.0143245
-0.0145734
-0.0148265
-0.0150851
-0.0153496
-0.0156187
-0.0158909
-0.0161637
-0.0164348
-0.0167027
-0.0169673
-0.0172303
-0.0174943
-0.0177631
-0.0180397
-0.0183264
-0.0186231
-0.0189282
-0.0192386
-0.0195504
-0.0198602
-0.0201659
-0.020468
-0.0207691
-0.0210731
-0.0213842
-0.0217047
-0.0220347
-0.0223722
-0.0227129
-0.0230532
-0.02339
-0.0237233
-0.024056
-0.0243915
-0.0247347
-0.0250867
-0.0254473
-0.0258134
-0.02618
-0.0265443
-0.0269049
-0.027264
-0.0276268
-0.0279967
-0.0283762
-0.0287631
-0.0291528
-0.0295423
-0.0299286
-0.0303138
-0.0307017
-0.0310944
-0.0314953
-0.0319024
-0.0323126
-0.0327247
-0.033135
-0.0335453
-0.0339591
-0.0343767
-0.0348011
-0.0352313
-0.035663
-0.0360964
-0.0365297
-0.0369638
-0.0374035
-0.0378488
-0.0382984
-0.0387512
-0.0392038
-0.0396574
-0.0401153
-0.0405778
-0.0410457
-0.0415162
-0.0419855
-0.042458
-0.0429375
-0.04342
-0.0439033
-0.0443893
-0.0448789
-0.0453736
-0.0458722
-0.0463707
-0.0468712
-0.0473784
-0.0478899
-0.048402
-0.0489166
-0.0494358
-0.0499592
-0.0504856
-0.0510137
-0.0515452
-0.0520825
-0.0526227
-0.053164
-0.0537095
-0.0542602
-0.0548137
-0.0553695
-0.0559296
-0.0564936
-0.0570605
-0.0576309
-0.0582054
-0.0587833
-0.0593644
-0.059949
-0.0605376
-0.0611297
-0.061725
-0.0623237
-0.062926
-0.0635317
-0.0641406
-0.0647525
-0.0653675
-0.0659854
-0.0666057
-0.0672281
-0.0678521
-0.0684771
-0.0691016
-0.0697246
-0.0703432
-0.0709544
-0.0715521
-0.0721269
-0.0726609
-0.0142326
-0.0135981
-0.00955829
-0.00499615
-0.00119786
0.0014987
0.00305805
0.00358197
0.00332431
0.00259184
0.00165048
0.000684096
-0.000202426
-0.000960339
-0.0015733
-0.00204026
-0.00237329
-0.0025953
-0.00273499
-0.00282162
-0.00288117
-0.00293441
-0.0029964
-0.00307702
-0.00318193
-0.0033137
-0.0034726
-0.00365716
-0.00386449
-0.00409095
-0.00433252
-0.00458536
-0.00484599
-0.00511149
-0.00537953
-0.00564841
-0.005917
-0.00618469
-0.00645122
-0.00671662
-0.00698106
-0.00724486
-0.0075083
-0.0077717
-0.00803526
-0.00829922
-0.00856376
-0.00882902
-0.00909528
-0.00936286
-0.00963219
-0.00990365
-0.0101776
-0.0104542
-0.0107334
-0.0110149
-0.0112982
-0.0115823
-0.0118659
-0.0121476
-0.0124259
-0.0126994
-0.0129673
-0.0132294
-0.0134862
-0.0137393
-0.0139906
-0.0142424
-0.0144971
-0.0147566
-0.0150216
-0.0152921
-0.0155664
-0.0158426
-0.0161185
-0.016392
-0.0166622
-0.0169293
-0.0171952
-0.0174627
-0.0177352
-0.0180155
-0.0183052
-0.0186041
-0.0189102
-0.0192205
-0.0195318
-0.019841
-0.0201469
-0.02045
-0.0207532
-0.02106
-0.0213737
-0.0216962
-0.0220271
-0.0223644
-0.022704
-0.0230431
-0.0233793
-0.023713
-0.024047
-0.0243848
-0.0247298
-0.0250833
-0.0254439
-0.0258089
-0.0261741
-0.0265374
-0.0268983
-0.027259
-0.0276238
-0.0279955
-0.0283752
-0.0287613
-0.0291492
-0.0295373
-0.0299238
-0.0303106
-0.0307009
-0.0310954
-0.031496
-0.0319015
-0.0323096
-0.0327205
-0.0331323
-0.0335449
-0.0339608
-0.0343788
-0.0348011
-0.0352289
-0.0356602
-0.0360948
-0.0365308
-0.0369666
-0.037405
-0.0378478
-0.0382964
-0.0387501
-0.0392051
-0.0396599
-0.0401167
-0.0405774
-0.0410446
-0.0415164
-0.0419876
-0.0424599
-0.0429378
-0.04342
-0.0439043
-0.044391
-0.0448806
-0.0453745
-0.045873
-0.0463722
-0.0468732
-0.04738
-0.0478912
-0.0484038
-0.0489187
-0.0494378
-0.0499611
-0.0504878
-0.0510162
-0.0515476
-0.052085
-0.0526256
-0.053167
-0.0537123
-0.0542632
-0.054817
-0.0553729
-0.055933
-0.0564972
-0.0570643
-0.057635
-0.0582097
-0.0587879
-0.0593692
-0.0599541
-0.060543
-0.0611355
-0.0617313
-0.0623305
-0.0629333
-0.0635398
-0.0641495
-0.0647624
-0.0653786
-0.0659978
-0.0666197
-0.0672439
-0.0678699
-0.0684971
-0.0691243
-0.0697498
-0.0703713
-0.0709853
-0.0715858
-0.0721637
-0.0727035
-0.0141981
-0.0135661
-0.00953157
-0.00497735
-0.00118822
0.00149932
0.00305011
0.00356685
0.00330398
0.00256836
0.00162584
0.000660371
-0.000223058
-0.000976084
-0.0015828
-0.00204253
-0.00236779
-0.00258197
-0.0027142
-0.00279408
-0.00284781
-0.00289623
-0.00295436
-0.00303199
-0.00313466
-0.00326477
-0.00342244
-0.00360605
-0.00381258
-0.00403822
-0.00427884
-0.00453048
-0.0047896
-0.00505327
-0.00531914
-0.00558554
-0.00585135
-0.00611596
-0.00637914
-0.00664096
-0.00690165
-0.00716156
-0.00742106
-0.00768049
-0.00794018
-0.00820039
-0.00846143
-0.00872349
-0.00898691
-0.00925195
-0.00951907
-0.00978863
-0.0100611
-0.0103365
-0.010615
-0.0108961
-0.0111793
-0.0114634
-0.0117472
-0.0120293
-0.0123081
-0.0125823
-0.0128514
-0.0131153
-0.013375
-0.0136319
-0.0138881
-0.0141457
-0.0144067
-0.0146724
-0.0149433
-0.0152189
-0.0154976
-0.0157772
-0.0160559
-0.016332
-0.0166051
-0.0168756
-0.0171454
-0.0174172
-0.017694
-0.0179781
-0.0182707
-0.0185715
-0.0188785
-0.0191889
-0.0194999
-0.0198091
-0.0201158
-0.0204206
-0.0207261
-0.0210356
-0.0213518
-0.0216763
-0.0220081
-0.0223453
-0.0226844
-0.0230227
-0.0233587
-0.023693
-0.0240285
-0.0243683
-0.0247152
-0.02507
-0.0254307
-0.0257949
-0.0261591
-0.0265217
-0.0268832
-0.0272454
-0.0276122
-0.0279855
-0.0283657
-0.028751
-0.0291376
-0.0295245
-0.0299113
-0.0302995
-0.0306918
-0.0310883
-0.031489
-0.0318933
-0.0322997
-0.0327093
-0.033122
-0.0335369
-0.0339547
-0.0343738
-0.0347949
-0.0352204
-0.0356507
-0.0360861
-0.0365245
-0.0369623
-0.0374005
-0.0378414
-0.0382884
-0.0387425
-0.0391994
-0.0396559
-0.0401127
-0.0405719
-0.0410378
-0.0415103
-0.0419834
-0.0424564
-0.0429333
-0.0434146
-0.0438993
-0.0443871
-0.0448771
-0.0453705
-0.0458687
-0.0463685
-0.0468701
-0.0473767
-0.0478877
-0.0484007
-0.048916
-0.049435
-0.0499585
-0.0504856
-0.0510141
-0.0515454
-0.052083
-0.0526241
-0.0531657
-0.0537108
-0.054262
-0.0548163
-0.0553723
-0.0559325
-0.056497
-0.0570644
-0.0576353
-0.0582102
-0.0587888
-0.0593704
-0.0599557
-0.0605451
-0.061138
-0.0617343
-0.0623341
-0.0629377
-0.0635449
-0.0641556
-0.0647695
-0.0653869
-0.0660075
-0.0666311
-0.0672571
-0.0678852
-0.0685147
-0.0691443
-0.0697724
-0.0703965
-0.0710132
-0.0716162
-0.0721957
-0.0727335
-0.0139773
-0.013354
-0.0093334
-0.00480062
-0.00103849
0.00161823
0.00313459
0.0036138
0.00331232
0.00253976
0.00156424
0.000570866
-0.00033512
-0.00110541
-0.00172421
-0.002191
-0.00251874
-0.00273157
-0.00285953
-0.00293318
-0.00297961
-0.00302035
-0.0030709
-0.00314136
-0.00323739
-0.00336143
-0.00351359
-0.00369213
-0.0038939
-0.00411493
-0.00435091
-0.00459773
-0.00485171
-0.00510983
-0.00536974
-0.00562979
-0.00588891
-0.00614655
-0.00640255
-0.00665703
-0.0069103
-0.00716279
-0.00741492
-0.0076671
-0.0079197
-0.00817303
-0.00842744
-0.00868323
-0.00894082
-0.00920054
-0.00946289
-0.00972826
-0.00999703
-0.0102693
-0.010545
-0.0108236
-0.0111043
-0.0113861
-0.0116676
-0.0119475
-0.0122244
-0.0124975
-0.0127663
-0.0130311
-0.0132929
-0.013553
-0.0138134
-0.0140758
-0.0143418
-0.0146123
-0.0148873
-0.0151663
-0.0154477
-0.0157297
-0.0160106
-0.0162893
-0.0165654
-0.0168395
-0.0171133
-0.0173893
-0.01767
-0.0179574
-0.0182524
-0.0185546
-0.0188622
-0.0191727
-0.0194836
-0.0197931
-0.0201008
-0.0204072
-0.0207149
-0.0210267
-0.021345
-0.0216709
-0.0220036
-0.0223408
-0.0226794
-0.0230171
-0.0233531
-0.023688
-0.0240248
-0.0243663
-0.0247147
-0.0250703
-0.0254312
-0.0257946
-0.0261579
-0.0265199
-0.0268819
-0.0272456
-0.027614
-0.0279886
-0.028369
-0.0287535
-0.0291391
-0.0295249
-0.0299117
-0.030301
-0.0306949
-0.0310929
-0.0314939
-0.0318973
-0.0323025
-0.0327108
-0.0331236
-0.03354
-0.0339594
-0.0343797
-0.0348005
-0.0352241
-0.035653
-0.0360883
-0.0365281
-0.0369679
-0.0374068
-0.0378467
-0.0382918
-0.038745
-0.039203
-0.0396611
-0.0401188
-0.0405774
-0.0410414
-0.0415133
-0.041988
-0.0424623
-0.0429388
-0.0434191
-0.0439034
-0.0443917
-0.0448824
-0.0453758
-0.0458734
-0.0463735
-0.0468754
-0.0473818
-0.0478928
-0.0484063
-0.0489215
-0.0494403
-0.049964
-0.0504915
-0.0510199
-0.051551
-0.0520888
-0.0526304
-0.0531719
-0.0537168
-0.0542683
-0.0548229
-0.055379
-0.0559391
-0.0565039
-0.0570716
-0.0576425
-0.0582177
-0.0587966
-0.0593785
-0.059964
-0.0605538
-0.0611472
-0.061744
-0.0623444
-0.0629486
-0.0635567
-0.0641683
-0.0647833
-0.065402
-0.0660241
-0.0666492
-0.0672771
-0.0679072
-0.0685389
-0.0691709
-0.0698015
-0.0704281
-0.0710471
-0.0716524
-0.0722349
-0.0727792
-0.0137541
-0.0131242
-0.00909662
-0.0045541
-0.000782426
0.00188147
0.00340217
0.00388211
0.00357735
0.00279805
0.00181346
0.000809969
-0.000106194
-0.00088611
-0.00151373
-0.00198838
-0.00232296
-0.00254172
-0.00267499
-0.00275365
-0.00280508
-0.002851
-0.00290698
-0.00298307
-0.00308482
-0.00321452
-0.00337211
-0.00355566
-0.00376185
-0.00398656
-0.00422541
-0.00447422
-0.00472935
-0.00498787
-0.00524757
-0.00550693
-0.00576504
-0.00602147
-0.00627612
-0.0065292
-0.00678106
-0.00703216
-0.00728297
-0.0075339
-0.00778537
-0.00803773
-0.00829137
-0.00854665
-0.00880402
-0.00906387
-0.00932664
-0.00959262
-0.00986209
-0.010135
-0.0104111
-0.0106898
-0.0109704
-0.0112519
-0.011533
-0.0118127
-0.01209
-0.0123644
-0.0126354
-0.0129036
-0.0131697
-0.0134349
-0.0137007
-0.0139687
-0.0142399
-0.0145151
-0.0147942
-0.0150766
-0.0153612
-0.0156464
-0.0159307
-0.0162131
-0.0164934
-0.0167721
-0.0170507
-0.0173314
-0.0176163
-0.0179072
-0.018205
-0.0185091
-0.018818
-0.0191295
-0.0194413
-0.019752
-0.0200613
-0.02037
-0.0206802
-0.0209945
-0.0213151
-0.0216427
-0.0219765
-0.0223141
-0.0226529
-0.0229909
-0.0233274
-0.0236636
-0.0240021
-0.0243455
-0.0246954
-0.0250519
-0.0254129
-0.025776
-0.026139
-0.0265013
-0.0268642
-0.0272296
-0.0275996
-0.0279753
-0.028356
-0.02874
-0.0291253
-0.0295109
-0.029898
-0.0302884
-0.0306834
-0.0310827
-0.0314845
-0.0318878
-0.0322925
-0.0327001
-0.0331127
-0.0335299
-0.0339506
-0.0343724
-0.0347939
-0.035217
-0.0356446
-0.0360792
-0.0365195
-0.036961
-0.0374016
-0.0378419
-0.0382857
-0.0387375
-0.0391956
-0.0396551
-0.0401145
-0.0405738
-0.0410365
-0.0415068
-0.0419821
-0.0424582
-0.0429355
-0.0434155
-0.043899
-0.044387
-0.0448786
-0.0453729
-0.0458703
-0.0463702
-0.0468725
-0.0473789
-0.0478901
-0.0484043
-0.0489196
-0.0494379
-0.049962
-0.0504904
-0.0510187
-0.0515494
-0.0520876
-0.05263
-0.0531715
-0.0537162
-0.0542681
-0.0548233
-0.0553794
-0.0559396
-0.0565049
-0.057073
-0.057644
-0.0582195
-0.0587989
-0.0593812
-0.0599671
-0.0605573
-0.0611513
-0.0617488
-0.0623498
-0.0629548
-0.0635638
-0.0641765
-0.0647926
-0.0654127
-0.0660362
-0.0666632
-0.0672929
-0.0679251
-0.0685589
-0.0691932
-0.0698261
-0.0704552
-0.0710766
-0.0716841
-0.0722674
-0.0728082
-0.0135047
-0.0130034
-0.00912636
-0.00473926
-0.00111224
0.00142678
0.00284461
0.00324883
0.0028997
0.00210746
0.00113718
0.000168636
-0.000698772
-0.00142163
-0.0019874
-0.00239831
-0.0026712
-0.00283409
-0.00292003
-0.00296119
-0.00298484
-0.00301159
-0.00305536
-0.00312443
-0.00322274
-0.00335123
-0.00350859
-0.00369169
-0.00389626
-0.0041176
-0.00435106
-0.00459254
-0.00483866
-0.00508688
-0.00533541
-0.0055832
-0.00582969
-0.00607476
-0.00631856
-0.00656143
-0.00680384
-0.00704625
-0.00728914
-0.00753292
-0.00777798
-0.00802464
-0.00827324
-0.00852408
-0.00877751
-0.0090338
-0.00929323
-0.00955591
-0.00982193
-0.0100911
-0.0103633
-0.0106379
-0.0109143
-0.0111917
-0.0114693
-0.0117462
-0.0120218
-0.0122954
-0.012567
-0.0128366
-0.0131049
-0.0133727
-0.0136414
-0.013912
-0.0141856
-0.0144629
-0.0147439
-0.0150282
-0.0153147
-0.0156021
-0.0158889
-0.0161742
-0.0164577
-0.0167399
-0.0170221
-0.0173062
-0.0175942
-0.0178877
-0.0181875
-0.018493
-0.0188029
-0.0191151
-0.0194276
-0.0197392
-0.0200498
-0.0203602
-0.0206724
-0.0209887
-0.0213108
-0.0216395
-0.0219738
-0.0223116
-0.0226505
-0.0229886
-0.0233256
-0.023663
-0.0240028
-0.0243475
-0.0246984
-0.0250552
-0.025416
-0.0257785
-0.0261413
-0.0265039
-0.0268677
-0.0272343
-0.0276053
-0.0279815
-0.028362
-0.0287456
-0.0291305
-0.0295162
-0.0299036
-0.0302944
-0.0306898
-0.0310896
-0.0314919
-0.0318955
-0.0323001
-0.0327073
-0.0331192
-0.0335362
-0.0339572
-0.03438
-0.0348027
-0.0352262
-0.035653
-0.036086
-0.0365255
-0.0369677
-0.03741
-0.0378518
-0.0382952
-0.038745
-0.0392017
-0.0396617
-0.0401229
-0.0405837
-0.041046
-0.041514
-0.0419883
-0.0424658
-0.0429446
-0.0434247
-0.0439073
-0.0443943
-0.0448861
-0.0453815
-0.0458792
-0.0463785
-0.0468808
-0.0473872
-0.0478983
-0.048413
-0.0489286
-0.0494461
-0.0499702
-0.0504996
-0.0510279
-0.0515576
-0.0520963
-0.0526396
-0.053181
-0.0537251
-0.0542773
-0.0548331
-0.0553891
-0.0559492
-0.0565148
-0.0570832
-0.0576543
-0.05823
-0.0588097
-0.0593925
-0.0599786
-0.0605692
-0.0611638
-0.0617618
-0.0623635
-0.0629692
-0.0635792
-0.0641928
-0.0648102
-0.0654314
-0.0660566
-0.066685
-0.0673166
-0.0679507
-0.0685868
-0.0692231
-0.0698584
-0.0704895
-0.0711129
-0.0717221
-0.0723084
-0.0728557
-0.0115426
-0.010818
-0.00682578
-0.00248285
0.000977631
0.00327161
0.00437649
0.00444613
0.00379172
0.00275359
0.00160191
0.000508843
-0.000438472
-0.00120744
-0.00179183
-0.00220176
-0.0024635
-0.00261317
-0.00268943
-0.00272711
-0.00275377
-0.00278878
-0.00284432
-0.00292686
-0.00303892
-0.00318033
-0.00334881
-0.00354057
-0.00375111
-0.00397582
-0.00421045
-0.00445143
-0.00469597
-0.00494204
-0.00518832
-0.00543407
-0.00567894
-0.00592296
-0.0061663
-0.0064093
-0.00665236
-0.00689588
-0.00714022
-0.00738572
-0.00763268
-0.00788132
-0.00813188
-0.00838454
-0.00863951
-0.00889697
-0.0091571
-0.00942001
-0.00968582
-0.00995451
-0.010226
-0.0105
-0.0107761
-0.0110537
-0.0113322
-0.0116107
-0.0118886
-0.0121651
-0.0124401
-0.0127134
-0.0129855
-0.0132572
-0.0135296
-0.0138038
-0.0140808
-0.0143614
-0.0146457
-0.0149334
-0.0152234
-0.0155145
-0.0158053
-0.0160948
-0.0163827
-0.0166693
-0.0169558
-0.0172439
-0.0175356
-0.0178323
-0.0181349
-0.0184428
-0.0187547
-0.0190687
-0.0193832
-0.0196968
-0.0200097
-0.0203226
-0.0206373
-0.0209559
-0.0212799
-0.0216101
-0.0219454
-0.0222842
-0.022624
-0.0229632
-0.0233017
-0.0236407
-0.0239823
-0.0243286
-0.0246806
-0.0250379
-0.0253989
-0.0257616
-0.0261249
-0.0264886
-0.0268537
-0.0272217
-0.0275938
-0.0279705
-0.0283511
-0.0287347
-0.0291202
-0.0295068
-0.029895
-0.0302862
-0.0306817
-0.0310816
-0.0314846
-0.0318892
-0.032295
-0.0327025
-0.033114
-0.0335303
-0.0339511
-0.0343747
-0.0347992
-0.0352242
-0.0356512
-0.0360829
-0.0365209
-0.0369632
-0.0374071
-0.0378512
-0.0382956
-0.0387438
-0.0391987
-0.0396585
-0.0401212
-0.0405844
-0.0410474
-0.0415137
-0.0419863
-0.0424644
-0.0429451
-0.0434263
-0.0439084
-0.0443943
-0.0448859
-0.0453826
-0.0458811
-0.0463798
-0.0468818
-0.047389
-0.0479003
-0.0484149
-0.0489308
-0.0494484
-0.0499725
-0.0505027
-0.0510312
-0.0515603
-0.0520992
-0.0526436
-0.053185
-0.0537286
-0.0542812
-0.0548377
-0.0553938
-0.0559539
-0.0565199
-0.0570887
-0.05766
-0.0582359
-0.0588162
-0.0593994
-0.0599858
-0.0605769
-0.0611722
-0.0617709
-0.0623732
-0.0629798
-0.0635908
-0.0642056
-0.064824
-0.0654468
-0.0660733
-0.0667036
-0.067337
-0.0679731
-0.0686112
-0.0692498
-0.069887
-0.0705204
-0.0711457
-0.0717568
-0.0723435
-0.0728893
-0.013173
-0.0129994
-0.00956842
-0.00564205
-0.00238256
-6.0836e-05
0.0013022
0.00181508
0.00170277
0.00121911
0.000575573
-8.83001e-05
-0.000696348
-0.00121534
-0.00163584
-0.00196017
-0.00220141
-0.00237915
-0.00251399
-0.00262429
-0.0027247
-0.00282566
-0.00293388
-0.00305352
-0.00318691
-0.00333501
-0.00349781
-0.00367452
-0.00386384
-0.0040642
-0.00427388
-0.00449124
-0.00471472
-0.00494299
-0.00517494
-0.00540971
-0.00564666
-0.00588533
-0.00612543
-0.00636679
-0.00660929
-0.00685289
-0.00709757
-0.00734334
-0.00759025
-0.00783833
-0.0080877
-0.00833846
-0.00859082
-0.00884501
-0.00910136
-0.00936017
-0.0096218
-0.00988648
-0.0101544
-0.0104254
-0.0106993
-0.0109756
-0.0112535
-0.0115323
-0.0118109
-0.0120888
-0.0123653
-0.0126404
-0.0129143
-0.0131877
-0.0134616
-0.0137373
-0.0140157
-0.0142977
-0.0145835
-0.0148729
-0.0151651
-0.0154587
-0.0157525
-0.0160454
-0.0163368
-0.0166269
-0.0169168
-0.0172079
-0.0175021
-0.0178009
-0.0181051
-0.0184144
-0.0187278
-0.0190435
-0.0193598
-0.0196755
-0.0199905
-0.0203055
-0.0206221
-0.0209422
-0.0212673
-0.0215981
-0.0219341
-0.0222736
-0.0226143
-0.0229549
-0.0232947
-0.0236352
-0.023978
-0.0243252
-0.0246777
-0.0250351
-0.0253962
-0.0257593
-0.0261233
-0.0264879
-0.0268541
-0.0272229
-0.0275955
-0.0279721
-0.0283527
-0.0287365
-0.0291226
-0.0295102
-0.0298991
-0.0302904
-0.0306854
-0.0310848
-0.0314881
-0.0318938
-0.032301
-0.0327093
-0.0331203
-0.0335354
-0.0339552
-0.034379
-0.0348051
-0.035232
-0.0356598
-0.0360904
-0.0365262
-0.0369677
-0.0374128
-0.0378591
-0.0383051
-0.0387524
-0.039205
-0.0396639
-0.0401275
-0.0405926
-0.0410569
-0.0415222
-0.041993
-0.0424707
-0.0429528
-0.0434354
-0.0439173
-0.044402
-0.0448931
-0.0453906
-0.0458903
-0.0463884
-0.0468894
-0.0473974
-0.0479098
-0.0484236
-0.0489389
-0.0494572
-0.0499819
-0.0505121
-0.0510406
-0.0515693
-0.0521083
-0.0526535
-0.0531951
-0.0537383
-0.054291
-0.0548481
-0.0554042
-0.0559645
-0.0565308
-0.0570999
-0.0576712
-0.0582475
-0.0588282
-0.0594118
-0.0599985
-0.0605901
-0.0611859
-0.0617854
-0.0623883
-0.0629956
-0.0636075
-0.0642234
-0.0648431
-0.065467
-0.0660951
-0.0667269
-0.067362
-0.0679999
-0.0686399
-0.0692804
-0.0699197
-0.0705548
-0.0711819
-0.0717945
-0.0723816
-0.0729249
0.0090708
0.00914519
0.00573042
0.00202367
-0.000923318
-0.00290058
-0.00391487
-0.00414086
-0.0038582
-0.00333917
-0.0027817
-0.0022991
-0.00194127
-0.0017222
-0.00163916
-0.0016731
-0.00179293
-0.00196459
-0.00216042
-0.0023616
-0.00255762
-0.00274427
-0.00292098
-0.0030893
-0.00325205
-0.0034126
-0.00357426
-0.00373992
-0.00391179
-0.00409137
-0.00427948
-0.00447635
-0.0046817
-0.00489493
-0.00511515
-0.0053414
-0.00557268
-0.0058081
-0.00604685
-0.00628824
-0.00653171
-0.00677682
-0.00702323
-0.00727068
-0.00751901
-0.00776814
-0.00801808
-0.00826889
-0.00852076
-0.00877392
-0.00902874
-0.00928561
-0.00954501
-0.00980733
-0.0100729
-0.0103419
-0.0106143
-0.0108896
-0.0111673
-0.0114466
-0.0117266
-0.0120065
-0.0122855
-0.0125634
-0.0128401
-0.0131162
-0.0133924
-0.01367
-0.0139499
-0.0142331
-0.0145201
-0.0148109
-0.0151049
-0.0154011
-0.0156981
-0.0159948
-0.0162904
-0.0165847
-0.0168784
-0.0171728
-0.0174694
-0.01777
-0.0180755
-0.018386
-0.0187009
-0.0190186
-0.0193375
-0.0196561
-0.019974
-0.0202916
-0.0206101
-0.0209315
-0.0212573
-0.0215887
-0.0219252
-0.0222657
-0.0226081
-0.0229506
-0.0232925
-0.0236345
-0.0239784
-0.024326
-0.0246787
-0.0250364
-0.025398
-0.0257619
-0.0261271
-0.0264931
-0.0268602
-0.0272295
-0.0276021
-0.0279787
-0.0283594
-0.0287438
-0.0291309
-0.0295197
-0.0299095
-0.0303008
-0.030695
-0.0310937
-0.0314971
-0.0319041
-0.032313
-0.0327225
-0.0331332
-0.033547
-0.0339654
-0.0343891
-0.0348167
-0.0352457
-0.0356747
-0.0361047
-0.0365384
-0.0369785
-0.0374242
-0.0378726
-0.0383205
-0.0387677
-0.0392183
-0.0396757
-0.0401397
-0.0406065
-0.0410723
-0.0415375
-0.0420065
-0.0424832
-0.0429662
-0.0434501
-0.0439324
-0.0444164
-0.0449066
-0.0454044
-0.0459053
-0.0464033
-0.046903
-0.0474114
-0.0479254
-0.0484389
-0.0489527
-0.0494712
-0.0499971
-0.0505277
-0.0510556
-0.0515838
-0.0521231
-0.0526691
-0.0532108
-0.0537536
-0.0543064
-0.0548638
-0.0554201
-0.0559804
-0.0565471
-0.0571164
-0.0576878
-0.0582642
-0.0588455
-0.0594294
-0.0600165
-0.0606083
-0.0612049
-0.061805
-0.0624086
-0.0630166
-0.0636295
-0.0642465
-0.0648673
-0.0654925
-0.066122
-0.0667555
-0.0673922
-0.068032
-0.0686737
-0.0693162
-0.0699573
-0.0705942
-0.0712227
-0.0718367
-0.0724273
-0.0729798
-0.0136831
-0.0138051
-0.0103535
-0.00639208
-0.0030403
-0.000583698
0.000954251
0.00166759
0.00175874
0.00145978
0.000967236
0.000416281
-0.000115248
-0.000590416
-0.000996421
-0.00133226
-0.0016054
-0.00182957
-0.00201978
-0.00218914
-0.00234702
-0.00249962
-0.0026513
-0.00280509
-0.00296305
-0.00312658
-0.0032966
-0.00347367
-0.00365803
-0.00384977
-0.00404874
-0.00425472
-0.00446731
-0.00468602
-0.00491027
-0.00513948
-0.00537302
-0.00561032
-0.00585081
-0.00609404
-0.00633958
-0.00658712
-0.0068364
-0.00708718
-0.00733931
-0.00759263
-0.00784706
-0.00810248
-0.0083589
-0.00861632
-0.00887492
-0.0091349
-0.00939662
-0.00966044
-0.00992679
-0.010196
-0.0104682
-0.0107435
-0.0110215
-0.0113019
-0.0115839
-0.0118667
-0.0121497
-0.0124323
-0.012714
-0.0129949
-0.0132755
-0.0135566
-0.0138392
-0.0141243
-0.0144128
-0.014705
-0.0150008
-0.0152996
-0.0156002
-0.0159015
-0.0162023
-0.016502
-0.0168007
-0.0170993
-0.0173991
-0.0177017
-0.0180087
-0.0183205
-0.0186372
-0.0189574
-0.0192796
-0.0196021
-0.0199239
-0.0202449
-0.020566
-0.0208891
-0.0212159
-0.0215479
-0.0218854
-0.0222275
-0.0225721
-0.0229174
-0.0232621
-0.0236063
-0.0239516
-0.0242999
-0.0246528
-0.025011
-0.0253737
-0.0257394
-0.0261065
-0.0264742
-0.0268426
-0.0272125
-0.0275853
-0.0279621
-0.0283434
-0.0287289
-0.0291176
-0.029508
-0.0298988
-0.0302905
-0.0306843
-0.0310826
-0.0314863
-0.0318946
-0.0323055
-0.0327166
-0.0331278
-0.0335407
-0.0339581
-0.0343816
-0.0348103
-0.0352415
-0.0356723
-0.0361024
-0.0365349
-0.0369736
-0.0374195
-0.0378696
-0.0383195
-0.0387676
-0.0392173
-0.0396732
-0.040137
-0.0406051
-0.0410726
-0.0415387
-0.0420069
-0.0424822
-0.0429655
-0.0434508
-0.0439342
-0.0444182
-0.0449075
-0.045405
-0.0459072
-0.0464061
-0.0469048
-0.0474128
-0.0479282
-0.0484428
-0.0489557
-0.0494731
-0.05
-0.0505323
-0.0510601
-0.0515872
-0.0521265
-0.0526738
-0.0532159
-0.0537584
-0.0543112
-0.0548693
-0.0554257
-0.0559861
-0.0565532
-0.057123
-0.0576945
-0.0582713
-0.058853
-0.0594377
-0.0600251
-0.0606174
-0.0612146
-0.0618156
-0.06242
-0.0630288
-0.0636427
-0.0642608
-0.0648829
-0.0655093
-0.0661403
-0.0667752
-0.0674137
-0.068055
-0.0686986
-0.0693427
-0.0699856
-0.0706243
-0.0712548
-0.0718698
-0.0724577
-0.0729996
0.013097
0.0127143
0.00928646
0.00521788
0.00176062
-0.000781284
-0.00238332
-0.00314994
-0.00330143
-0.00308602
-0.00270983
-0.00231115
-0.0019668
-0.00171115
-0.0015547
-0.00149646
-0.0015255
-0.00162397
-0.00177166
-0.00195028
-0.00214635
-0.00235066
-0.00255742
-0.00276328
-0.0029667
-0.00316729
-0.00336547
-0.0035622
-0.00375866
-0.00395612
-0.00415572
-0.00435847
-0.00456507
-0.00477603
-0.00499158
-0.00521179
-0.00543652
-0.00566556
-0.00589858
-0.00613523
-0.00637515
-0.00661798
-0.0068634
-0.00711113
-0.00736091
-0.0076125
-0.00786572
-0.00812039
-0.00837639
-0.00863364
-0.00889216
-0.00915197
-0.00941323
-0.00967611
-0.00994089
-0.0102078
-0.0104771
-0.0107489
-0.0110234
-0.0113004
-0.0115797
-0.0118609
-0.0121434
-0.0124266
-0.01271
-0.0129933
-0.0132764
-0.0135596
-0.0138435
-0.0141291
-0.0144171
-0.0147083
-0.015003
-0.015301
-0.0156019
-0.0159045
-0.0162078
-0.0165108
-0.0168132
-0.017115
-0.0174172
-0.0177211
-0.0180282
-0.0183396
-0.0186559
-0.0189763
-0.0192997
-0.0196243
-0.0199487
-0.0202723
-0.0205955
-0.0209198
-0.0212468
-0.0215784
-0.0219153
-0.0222573
-0.0226026
-0.0229495
-0.0232961
-0.0236421
-0.0239882
-0.0243365
-0.0246889
-0.0250465
-0.0254092
-0.0257756
-0.0261438
-0.0265125
-0.0268815
-0.0272514
-0.0276239
-0.0280003
-0.0283815
-0.0287672
-0.0291564
-0.0295474
-0.0299388
-0.0303306
-0.0307241
-0.0311215
-0.0315246
-0.0319329
-0.0323445
-0.0327568
-0.0331685
-0.033581
-0.0339972
-0.0344195
-0.034848
-0.0352799
-0.0357121
-0.0361429
-0.0365748
-0.0370119
-0.0374563
-0.0379066
-0.038358
-0.0388074
-0.039257
-0.0397111
-0.0401732
-0.0406414
-0.0411101
-0.0415776
-0.0420456
-0.0425188
-0.0430008
-0.043487
-0.0439716
-0.044456
-0.044944
-0.0454398
-0.0459428
-0.0464436
-0.0469415
-0.0474473
-0.0479628
-0.0484793
-0.0489927
-0.049508
-0.0500332
-0.0505674
-0.0510971
-0.0516224
-0.0521598
-0.0527082
-0.0532518
-0.0537933
-0.0543454
-0.0549038
-0.0554608
-0.0560206
-0.0565878
-0.057158
-0.0577297
-0.058306
-0.058888
-0.0594732
-0.060061
-0.0606533
-0.0612507
-0.0618524
-0.0624573
-0.0630668
-0.0636812
-0.0643003
-0.0649232
-0.0655508
-0.0661828
-0.0668191
-0.0674588
-0.0681017
-0.0687467
-0.0693925
-0.0700368
-0.0706767
-0.071308
-0.0719252
-0.0725197
-0.073077
-0.0125876
-0.012312
-0.00900987
-0.00507595
-0.00174869
0.000664224
0.00213588
0.00276413
0.00276201
0.00237292
0.00180112
0.00118505
0.000602511
8.89294e-05
-0.000344523
-0.000698251
-0.000981942
-0.00121187
-0.00140656
-0.00158189
-0.00174931
-0.00191607
-0.0020867
-0.00226376
-0.00244847
-0.00264113
-0.00284138
-0.00304855
-0.00326175
-0.00348012
-0.00370282
-0.00392922
-0.00415876
-0.00439107
-0.00462584
-0.00486291
-0.00510215
-0.00534349
-0.00558689
-0.00583231
-0.00607971
-0.00632907
-0.00658037
-0.00683356
-0.00708862
-0.00734548
-0.00760412
-0.00786446
-0.00812647
-0.0083901
-0.00865531
-0.00892204
-0.00919027
-0.00945995
-0.0097311
-0.0100037
-0.0102779
-0.0105537
-0.0108313
-0.0111108
-0.0113922
-0.0116754
-0.0119604
-0.0122469
-0.0125346
-0.0128231
-0.0131122
-0.0134018
-0.013692
-0.0139833
-0.014276
-0.0145708
-0.014868
-0.0151681
-0.0154709
-0.0157759
-0.0160827
-0.0163904
-0.0166983
-0.0170063
-0.0173146
-0.0176237
-0.0179347
-0.0182488
-0.0185668
-0.0188885
-0.0192136
-0.0195408
-0.0198689
-0.020197
-0.020525
-0.0208535
-0.0211838
-0.0215174
-0.0218554
-0.0221981
-0.0225446
-0.0228935
-0.0232432
-0.0235925
-0.0239419
-0.0242926
-0.0246464
-0.0250048
-0.0253682
-0.0257357
-0.0261056
-0.0264764
-0.0268474
-0.0272191
-0.0275931
-0.0279705
-0.0283525
-0.028739
-0.0291289
-0.029521
-0.0299139
-0.0303074
-0.0307024
-0.0311004
-0.0315035
-0.0319118
-0.032324
-0.0327378
-0.0331514
-0.0335654
-0.033982
-0.0344036
-0.0348315
-0.0352637
-0.0356977
-0.0361309
-0.0365639
-0.0370006
-0.0374434
-0.037893
-0.038346
-0.038798
-0.0392493
-0.0397029
-0.0401628
-0.0406304
-0.041101
-0.0415708
-0.0420402
-0.042512
-0.0429917
-0.0434788
-0.043966
-0.0444519
-0.0449393
-0.0454327
-0.0459357
-0.0464401
-0.0469393
-0.0474423
-0.0479563
-0.0484751
-0.0489917
-0.0495064
-0.0500279
-0.0505622
-0.0510969
-0.0516229
-0.0521561
-0.0527044
-0.0532517
-0.0537937
-0.0543435
-0.0549027
-0.0554612
-0.056021
-0.0565874
-0.0571589
-0.0577314
-0.0583076
-0.0588894
-0.0594757
-0.0600644
-0.0606569
-0.0612547
-0.0618572
-0.0624634
-0.0630734
-0.0636887
-0.0643088
-0.0649331
-0.0655617
-0.0661951
-0.0668327
-0.067474
-0.0681183
-0.0687649
-0.0694122
-0.0700584
-0.0707003
-0.0713336
-0.0719505
-0.0725387
-0.0730792
0.01589
0.0156627
0.0120364
0.0078075
0.0041923
0.00149073
-0.000272136
-0.00119721
-0.00150105
-0.00142931
-0.00118668
-0.000910731
-0.000678062
-0.00052302
-0.000456169
-0.000476559
-0.000573562
-0.000729679
-0.000925276
-0.00114431
-0.00137568
-0.00161289
-0.00185208
-0.00209107
-0.00232881
-0.00256496
-0.00279957
-0.00303299
-0.00326567
-0.00349812
-0.0037308
-0.00396414
-0.00419844
-0.00443398
-0.00467093
-0.00490946
-0.00514964
-0.00539157
-0.0056353
-0.00588087
-0.00612828
-0.00637755
-0.00662867
-0.00688161
-0.00713637
-0.0073929
-0.00765121
-0.00791125
-0.00817305
-0.00843657
-0.00870183
-0.00896878
-0.00923739
-0.00950753
-0.00977917
-0.0100521
-0.0103264
-0.0106019
-0.0108786
-0.0111566
-0.0114361
-0.0117171
-0.0119999
-0.0122845
-0.0125708
-0.012859
-0.0131487
-0.0134399
-0.0137323
-0.014026
-0.0143208
-0.014617
-0.0149146
-0.0152139
-0.0155153
-0.0158187
-0.0161243
-0.0164319
-0.0167411
-0.0170516
-0.0173631
-0.0176755
-0.0179892
-0.0183047
-0.0186227
-0.0189433
-0.0192669
-0.019593
-0.0199211
-0.0202506
-0.0205811
-0.0209126
-0.0212454
-0.0215804
-0.0219184
-0.0222599
-0.0226049
-0.0229529
-0.0233029
-0.0236538
-0.0240053
-0.0243578
-0.0247126
-0.025071
-0.0254336
-0.0258001
-0.0261695
-0.0265405
-0.0269124
-0.0272853
-0.0276601
-0.0280381
-0.0284198
-0.0288056
-0.0291946
-0.0295863
-0.0299797
-0.0303741
-0.0307702
-0.0311688
-0.0315711
-0.031978
-0.032389
-0.0328029
-0.0332178
-0.0336332
-0.0340504
-0.0344709
-0.0348968
-0.0353278
-0.035762
-0.0361972
-0.0366318
-0.0370681
-0.0375089
-0.037956
-0.0384088
-0.038863
-0.0393161
-0.0397696
-0.0402269
-0.0406919
-0.0411632
-0.0416352
-0.042106
-0.0425769
-0.0430531
-0.043539
-0.0440287
-0.0445163
-0.0450031
-0.0454937
-0.0459942
-0.0465014
-0.047004
-0.0475043
-0.0480141
-0.0485333
-0.0490536
-0.04957
-0.0500872
-0.0506172
-0.051156
-0.0516868
-0.0522153
-0.0527588
-0.0533103
-0.0538549
-0.0544011
-0.0549587
-0.0555199
-0.0560795
-0.0566442
-0.0572156
-0.0577895
-0.0583652
-0.0589462
-0.0595325
-0.0601221
-0.0607148
-0.061312
-0.0619148
-0.0625215
-0.0631322
-0.0637473
-0.064368
-0.064993
-0.0656225
-0.0662563
-0.0668949
-0.0675372
-0.0681827
-0.0688303
-0.0694788
-0.0701258
-0.0707684
-0.0714026
-0.0720233
-0.0726222
-0.0731847
-0.00844272
-0.00832845
-0.00500767
-0.00123088
0.00184264
0.00394751
0.005066
0.00532675
0.00497708
0.00428378
0.00345993
0.00264206
0.00190118
0.00126559
0.000741445
0.000322685
-8.51462e-06
-0.000276968
-0.000507276
-0.000719095
-0.000926092
-0.00113647
-0.00135455
-0.00158201
-0.00181875
-0.00206341
-0.00231406
-0.00256875
-0.00282571
-0.00308355
-0.00334126
-0.00359823
-0.00385411
-0.00410888
-0.00436263
-0.00461564
-0.00486821
-0.00512071
-0.00537347
-0.00562685
-0.00588111
-0.00613653
-0.0063933
-0.0066516
-0.00691158
-0.00717333
-0.00743694
-0.00770241
-0.00796978
-0.00823898
-0.00850998
-0.0087826
-0.00905674
-0.00933216
-0.00960872
-0.00988618
-0.0101645
-0.0104435
-0.0107233
-0.011004
-0.0112858
-0.011569
-0.0118538
-0.0121406
-0.0124294
-0.0127205
-0.0130137
-0.013309
-0.013606
-0.0139045
-0.0142042
-0.0145049
-0.0148065
-0.0151092
-0.0154131
-0.0157186
-0.0160261
-0.0163359
-0.0166479
-0.0169619
-0.0172778
-0.017595
-0.0179134
-0.018233
-0.0185538
-0.0188763
-0.0192008
-0.0195276
-0.0198568
-0.0201884
-0.020522
-0.0208573
-0.0211942
-0.0215326
-0.0218728
-0.0222153
-0.0225606
-0.0229087
-0.0232594
-0.0236122
-0.0239664
-0.024322
-0.0246793
-0.0250393
-0.0254026
-0.0257691
-0.0261387
-0.0265103
-0.0268836
-0.0272584
-0.0276352
-0.0280147
-0.0283973
-0.0287833
-0.0291723
-0.029564
-0.029958
-0.030354
-0.0307518
-0.0311519
-0.0315546
-0.0319611
-0.0323715
-0.0327853
-0.0332015
-0.0336189
-0.0340376
-0.0344583
-0.0348832
-0.0353132
-0.0357475
-0.0361843
-0.0366213
-0.0370584
-0.0374984
-0.0379438
-0.0383959
-0.0388519
-0.0393074
-0.039762
-0.0402182
-0.0406808
-0.0411521
-0.0416265
-0.0420992
-0.0425705
-0.0430447
-0.0435286
-0.0440203
-0.0445105
-0.0449976
-0.0454868
-0.045985
-0.0464931
-0.0470002
-0.0475006
-0.0480063
-0.0485246
-0.049048
-0.0495677
-0.0500837
-0.0506086
-0.0511481
-0.0516858
-0.0522137
-0.0527511
-0.0533041
-0.053854
-0.0543984
-0.0549531
-0.0555164
-0.0560781
-0.056641
-0.0572122
-0.0577875
-0.0583642
-0.0589442
-0.0595308
-0.0601214
-0.0607149
-0.0613121
-0.061915
-0.0625228
-0.0631344
-0.06375
-0.0643712
-0.0649973
-0.0656278
-0.0662625
-0.0669019
-0.0675453
-0.068192
-0.0688408
-0.0694909
-0.0701399
-0.0707848
-0.0714206
-0.0720394
-0.0726285
-0.0731694
0.0206649
0.0202465
0.0163988
0.0118904
0.00794882
0.00489267
0.00275283
0.00145243
0.000803015
0.000577854
0.000578155
0.000662577
0.000746558
0.000787827
0.000769998
0.000689845
0.00055086
0.000361898
0.000133938
-0.000121967
-0.000396036
-0.000680409
-0.000969288
-0.00125877
-0.00154649
-0.00183128
-0.00211256
-0.00239015
-0.00266412
-0.00293474
-0.00320237
-0.00346747
-0.00373047
-0.00399184
-0.00425199
-0.00451134
-0.00477023
-0.00502903
-0.00528803
-0.0055475
-0.0058077
-0.00606882
-0.00633106
-0.00659459
-0.00685954
-0.00712604
-0.00739417
-0.00766399
-0.00793555
-0.0082088
-0.0084837
-0.00876008
-0.0090378
-0.00931656
-0.00959616
-0.00987633
-0.010157
-0.010438
-0.0107194
-0.0110014
-0.0112843
-0.0115684
-0.0118541
-0.0121416
-0.0124314
-0.0127237
-0.0130183
-0.0133152
-0.0136142
-0.0139149
-0.0142171
-0.0145204
-0.0148246
-0.0151298
-0.015436
-0.0157436
-0.016053
-0.0163646
-0.0166785
-0.0169947
-0.017313
-0.0176329
-0.0179542
-0.0182765
-0.0185999
-0.0189244
-0.0192505
-0.0195785
-0.0199089
-0.0202417
-0.0205771
-0.0209147
-0.021254
-0.0215949
-0.0219372
-0.0222812
-0.0226274
-0.0229762
-0.0233277
-0.0236815
-0.0240373
-0.0243947
-0.024754
-0.0251155
-0.0254798
-0.025847
-0.026217
-0.0265891
-0.0269633
-0.0273392
-0.0277173
-0.028098
-0.0284816
-0.028868
-0.0292573
-0.0296492
-0.0300435
-0.0304403
-0.0308391
-0.0312401
-0.0316435
-0.03205
-0.0324602
-0.0328738
-0.0332904
-0.0337087
-0.0341283
-0.0345496
-0.0349741
-0.0354035
-0.0358375
-0.0362747
-0.0367127
-0.0371505
-0.0375903
-0.0380349
-0.0384861
-0.0389423
-0.0393989
-0.0398541
-0.0403101
-0.0407715
-0.0412418
-0.0417168
-0.0421904
-0.0426619
-0.0431354
-0.0436177
-0.0441092
-0.0446007
-0.0450881
-0.0455766
-0.0460733
-0.0465805
-0.0470891
-0.0475907
-0.0480943
-0.0486107
-0.0491347
-0.0496558
-0.0501721
-0.0506945
-0.051232
-0.051772
-0.0523018
-0.0528357
-0.0533869
-0.0539391
-0.0544842
-0.0550361
-0.0555993
-0.0561621
-0.0567244
-0.0572942
-0.0578699
-0.0584467
-0.0590262
-0.0596121
-0.0602027
-0.0607965
-0.0613933
-0.0619959
-0.0626036
-0.0632155
-0.0638311
-0.0644523
-0.0650785
-0.0657095
-0.0663444
-0.0669843
-0.0676282
-0.0682755
-0.0689248
-0.0695753
-0.0702247
-0.0708708
-0.0715097
-0.072137
-0.0727444
-0.0733184
)
;

boundaryField
{
    zeroGradientWall
    {
        type            zeroGradient;
    }
    inlet
    {
        type            zeroGradient;
    }
    plate
    {
        type            zeroGradient;
    }
    frontAndBack
    {
        type            empty;
    }
}


// ************************************************************************* //
