/*--------------------------------*- C++ -*----------------------------------*\
| =========                 |                                                 |
| \\      /  F ield         | OpenFOAM: The Open Source CFD Toolbox           |
|  \\    /   O peration     | Version:  v2012                                 |
|   \\  /    A nd           | Website:  www.openfoam.com                      |
|    \\/     M anipulation  |                                                 |
\*---------------------------------------------------------------------------*/
FoamFile
{
    version     2.0;
    format      ascii;
    class       volScalarField;
    location    "0.5";
    object      p;
}
// * * * * * * * * * * * * * * * * * * * * * * * * * * * * * * * * * * * * * //

dimensions      [0 2 -2 0 0 0 0];


internalField   nonuniform List<scalar> 
8800
(
-3.15465e-10
0.00068437
0.000767693
0.000816152
0.000712938
0.000698708
0.000555294
0.000426778
0.00019895
-3.50792e-05
-0.000299982
-0.00062167
-0.000986944
-0.00137072
-0.00180179
-0.00227259
-0.00286711
-0.00352233
-0.00444541
-0.006185
3.46004e-06
0.000681836
0.000768591
0.000814332
0.000716005
0.000696332
0.000557884
0.000425555
0.000200552
-3.547e-05
-0.000299381
-0.000630126
-0.000982855
-0.001376
-0.00180056
-0.00228806
-0.00286406
-0.00360511
-0.00456635
-0.00659466
9.51879e-06
0.00067633
0.000770555
0.000810262
0.000722245
0.000691142
0.000563308
0.000423812
0.000197101
-2.93405e-05
-0.000304101
-0.000631396
-0.000980066
-0.00137306
-0.00180497
-0.0023129
-0.00293523
-0.00367061
-0.00453173
-0.00634087
1.55623e-05
0.000671125
0.00077031
0.000809612
0.000724708
0.000691388
0.000562265
0.000430973
0.000180659
-1.06834e-05
-0.000327063
-0.000626256
-0.000986511
-0.00137444
-0.00180765
-0.00230588
-0.00309244
-0.00404976
-0.00531511
-0.00639673
2.58507e-05
0.000659242
0.000774691
0.000801903
0.000738193
0.000678345
0.000580812
0.000415993
0.000199249
-1.88834e-05
-0.000316392
-0.000639458
-0.000983441
-0.00139111
-0.00182548
-0.00231349
-0.00293546
-0.00369679
-0.00468943
-0.00683709
3.65854e-05
0.000647526
0.000774236
0.000801083
0.000741905
0.000681376
0.000583613
0.000413999
0.000200632
-2.76514e-05
-0.000317798
-0.000643184
-0.000992927
-0.00139882
-0.00181364
-0.00230885
-0.00292207
-0.00386654
-0.00520856
-0.00777323
5.06127e-05
0.000631451
0.000776354
0.000795659
0.000749837
0.000681948
0.000582349
0.00042612
0.00019923
-3.02734e-05
-0.000318361
-0.000650292
-0.00100779
-0.00140063
-0.00183779
-0.00230397
-0.00294018
-0.00384488
-0.0052794
-0.00795925
6.90772e-05
0.000606999
0.000780928
0.000790862
0.000759796
0.000689433
0.000579606
0.000429219
0.000203179
-4.09253e-05
-0.000315722
-0.000664339
-0.00102795
-0.00141703
-0.00183306
-0.00231654
-0.0029558
-0.00391293
-0.00547024
-0.00834063
8.87828e-05
0.000591544
0.000764938
0.000799003
0.000750232
0.000711719
0.000579446
0.000428919
0.000214488
-6.3897e-05
-0.000303935
-0.000664822
-0.00105107
-0.00142738
-0.00185051
-0.00233712
-0.00299908
-0.00400749
-0.00566993
-0.00868468
0.000115263
0.000561654
0.000765484
0.000788804
0.000761321
0.000717736
0.000586868
0.000426968
0.000213376
-5.38731e-05
-0.000340279
-0.000684267
-0.00105938
-0.00144466
-0.00186925
-0.00236888
-0.00305674
-0.00411705
-0.00586572
-0.00898076
0.000140597
0.00054549
0.000738931
0.000789147
0.000774019
0.000715625
0.000620914
0.000421043
0.000191668
-3.70502e-05
-0.000360685
-0.000706187
-0.00107474
-0.00146041
-0.00189267
-0.00241145
-0.00312875
-0.00423707
-0.00605872
-0.00925624
0.000173275
0.000524763
0.000709125
0.000792375
0.000773018
0.000728069
0.000637491
0.000422048
0.000188045
-5.46201e-05
-0.0003645
-0.000727886
-0.00109952
-0.00148281
-0.00192192
-0.00246226
-0.00321186
-0.00436382
-0.00624652
-0.00950829
0.000205556
0.000508509
0.000681274
0.000772773
0.000786265
0.000742609
0.000641317
0.000450292
0.000182001
-8.69333e-05
-0.000378403
-0.00074125
-0.00112574
-0.00151381
-0.00195874
-0.00252099
-0.00330323
-0.00449528
-0.00642844
-0.00974631
0.000236816
0.000499264
0.000653202
0.000742284
0.000800943
0.000757258
0.000644756
0.000469329
0.000187265
-0.000110488
-0.000404757
-0.000758286
-0.00114986
-0.00154876
-0.00200317
-0.00258585
-0.00340014
-0.00462927
-0.00660325
-0.00996416
0.0002683
0.000493125
0.00062879
0.000710084
0.000795102
0.000782867
0.000650281
0.000473675
0.000205325
-0.000120835
-0.000440415
-0.000787095
-0.00117656
-0.00158607
-0.00205221
-0.00265504
-0.00350017
-0.00476444
-0.00677374
-0.0101706
0.000296241
0.000490983
0.000610542
0.000676188
0.000770648
0.000802918
0.000678677
0.000464841
0.000209137
-0.000114855
-0.000465126
-0.000826223
-0.00121273
-0.00162791
-0.00210641
-0.00272798
-0.00360164
-0.00489886
-0.00693985
-0.0103674
0.000323967
0.000488495
0.000595904
0.000652981
0.000733999
0.000802
0.000711478
0.00047279
0.00019885
-0.000114589
-0.000474661
-0.000859638
-0.00125714
-0.00167713
-0.00216678
-0.00280524
-0.00370311
-0.00502957
-0.00709878
-0.010552
0.000351611
0.000484042
0.000585897
0.000635981
0.000696583
0.000775877
0.000728554
0.000502834
0.000196542
-0.000125882
-0.000486019
-0.000884118
-0.00129925
-0.00173253
-0.00223294
-0.00288633
-0.00380417
-0.00515538
-0.00725009
-0.0107264
0.000375768
0.000482254
0.000573118
0.00062631
0.000670281
0.000730928
0.000717783
0.000535862
0.000216677
-0.00013603
-0.000503997
-0.00090711
-0.00133636
-0.00178728
-0.00230318
-0.00297028
-0.00390464
-0.00527583
-0.00739183
-0.0108873
0.000396129
0.000483899
0.000558316
0.000617534
0.000657785
0.000686105
0.000674764
0.00054446
0.000255886
-0.00012459
-0.000522759
-0.000934688
-0.00137256
-0.00183955
-0.00237289
-0.00305481
-0.00400312
-0.00538974
-0.00752309
-0.0110352
0.000412779
0.000485622
0.000545365
0.000603296
0.000650052
0.000655108
0.000618701
0.000517576
0.00028331
-8.80097e-05
-0.000521051
-0.000961481
-0.00141036
-0.00189021
-0.00243948
-0.00313661
-0.00409752
-0.00549595
-0.00764244
-0.0111683
0.000425156
0.00048654
0.00053614
0.000584619
0.000635082
0.000639806
0.000572783
0.000462527
0.00027894
-4.74964e-05
-0.000491071
-0.000968923
-0.00144527
-0.00193923
-0.00250231
-0.00321292
-0.00418505
-0.00559308
-0.00774936
-0.0112861
0.000431361
0.000486732
0.000530755
0.000564891
0.000611846
0.000623231
0.000544046
0.000409465
0.000239949
-3.17733e-05
-0.000446832
-0.000948216
-0.00146143
-0.0019816
-0.00255984
-0.00328161
-0.00426283
-0.00567859
-0.00784199
-0.0113868
0.000433598
0.000482583
0.00052472
0.00054882
0.000581507
0.000596832
0.000526959
0.000373711
0.000191332
-4.72953e-05
-0.000415701
-0.000906085
-0.00144909
-0.00200367
-0.0026052
-0.00333924
-0.00432745
-0.00574854
-0.0079174
-0.0114683
0.000433146
0.00047202
0.000514023
0.000536718
0.000550215
0.000560547
0.000505616
0.000356139
0.000155701
-8.04287e-05
-0.000407183
-0.000864312
-0.00141012
-0.00199497
-0.00262549
-0.00337743
-0.0043738
-0.00579893
-0.00797171
-0.0115286
0.000426227
0.00045814
0.000498473
0.00052201
0.000519943
0.00051793
0.000476972
0.00034426
0.000137817
-0.000106391
-0.000415083
-0.000833519
-0.00136082
-0.00195544
-0.00261022
-0.00338202
-0.00439037
-0.00582209
-0.00799997
-0.0115635
0.000412913
0.000440247
0.000477608
0.000500469
0.000489674
0.000475265
0.000441569
0.000329187
0.000132405
-0.000115951
-0.000416873
-0.000810319
-0.00131084
-0.00189794
-0.0025595
-0.00333893
-0.00434701
-0.00577296
-0.00794687
-0.0115136
0.000392601
0.00041797
0.00045065
0.000469931
0.000455452
0.000433951
0.000402125
0.000307855
0.000127962
-0.000111079
-0.000400557
-0.000772385
-0.00124999
-0.00183145
-0.00251181
-0.00332267
-0.00435692
-0.00579284
-0.00796204
-0.0115183
0.000363452
0.000390215
0.000418705
0.00042951
0.000413596
0.000390697
0.000361879
0.000283021
0.000124153
-0.000104387
-0.00037931
-0.000713802
-0.00113312
-0.00164678
-0.0022669
-0.00303839
-0.0040618
-0.00551332
-0.00771065
-0.011294
0.000325115
0.000355331
0.000378342
0.000381106
0.000364887
0.000339847
0.000313975
0.000256681
0.000130778
-7.72065e-05
-0.000363505
-0.00072274
-0.00116606
-0.00169894
-0.00232727
-0.00308472
-0.00406284
-0.00544891
-0.0075825
-0.0111166
0.000281911
0.000313124
0.000325348
0.0003228
0.000312982
0.000284914
0.000245319
0.000188065
0.000108663
-6.32058e-06
-0.000174422
-0.000412507
-0.000735035
-0.0011545
-0.00169424
-0.00240616
-0.0033939
-0.00483419
-0.0070629
-0.0107432
0.000223481
0.000261194
0.000259804
0.000252021
0.000251257
0.000244916
0.00021582
0.000122326
-3.41567e-05
-0.000240972
-0.00049015
-0.000785945
-0.00113216
-0.00152521
-0.00196669
-0.00248448
-0.00316563
-0.00419499
-0.00593454
-0.00910731
0.000175253
0.000183101
0.000188521
0.000173038
0.000141984
0.000124619
0.000130764
0.000168531
0.000207624
0.000226752
0.000201131
0.000103826
-8.76603e-05
-0.000391424
-0.000830836
-0.00145987
-0.00239482
-0.00385286
-0.00617173
-0.010111
0.000105484
8.32734e-05
0.000109947
0.000138354
0.000137736
8.8551e-05
-6.22188e-05
-0.000314504
-0.00064759
-0.00102128
-0.0013704
-0.00162588
-0.00176906
-0.00182798
-0.00181824
-0.00170588
-0.00135247
-0.000473373
0.00136848
0.00493784
8.2571e-06
-1.72597e-06
-2.97596e-05
-5.06249e-05
-3.63875e-05
4.65863e-05
0.000217567
0.00043243
0.000633576
0.000785333
0.000867639
0.000858839
0.000729808
0.000452669
-1.12169e-05
-0.000713294
-0.0017704
-0.00340055
-0.00596641
-0.0100235
-9.09164e-05
-8.57221e-05
-7.01145e-05
-5.01475e-05
-9.68789e-05
-0.00025249
-0.000481332
-0.000745363
-0.000999656
-0.00117469
-0.00121971
-0.00113053
-0.000935277
-0.000645377
-0.00023729
0.00036609
0.00131348
0.00281785
0.00522104
0.00903387
-0.000227702
-0.000261889
-0.00028788
-0.000273925
-0.000177018
4.1041e-05
0.000353762
0.000704114
0.00102766
0.00128212
0.00144922
0.00151932
0.00148302
0.00131314
0.000967799
0.000367687
-0.000620666
-0.00219255
-0.00467056
-0.0085572
-0.000310189
-0.000302275
-0.000318265
-0.000379544
-0.000495007
-0.000651892
-0.000821138
-0.000937174
-0.000937949
-0.000804855
-0.000543873
-0.000157774
0.000354627
0.000998606
0.00179434
0.00279544
0.004099
0.00589247
0.00851168
0.0126107
-0.000471042
-0.000500617
-0.000542721
-0.000554334
-0.000470519
-0.000278942
3.17742e-05
0.000451712
0.000928936
0.00138193
0.00176057
0.00206955
0.00233303
0.00254222
0.00263177
0.00249204
0.00198442
0.00089069
-0.00117706
-0.00495482
-0.000489296
-0.000529652
-0.00066746
-0.000872516
-0.00109763
-0.00129249
-0.00138969
-0.00133638
-0.00110667
-0.000692464
-8.74033e-05
0.000718333
0.00173293
0.00296545
0.00442923
0.00613774
0.00811677
0.0104548
0.0133958
0.0175275
-0.00784432
-0.00708159
-0.00436655
-0.00170269
0.000368888
0.00179867
0.00265887
0.00303251
0.00298758
0.00260081
0.00197889
0.00124986
0.000529378
-0.000104906
-0.000615832
-0.000998427
-0.00126992
-0.00145949
-0.00159837
-0.00171293
-0.00182327
-0.00194253
-0.00207907
-0.0022363
-0.00241482
-0.0026135
-0.00283061
-0.00306495
-0.00331476
-0.00357895
-0.00385589
-0.00414437
-0.00444306
-0.00475087
-0.00506601
-0.00538668
-0.00571131
-0.00603965
-0.00637354
-0.00671511
-0.00706825
-0.00743588
-0.00782071
-0.00822534
-0.00865105
-0.0090983
-0.00956619
-0.0100538
-0.0105553
-0.0110635
-0.0115703
-0.0120622
-0.0125308
-0.0129722
-0.0133791
-0.0137455
-0.0140655
-0.0143336
-0.0145454
-0.0146983
-0.0147978
-0.0148607
-0.0149087
-0.0149547
-0.0150038
-0.0150563
-0.0151078
-0.0151632
-0.0152391
-0.015353
-0.0155103
-0.0157024
-0.0159106
-0.0161097
-0.0162877
-0.016458
-0.0166441
-0.0168711
-0.0171513
-0.017467
-0.0177847
-0.0180729
-0.0183232
-0.0185637
-0.0188251
-0.0191128
-0.0194217
-0.0197335
-0.0200266
-0.0203041
-0.020586
-0.0208856
-0.0212069
-0.0215351
-0.0218521
-0.0221599
-0.0224691
-0.0227819
-0.0230969
-0.0234037
-0.0237005
-0.024014
-0.0243587
-0.024704
-0.025027
-0.025351
-0.0256938
-0.0260392
-0.0263741
-0.0267089
-0.0270512
-0.027397
-0.0277409
-0.0280856
-0.0284361
-0.0287909
-0.0291438
-0.0294951
-0.029851
-0.0302106
-0.0305703
-0.0309321
-0.0313015
-0.0316754
-0.032049
-0.0324233
-0.032802
-0.0331853
-0.033571
-0.0339594
-0.0343512
-0.0347473
-0.0351464
-0.035549
-0.0359551
-0.0363653
-0.036779
-0.0371962
-0.0376165
-0.0380402
-0.0384676
-0.0388992
-0.0393352
-0.0397761
-0.0402216
-0.0406724
-0.0411272
-0.0415871
-0.0420507
-0.0425192
-0.0429914
-0.0434683
-0.0439494
-0.0444348
-0.0449249
-0.0454193
-0.0459184
-0.0464222
-0.0469304
-0.0474441
-0.0479613
-0.0484849
-0.0490114
-0.0495448
-0.0500813
-0.0506243
-0.0511716
-0.0517243
-0.0522827
-0.0528452
-0.0534143
-0.0539873
-0.0545664
-0.0551507
-0.0557392
-0.0563353
-0.0569332
-0.0575406
-0.0581489
-0.0587662
-0.0593861
-0.0600128
-0.0606431
-0.0612809
-0.0619191
-0.0625693
-0.0632144
-0.0638742
-0.0645283
-0.0651927
-0.0658537
-0.0665217
-0.0671794
-0.0678461
-0.0684893
-0.0691334
-0.0697381
-0.0703218
-0.0708086
-0.0712537
-0.00843383
-0.00751676
-0.00464166
-0.00188862
0.000282209
0.00181805
0.00274613
0.00312865
0.00304991
0.00262048
0.00197138
0.00123285
0.000512538
-0.000119018
-0.000628572
-0.0010118
-0.00128491
-0.00147589
-0.00161532
-0.00172951
-0.00183894
-0.00195706
-0.00209267
-0.00224925
-0.00242751
-0.00262612
-0.00284331
-0.00307772
-0.00332753
-0.00359172
-0.00386844
-0.00415673
-0.00445496
-0.00476239
-0.00507715
-0.00539748
-0.00572191
-0.00604965
-0.00638299
-0.00672353
-0.00707561
-0.00744188
-0.00782498
-0.00822772
-0.00865101
-0.0090965
-0.00956187
-0.0100464
-0.0105453
-0.0110503
-0.0115537
-0.012042
-0.0125057
-0.0129417
-0.0133469
-0.013716
-0.0140393
-0.0143104
-0.0145247
-0.0146798
-0.0147817
-0.0148462
-0.0148958
-0.014944
-0.0149948
-0.015049
-0.015102
-0.0151579
-0.015234
-0.0153483
-0.0155067
-0.0156997
-0.0159082
-0.0161073
-0.0162854
-0.0164556
-0.0166413
-0.0168682
-0.0171489
-0.0174647
-0.0177822
-0.0180703
-0.0183202
-0.0185608
-0.0188227
-0.0191108
-0.0194199
-0.0197317
-0.0200246
-0.0203021
-0.020584
-0.0208835
-0.0212049
-0.0215332
-0.0218503
-0.0221584
-0.0224679
-0.0227809
-0.0230961
-0.0234031
-0.0236995
-0.0240127
-0.0243578
-0.0247033
-0.0250261
-0.0253501
-0.0256931
-0.0260386
-0.0263735
-0.0267084
-0.0270508
-0.0273968
-0.0277406
-0.0280853
-0.0284358
-0.0287907
-0.0291436
-0.0294949
-0.0298508
-0.0302105
-0.0305702
-0.030932
-0.0313014
-0.0316754
-0.0320491
-0.0324233
-0.032802
-0.0331853
-0.033571
-0.0339594
-0.0343513
-0.0347474
-0.0351465
-0.0355491
-0.0359552
-0.0363654
-0.0367791
-0.0371963
-0.0376166
-0.0380403
-0.0384677
-0.0388993
-0.0393353
-0.0397762
-0.0402217
-0.0406725
-0.0411273
-0.0415872
-0.0420507
-0.0425192
-0.0429914
-0.0434683
-0.0439494
-0.0444348
-0.044925
-0.0454193
-0.0459184
-0.0464222
-0.0469304
-0.0474441
-0.0479613
-0.0484849
-0.0490114
-0.0495448
-0.0500813
-0.0506243
-0.0511716
-0.0517243
-0.0522827
-0.0528452
-0.0534143
-0.0539873
-0.0545664
-0.0551507
-0.0557392
-0.0563354
-0.0569332
-0.0575406
-0.0581489
-0.0587662
-0.0593861
-0.0600128
-0.0606431
-0.061281
-0.0619191
-0.0625694
-0.0632144
-0.0638742
-0.0645283
-0.0651928
-0.0658537
-0.0665217
-0.0671794
-0.0678462
-0.0684894
-0.0691337
-0.0697381
-0.0703224
-0.0708105
-0.0712549
-0.00842586
-0.00792877
-0.00529956
-0.00249086
-6.05324e-05
0.00174803
0.00285967
0.00329247
0.00316343
0.00265654
0.00195421
0.00119675
0.000478447
-0.000144937
-0.00064808
-0.00102871
-0.00130208
-0.00149426
-0.00163443
-0.00174837
-0.00185671
-0.00197344
-0.00210779
-0.00226363
-0.00244167
-0.00264055
-0.00285824
-0.00309327
-0.00334361
-0.00360822
-0.00388515
-0.00417337
-0.00447141
-0.00477832
-0.00509283
-0.00541284
-0.00573702
-0.00606444
-0.00639701
-0.00673669
-0.0070874
-0.00745171
-0.00783199
-0.00823102
-0.00864982
-0.00909094
-0.00955182
-0.0100313
-0.0105253
-0.0110233
-0.0115173
-0.0119947
-0.012447
-0.0128727
-0.0132703
-0.0136364
-0.0139605
-0.0142349
-0.0144546
-0.014617
-0.0147284
-0.0148025
-0.0148598
-0.0149146
-0.0149711
-0.0150305
-0.0150887
-0.0151494
-0.0152312
-0.0153503
-0.0155098
-0.0157004
-0.0159058
-0.0161046
-0.0162854
-0.0164595
-0.0166487
-0.0168765
-0.0171548
-0.0174666
-0.0177803
-0.0180669
-0.0183183
-0.0185611
-0.0188242
-0.0191121
-0.0194196
-0.0197297
-0.0200223
-0.0203006
-0.0205834
-0.020883
-0.0212037
-0.0215313
-0.0218483
-0.0221566
-0.0224661
-0.022779
-0.023094
-0.0234013
-0.0236984
-0.0240118
-0.0243564
-0.0247015
-0.0250245
-0.0253487
-0.0256916
-0.0260369
-0.0263718
-0.0267067
-0.0270493
-0.0273952
-0.0277392
-0.028084
-0.0284346
-0.0287895
-0.0291425
-0.0294939
-0.0298499
-0.0302096
-0.0305693
-0.0309312
-0.0313006
-0.0316746
-0.0320483
-0.0324226
-0.0328014
-0.0331848
-0.0335705
-0.0339589
-0.0343509
-0.034747
-0.0351461
-0.0355488
-0.035955
-0.0363652
-0.0367789
-0.0371961
-0.0376165
-0.0380402
-0.0384676
-0.0388992
-0.0393352
-0.0397762
-0.0402217
-0.0406725
-0.0411272
-0.0415872
-0.0420507
-0.0425192
-0.0429915
-0.0434683
-0.0439494
-0.0444348
-0.044925
-0.0454193
-0.0459185
-0.0464223
-0.0469304
-0.0474442
-0.0479613
-0.048485
-0.0490114
-0.0495448
-0.0500813
-0.0506243
-0.0511716
-0.0517243
-0.0522827
-0.0528451
-0.0534143
-0.0539873
-0.0545664
-0.0551507
-0.0557392
-0.0563354
-0.0569332
-0.0575406
-0.0581489
-0.0587662
-0.0593861
-0.0600128
-0.0606431
-0.061281
-0.0619191
-0.0625694
-0.0632144
-0.0638743
-0.0645284
-0.0651928
-0.0658538
-0.0665219
-0.0671797
-0.0678466
-0.0684899
-0.0691346
-0.0697396
-0.0703245
-0.0708189
-0.0712628
-0.00629931
-0.00652928
-0.00576523
-0.00346966
-0.000690267
0.00154584
0.0029055
0.00339087
0.00320783
0.00263079
0.00188417
0.00111391
0.000403159
-0.000205849
-0.000696253
-0.00106888
-0.00133875
-0.00152986
-0.00166946
-0.00178215
-0.00188842
-0.00200263
-0.00213449
-0.00228844
-0.00246518
-0.00266356
-0.00288109
-0.00311637
-0.00336694
-0.00363175
-0.0039088
-0.00419681
-0.00449475
-0.00480115
-0.00511548
-0.00543522
-0.00575914
-0.00608619
-0.00641762
-0.00675585
-0.00710398
-0.00746498
-0.00784077
-0.00823436
-0.00864719
-0.00908229
-0.0095381
-0.010012
-0.0104997
-0.0109896
-0.0114725
-0.0119374
-0.0123773
-0.0127919
-0.0131802
-0.0135412
-0.0138663
-0.0141459
-0.0143735
-0.0145448
-0.0146667
-0.0147516
-0.0148171
-0.0148788
-0.0149419
-0.0150073
-0.0150717
-0.0151401
-0.0152292
-0.0153523
-0.0155118
-0.0156992
-0.0159007
-0.0160993
-0.0162839
-0.0164633
-0.0166569
-0.0168858
-0.0171613
-0.0174676
-0.0177756
-0.0180602
-0.0183138
-0.0185591
-0.0188237
-0.0191115
-0.0194167
-0.0197247
-0.0200172
-0.020297
-0.0205814
-0.0208817
-0.0212008
-0.0215265
-0.0218426
-0.0221512
-0.022461
-0.0227737
-0.0230886
-0.0233972
-0.0236965
-0.0240104
-0.0243534
-0.0246974
-0.0250209
-0.0253456
-0.025688
-0.0260328
-0.0263679
-0.0267033
-0.027046
-0.027392
-0.0277362
-0.0280813
-0.0284319
-0.0287867
-0.0291398
-0.0294915
-0.0298476
-0.0302074
-0.0305674
-0.0309295
-0.031299
-0.0316729
-0.0320468
-0.0324213
-0.0328002
-0.0331836
-0.0335694
-0.033958
-0.03435
-0.0347462
-0.0351454
-0.0355482
-0.0359544
-0.0363647
-0.0367784
-0.0371957
-0.0376161
-0.0380399
-0.0384674
-0.0388991
-0.0393352
-0.0397762
-0.0402217
-0.0406725
-0.0411272
-0.0415871
-0.0420507
-0.0425192
-0.0429914
-0.0434683
-0.0439494
-0.0444348
-0.044925
-0.0454193
-0.0459185
-0.0464223
-0.0469304
-0.0474442
-0.0479613
-0.048485
-0.0490114
-0.0495448
-0.0500813
-0.0506244
-0.0511717
-0.0517243
-0.0522827
-0.0528452
-0.0534143
-0.0539873
-0.0545664
-0.0551508
-0.0557392
-0.0563354
-0.0569332
-0.0575407
-0.0581489
-0.0587663
-0.0593861
-0.0600128
-0.0606432
-0.061281
-0.0619191
-0.0625695
-0.0632145
-0.0638744
-0.0645286
-0.0651929
-0.0658542
-0.0665221
-0.0671803
-0.0678472
-0.0684912
-0.0691362
-0.0697429
-0.0703284
-0.0708327
-0.0712772
-0.00920259
-0.00882827
-0.00617079
-0.00305211
-0.000221634
0.00188109
0.00311778
0.00351467
0.00327017
0.00264968
0.0018743
0.00108943
0.000375113
-0.000231452
-0.000717708
-0.00108727
-0.00135619
-0.00154803
-0.00168879
-0.00180209
-0.00190799
-0.0020211
-0.00215152
-0.00230426
-0.00248024
-0.0026785
-0.00289639
-0.00313238
-0.00338389
-0.00364955
-0.00392745
-0.00421602
-0.00451448
-0.00482117
-0.00513566
-0.00545542
-0.00577907
-0.00610552
-0.00643558
-0.00677177
-0.00711671
-0.00747368
-0.00784463
-0.00823262
-0.00863938
-0.00906833
-0.00951869
-0.0099864
-0.0104667
-0.0109473
-0.0114186
-0.0118715
-0.0122992
-0.0127023
-0.0130803
-0.0134353
-0.0137615
-0.0140478
-0.0142845
-0.0144656
-0.0145978
-0.0146929
-0.0147665
-0.0148356
-0.0149066
-0.0149792
-0.0150523
-0.0151303
-0.0152258
-0.0153511
-0.0155096
-0.015694
-0.015893
-0.016093
-0.0162827
-0.0164679
-0.0166655
-0.0168946
-0.0171666
-0.017467
-0.0177693
-0.0180523
-0.0183084
-0.0185565
-0.0188226
-0.0191105
-0.0194135
-0.019719
-0.0200117
-0.0202931
-0.0205793
-0.0208801
-0.0211973
-0.0215204
-0.0218358
-0.0221448
-0.022455
-0.0227676
-0.0230825
-0.0233927
-0.0236944
-0.0240085
-0.0243492
-0.024692
-0.0250163
-0.0253417
-0.0256835
-0.0260277
-0.0263631
-0.026699
-0.0270417
-0.0273876
-0.027732
-0.0280774
-0.0284279
-0.0287826
-0.0291359
-0.029488
-0.0298443
-0.0302044
-0.0305647
-0.0309272
-0.0312967
-0.0316705
-0.0320444
-0.0324191
-0.0327983
-0.0331817
-0.0335676
-0.0339563
-0.0343485
-0.0347448
-0.0351441
-0.035547
-0.0359533
-0.0363636
-0.0367775
-0.0371948
-0.0376153
-0.0380392
-0.0384669
-0.0388987
-0.0393349
-0.039776
-0.0402215
-0.0406723
-0.041127
-0.041587
-0.0420505
-0.042519
-0.0429912
-0.0434681
-0.0439493
-0.0444347
-0.0449248
-0.0454192
-0.0459184
-0.0464222
-0.0469304
-0.0474442
-0.0479613
-0.048485
-0.0490114
-0.0495449
-0.0500814
-0.0506244
-0.0511717
-0.0517244
-0.0522828
-0.0528452
-0.0534144
-0.0539873
-0.0545665
-0.0551508
-0.0557392
-0.0563354
-0.0569332
-0.0575407
-0.058149
-0.0587663
-0.0593861
-0.0600129
-0.0606432
-0.0612811
-0.0619192
-0.0625695
-0.0632147
-0.0638744
-0.0645289
-0.0651931
-0.0658547
-0.0665225
-0.0671812
-0.067848
-0.0684932
-0.069138
-0.0697478
-0.0703338
-0.0708492
-0.0712965
-0.0100574
-0.00923176
-0.00584552
-0.00237546
0.000384978
0.00227889
0.00330848
0.00358154
0.00328194
0.0026354
0.0018466
0.0010546
0.000337186
-0.000269508
-0.000754047
-0.00112109
-0.00138788
-0.00157826
-0.00171799
-0.00183021
-0.0019346
-0.00204596
-0.00217438
-0.00232541
-0.00250005
-0.00269752
-0.00291529
-0.00315147
-0.00340372
-0.00367011
-0.00394883
-0.00423811
-0.00453709
-0.00484429
-0.00515886
-0.00547844
-0.00580142
-0.00612662
-0.00645472
-0.00678821
-0.00712949
-0.00748189
-0.00784777
-0.00823002
-0.0086306
-0.00905309
-0.00949718
-0.00995812
-0.0104304
-0.0109015
-0.0113619
-0.0118036
-0.0122192
-0.01261
-0.0129778
-0.0133265
-0.0136534
-0.0139466
-0.0141929
-0.0143843
-0.0145265
-0.014631
-0.0147124
-0.0147896
-0.0148692
-0.0149503
-0.0150333
-0.0151207
-0.0152214
-0.0153478
-0.0155051
-0.0156877
-0.0158857
-0.0160877
-0.0162827
-0.0164732
-0.0166737
-0.0169024
-0.0171706
-0.0174657
-0.0177632
-0.0180448
-0.0183034
-0.0185543
-0.0188216
-0.0191096
-0.0194102
-0.0197131
-0.0200058
-0.020289
-0.0205767
-0.0208776
-0.021193
-0.0215137
-0.0218287
-0.0221384
-0.0224488
-0.0227612
-0.0230761
-0.0233877
-0.0236916
-0.0240058
-0.0243444
-0.0246861
-0.0250114
-0.0253374
-0.0256784
-0.026022
-0.0263577
-0.0266941
-0.0270368
-0.0273826
-0.0277272
-0.028073
-0.0284235
-0.0287779
-0.0291315
-0.0294841
-0.0298407
-0.0302009
-0.0305616
-0.0309244
-0.0312939
-0.0316675
-0.0320416
-0.0324167
-0.032796
-0.0331796
-0.0335657
-0.0339545
-0.0343468
-0.0347431
-0.0351426
-0.0355456
-0.035952
-0.0363624
-0.0367763
-0.0371937
-0.0376144
-0.0380384
-0.0384662
-0.0388982
-0.0393345
-0.0397757
-0.0402213
-0.0406721
-0.0411268
-0.0415867
-0.0420503
-0.0425188
-0.042991
-0.0434679
-0.0439491
-0.0444345
-0.0449247
-0.0454191
-0.0459183
-0.0464222
-0.0469303
-0.0474441
-0.0479613
-0.048485
-0.0490115
-0.0495449
-0.0500814
-0.0506245
-0.0511718
-0.0517245
-0.0522829
-0.0528453
-0.0534145
-0.0539874
-0.0545665
-0.0551509
-0.0557392
-0.0563355
-0.0569332
-0.0575407
-0.058149
-0.0587663
-0.0593862
-0.0600129
-0.0606433
-0.0612812
-0.0619194
-0.0625696
-0.0632151
-0.0638744
-0.0645294
-0.0651932
-0.0658554
-0.0665228
-0.0671825
-0.0678488
-0.0684957
-0.0691402
-0.0697539
-0.0703406
-0.0708665
-0.0713184
-0.0104302
-0.00970587
-0.00614068
-0.00244833
0.000446512
0.0023791
0.0033691
0.00357736
0.00323686
0.00257802
0.00178846
0.000996929
0.000279226
-0.000327629
-0.000811252
-0.0011756
-0.00143843
-0.00162447
-0.00176023
-0.00186906
-0.00197039
-0.00207895
-0.00220468
-0.00235327
-0.00252588
-0.00272177
-0.00293868
-0.0031745
-0.00342705
-0.00369407
-0.00397354
-0.00426365
-0.00456322
-0.00487092
-0.0051855
-0.00550463
-0.00582652
-0.00614987
-0.0064754
-0.00680562
-0.00714274
-0.00749019
-0.00785042
-0.00822649
-0.00862074
-0.00903644
-0.00947388
-0.00992793
-0.0103922
-0.0108544
-0.0113045
-0.0117348
-0.0121377
-0.0125157
-0.0128736
-0.0132168
-0.0135442
-0.0138434
-0.0140992
-0.0143008
-0.0144525
-0.0145657
-0.0146552
-0.014741
-0.01483
-0.0149208
-0.0150137
-0.0151093
-0.0152145
-0.0153422
-0.0154994
-0.015682
-0.0158798
-0.0160832
-0.0162826
-0.0164777
-0.0166809
-0.0169092
-0.0171739
-0.0174647
-0.0177582
-0.0180382
-0.0182989
-0.0185519
-0.01882
-0.0191079
-0.0194063
-0.0197065
-0.0199995
-0.0202847
-0.0205737
-0.0208747
-0.0211883
-0.0215071
-0.0218217
-0.0221318
-0.0224421
-0.0227542
-0.0230691
-0.023382
-0.023688
-0.0240025
-0.0243392
-0.0246799
-0.0250061
-0.0253326
-0.0256728
-0.0260159
-0.0263519
-0.0266888
-0.0270316
-0.0273773
-0.0277222
-0.0280683
-0.0284187
-0.028773
-0.0291267
-0.0294798
-0.0298366
-0.0301969
-0.0305581
-0.0309213
-0.0312909
-0.0316645
-0.0320387
-0.032414
-0.0327936
-0.0331773
-0.0335634
-0.0339524
-0.0343448
-0.0347414
-0.0351409
-0.0355441
-0.0359506
-0.0363611
-0.0367751
-0.0371925
-0.0376133
-0.0380375
-0.0384655
-0.0388977
-0.0393341
-0.0397754
-0.040221
-0.0406718
-0.0411266
-0.0415865
-0.04205
-0.0425185
-0.0429908
-0.0434677
-0.0439489
-0.0444343
-0.0449245
-0.045419
-0.0459182
-0.0464221
-0.0469303
-0.0474441
-0.0479613
-0.048485
-0.0490115
-0.0495449
-0.0500815
-0.0506246
-0.0511719
-0.0517246
-0.0522829
-0.0528454
-0.0534146
-0.0539875
-0.0545666
-0.0551509
-0.0557393
-0.0563356
-0.0569333
-0.0575408
-0.0581491
-0.0587664
-0.0593863
-0.060013
-0.0606434
-0.0612812
-0.0619196
-0.0625696
-0.0632154
-0.0638744
-0.06453
-0.0651933
-0.0658563
-0.0665232
-0.067184
-0.0678498
-0.0684987
-0.0691428
-0.0697607
-0.0703486
-0.0708839
-0.0713417
-0.0109492
-0.0102876
-0.00662186
-0.00268931
0.000420653
0.0024826
0.00351033
0.0036933
0.00330493
0.0026034
0.00178442
0.000974706
0.000246072
-0.000366984
-0.000853337
-0.00121739
-0.00147773
-0.00166024
-0.00179233
-0.00189801
-0.00199663
-0.00210292
-0.00222671
-0.00237356
-0.00254481
-0.00273962
-0.00295597
-0.00319179
-0.00344493
-0.00371304
-0.00399387
-0.0042854
-0.00458613
-0.0048947
-0.00520968
-0.00552864
-0.00584959
-0.00617098
-0.00649371
-0.00682016
-0.00715267
-0.00749489
-0.00784893
-0.00821855
-0.00860665
-0.00901575
-0.00944683
-0.00989429
-0.0103506
-0.010804
-0.0112435
-0.0116611
-0.0120508
-0.0124169
-0.0127661
-0.0131045
-0.0134316
-0.0137351
-0.0139994
-0.0142118
-0.0143732
-0.0144947
-0.0145926
-0.014687
-0.014786
-0.0148873
-0.0149897
-0.0150933
-0.0152039
-0.015334
-0.0154919
-0.0156746
-0.0158723
-0.0160769
-0.0162801
-0.01648
-0.0166863
-0.0169147
-0.0171764
-0.0174629
-0.0177525
-0.0180309
-0.0182932
-0.0185481
-0.0188168
-0.0191049
-0.0194018
-0.0196997
-0.0199929
-0.0202798
-0.0205701
-0.0208712
-0.0211832
-0.0214998
-0.0218139
-0.0221242
-0.0224344
-0.0227463
-0.0230614
-0.0233755
-0.0236839
-0.0239989
-0.0243336
-0.0246731
-0.0250003
-0.0253273
-0.0256668
-0.0260093
-0.0263457
-0.0266831
-0.0270258
-0.0273714
-0.0277166
-0.028063
-0.0284134
-0.0287675
-0.0291215
-0.0294751
-0.0298322
-0.0301927
-0.0305544
-0.030918
-0.0312876
-0.0316611
-0.0320354
-0.032411
-0.0327908
-0.0331747
-0.033561
-0.0339502
-0.0343428
-0.0347394
-0.0351391
-0.0355423
-0.035949
-0.0363596
-0.0367736
-0.0371912
-0.0376121
-0.0380365
-0.0384647
-0.038897
-0.0393335
-0.0397749
-0.0402206
-0.0406715
-0.0411262
-0.0415861
-0.0420497
-0.0425182
-0.0429905
-0.0434674
-0.0439486
-0.0444341
-0.0449243
-0.0454188
-0.045918
-0.046422
-0.0469302
-0.047444
-0.0479612
-0.0484849
-0.0490115
-0.049545
-0.0500815
-0.0506247
-0.051172
-0.0517246
-0.052283
-0.0528455
-0.0534146
-0.0539876
-0.0545667
-0.055151
-0.0557394
-0.0563356
-0.0569334
-0.0575408
-0.0581492
-0.0587664
-0.0593864
-0.060013
-0.0606436
-0.0612812
-0.0619198
-0.0625695
-0.0632159
-0.0638744
-0.0645306
-0.0651934
-0.0658573
-0.0665236
-0.0671858
-0.0678509
-0.0685021
-0.0691459
-0.0697679
-0.0703578
-0.0709011
-0.0713658
-0.0113553
-0.0107141
-0.00697305
-0.00287944
0.000396814
0.00258632
0.0036804
0.00385939
0.00342261
0.00266234
0.00179518
0.000953456
0.000206049
-0.000416849
-0.000906918
-0.00127037
-0.00152735
-0.00170522
-0.00183253
-0.00193388
-0.00202875
-0.00213181
-0.00225286
-0.00239753
-0.00256702
-0.00276057
-0.00297605
-0.00321157
-0.00346508
-0.00373409
-0.00401638
-0.00430935
-0.0046113
-0.00492073
-0.00523597
-0.0055548
-0.00587465
-0.00619384
-0.00651312
-0.00683483
-0.007162
-0.0074984
-0.00784598
-0.00820897
-0.00859097
-0.00899384
-0.00941879
-0.00985963
-0.0103076
-0.0107516
-0.0111794
-0.0115836
-0.0119606
-0.0123163
-0.0126582
-0.0129917
-0.0133174
-0.0136235
-0.0138953
-0.0141192
-0.0142907
-0.0144206
-0.0145269
-0.0146297
-0.0147387
-0.0148508
-0.0149632
-0.0150756
-0.0151924
-0.0153253
-0.0154837
-0.0156659
-0.0158635
-0.0160698
-0.0162773
-0.0164819
-0.0166913
-0.0169202
-0.0171789
-0.0174607
-0.0177466
-0.0180237
-0.0182876
-0.0185444
-0.0188137
-0.0191018
-0.0193976
-0.0196934
-0.0199863
-0.0202745
-0.0205657
-0.0208671
-0.0211776
-0.0214919
-0.0218054
-0.0221164
-0.0224268
-0.0227386
-0.0230538
-0.0233692
-0.0236797
-0.0239951
-0.0243277
-0.0246659
-0.0249941
-0.0253218
-0.0256604
-0.0260023
-0.0263391
-0.026677
-0.0270198
-0.0273653
-0.0277107
-0.0280576
-0.028408
-0.028762
-0.0291163
-0.0294704
-0.0298277
-0.0301884
-0.0305504
-0.0309145
-0.0312841
-0.0316575
-0.032032
-0.0324079
-0.032788
-0.033172
-0.0335585
-0.0339478
-0.0343406
-0.0347374
-0.0351372
-0.0355406
-0.0359474
-0.036358
-0.0367722
-0.0371899
-0.0376109
-0.0380355
-0.0384639
-0.0388964
-0.0393331
-0.0397746
-0.0402203
-0.0406712
-0.041126
-0.0415858
-0.0420494
-0.0425179
-0.0429902
-0.0434672
-0.0439484
-0.0444339
-0.0449242
-0.0454187
-0.0459179
-0.0464219
-0.0469301
-0.0474439
-0.0479612
-0.0484849
-0.0490115
-0.049545
-0.0500816
-0.0506247
-0.0511721
-0.0517247
-0.0522831
-0.0528456
-0.0534147
-0.0539876
-0.0545668
-0.0551511
-0.0557395
-0.0563357
-0.0569335
-0.0575409
-0.0581493
-0.0587664
-0.0593866
-0.060013
-0.0606438
-0.0612812
-0.0619202
-0.0625695
-0.0632164
-0.0638744
-0.0645314
-0.0651936
-0.0658584
-0.0665242
-0.0671878
-0.0678523
-0.0685057
-0.0691496
-0.0697756
-0.0703682
-0.0709182
-0.0713906
-0.0117177
-0.0110725
-0.00727088
-0.00307045
0.000325461
0.00261435
0.00377463
0.00397167
0.00351205
0.00270963
0.00179936
0.000923564
0.000153612
-0.000481913
-0.000976545
-0.00133885
-0.00159117
-0.0017628
-0.0018837
-0.00197907
-0.00206867
-0.00216708
-0.00228422
-0.00242583
-0.002593
-0.00278491
-0.00299917
-0.00323407
-0.00348763
-0.00375736
-0.00404106
-0.0043355
-0.00463886
-0.00494914
-0.00526465
-0.00558327
-0.00590173
-0.00621841
-0.00653342
-0.00684948
-0.00717061
-0.00750054
-0.00784171
-0.00819818
-0.00857389
-0.00897078
-0.00938941
-0.00982311
-0.0102626
-0.0106962
-0.0111116
-0.0115033
-0.0118693
-0.0122161
-0.0125507
-0.0128783
-0.0132012
-0.0135086
-0.0137875
-0.0140229
-0.0142047
-0.0143432
-0.0144576
-0.0145686
-0.0146876
-0.0148108
-0.0149346
-0.0150571
-0.0151801
-0.0153156
-0.0154739
-0.0156548
-0.0158528
-0.0160623
-0.0162747
-0.0164835
-0.0166955
-0.0169249
-0.0171806
-0.0174581
-0.0177406
-0.0180162
-0.0182816
-0.0185407
-0.0188103
-0.0190981
-0.0193927
-0.0196863
-0.0199789
-0.0202686
-0.0205609
-0.0208625
-0.0211717
-0.0214838
-0.0217968
-0.0221087
-0.0224194
-0.0227307
-0.0230459
-0.0233623
-0.0236747
-0.0239903
-0.0243209
-0.0246583
-0.0249876
-0.0253159
-0.0256536
-0.0259949
-0.0263322
-0.0266707
-0.0270135
-0.0273589
-0.0277046
-0.0280519
-0.0284022
-0.028756
-0.0291105
-0.0294651
-0.0298227
-0.0301835
-0.030546
-0.0309105
-0.0312802
-0.0316536
-0.0320283
-0.0324046
-0.0327849
-0.033169
-0.0335557
-0.0339452
-0.0343382
-0.0347351
-0.0351351
-0.0355386
-0.0359455
-0.0363563
-0.0367706
-0.0371884
-0.0376096
-0.0380344
-0.0384629
-0.0388955
-0.0393324
-0.039774
-0.0402198
-0.0406707
-0.0411255
-0.0415854
-0.042049
-0.0425175
-0.0429899
-0.0434668
-0.0439481
-0.0444337
-0.0449239
-0.0454185
-0.0459177
-0.0464218
-0.04693
-0.0474439
-0.0479612
-0.0484849
-0.0490115
-0.049545
-0.0500817
-0.0506248
-0.0511722
-0.0517248
-0.0522833
-0.0528457
-0.0534149
-0.0539877
-0.0545669
-0.0551512
-0.0557396
-0.0563357
-0.0569336
-0.0575409
-0.0581495
-0.0587664
-0.0593868
-0.060013
-0.0606441
-0.0612812
-0.0619206
-0.0625695
-0.0632171
-0.0638743
-0.0645323
-0.0651938
-0.0658597
-0.0665249
-0.0671899
-0.067854
-0.0685096
-0.0691541
-0.0697836
-0.0703796
-0.0709354
-0.0714159
-0.0120247
-0.0113844
-0.00754077
-0.00326581
0.00021161
0.00257629
0.00380102
0.00403547
0.00357938
0.00275503
0.00181255
0.000906555
0.000113397
-0.000537677
-0.00104077
-0.00140558
-0.00165586
-0.0018227
-0.00193749
-0.00202664
-0.00211028
-0.00220318
-0.0023155
-0.0024532
-0.00261758
-0.00280753
-0.00302051
-0.00325472
-0.00350828
-0.00377886
-0.00406403
-0.00436024
-0.0046653
-0.00497671
-0.00529263
-0.00561088
-0.00592778
-0.00624163
-0.00655194
-0.00686184
-0.00717622
-0.00749905
-0.00783373
-0.00818387
-0.00855324
-0.00894417
-0.0093562
-0.00978267
-0.0102137
-0.0106367
-0.0110402
-0.0114201
-0.0117759
-0.0121133
-0.0124399
-0.0127615
-0.0130813
-0.0133906
-0.0136762
-0.0139216
-0.0141134
-0.0142608
-0.0143838
-0.0145031
-0.0146314
-0.0147661
-0.0149022
-0.0150352
-0.0151647
-0.0153027
-0.0154602
-0.01564
-0.0158399
-0.0160537
-0.0162708
-0.0164838
-0.0166983
-0.0169273
-0.0171801
-0.0174541
-0.0177342
-0.0180083
-0.0182746
-0.0185361
-0.0188063
-0.0190934
-0.0193867
-0.0196784
-0.0199709
-0.0202624
-0.0205556
-0.0208568
-0.0211648
-0.0214752
-0.0217879
-0.0221003
-0.0224108
-0.0227217
-0.023037
-0.0233543
-0.0236685
-0.0239847
-0.0243138
-0.0246504
-0.0249808
-0.0253095
-0.0256463
-0.025987
-0.0263248
-0.0266637
-0.0270064
-0.0273517
-0.0276977
-0.0280453
-0.0283957
-0.0287493
-0.0291043
-0.0294595
-0.0298173
-0.0301784
-0.0305413
-0.0309063
-0.0312761
-0.0316495
-0.0320243
-0.0324009
-0.0327814
-0.0331658
-0.0335526
-0.0339424
-0.0343355
-0.0347326
-0.0351328
-0.0355365
-0.0359435
-0.0363545
-0.0367689
-0.0371868
-0.0376082
-0.0380332
-0.0384619
-0.0388947
-0.0393317
-0.0397735
-0.0402194
-0.0406703
-0.0411251
-0.041585
-0.0420486
-0.0425171
-0.0429895
-0.0434665
-0.0439478
-0.0444334
-0.0449238
-0.0454183
-0.0459176
-0.0464216
-0.0469299
-0.0474438
-0.0479611
-0.0484849
-0.0490115
-0.0495451
-0.0500817
-0.0506249
-0.0511723
-0.0517249
-0.0522834
-0.0528457
-0.053415
-0.0539878
-0.054567
-0.0551512
-0.0557397
-0.0563358
-0.0569337
-0.0575409
-0.0581497
-0.0587664
-0.059387
-0.060013
-0.0606444
-0.0612812
-0.0619211
-0.0625694
-0.0632178
-0.0638744
-0.0645333
-0.0651942
-0.0658611
-0.0665258
-0.0671921
-0.0678562
-0.0685137
-0.0691594
-0.069792
-0.0703918
-0.070953
-0.0714413
-0.0123124
-0.0116704
-0.00779213
-0.00346256
7.62879e-05
0.00250278
0.00378698
0.00406548
0.00362789
0.0027978
0.0018355
0.000904953
8.87228e-05
-0.000580927
-0.00109722
-0.00146919
-0.00172112
-0.00188543
-0.00199521
-0.00207848
-0.00215591
-0.00224277
-0.00234939
-0.00248225
-0.00264305
-0.00283046
-0.00304191
-0.00327516
-0.00352864
-0.00380004
-0.00408672
-0.00438498
-0.00469194
-0.00500479
-0.00532123
-0.00563881
-0.00595389
-0.00626453
-0.00656991
-0.00687337
-0.00718012
-0.00749503
-0.00782285
-0.00816661
-0.00853008
-0.00891515
-0.00932042
-0.00973983
-0.0101623
-0.0105751
-0.0109672
-0.0113351
-0.0116797
-0.0120066
-0.0123254
-0.0126424
-0.0129608
-0.0132729
-0.0135637
-0.0138165
-0.0140171
-0.0141735
-0.0143064
-0.0144345
-0.0145716
-0.0147181
-0.0148666
-0.0150099
-0.0151466
-0.0152877
-0.0154445
-0.0156238
-0.0158268
-0.0160446
-0.0162655
-0.0164828
-0.0167
-0.0169281
-0.0171777
-0.0174492
-0.0177283
-0.018001
-0.018267
-0.0185306
-0.0188018
-0.0190878
-0.0193801
-0.0196705
-0.0199629
-0.020256
-0.0205499
-0.0208505
-0.0211572
-0.0214664
-0.0217788
-0.0220914
-0.0224015
-0.0227123
-0.0230281
-0.0233464
-0.0236623
-0.023979
-0.0243065
-0.0246421
-0.0249735
-0.0253027
-0.0256384
-0.0259786
-0.0263171
-0.0266565
-0.0269991
-0.0273443
-0.0276908
-0.0280389
-0.0283893
-0.0287428
-0.0290981
-0.0294538
-0.0298119
-0.030173
-0.0305364
-0.0309018
-0.0312717
-0.0316451
-0.0320202
-0.0323971
-0.032778
-0.0331625
-0.0335495
-0.0339395
-0.0343329
-0.0347302
-0.0351304
-0.0355343
-0.0359415
-0.0363526
-0.0367671
-0.0371852
-0.0376067
-0.0380319
-0.0384609
-0.0388939
-0.0393311
-0.039773
-0.040219
-0.0406699
-0.0411248
-0.0415846
-0.0420483
-0.0425168
-0.0429892
-0.0434662
-0.0439475
-0.0444331
-0.0449235
-0.0454181
-0.0459174
-0.0464215
-0.0469298
-0.0474437
-0.0479611
-0.0484848
-0.0490115
-0.0495451
-0.0500818
-0.0506249
-0.0511724
-0.051725
-0.0522835
-0.0528458
-0.0534151
-0.0539879
-0.0545671
-0.0551513
-0.0557398
-0.0563358
-0.0569339
-0.0575409
-0.0581499
-0.0587664
-0.0593873
-0.0600129
-0.0606447
-0.0612812
-0.0619216
-0.0625694
-0.0632185
-0.0638745
-0.0645343
-0.0651947
-0.0658625
-0.0665271
-0.0671945
-0.0678589
-0.0685181
-0.0691656
-0.0698009
-0.0704049
-0.0709709
-0.0714669
-0.0125777
-0.0119355
-0.00802931
-0.00365689
-6.74888e-05
0.00241145
0.0037481
0.00406971
0.00365698
0.00283152
0.00185901
0.000910153
7.34661e-05
-0.000615169
-0.00114718
-0.00152992
-0.00178692
-0.00195133
-0.00205772
-0.0021357
-0.00220697
-0.00228742
-0.00238761
-0.00251465
-0.00267086
-0.00285495
-0.00306432
-0.0032962
-0.00354927
-0.00382135
-0.00410955
-0.0044101
-0.00471917
-0.00503367
-0.00535074
-0.0056674
-0.00598035
-0.00628729
-0.0065874
-0.00688401
-0.0071823
-0.00748854
-0.0078088
-0.00814615
-0.00850433
-0.0088841
-0.00928293
-0.00969516
-0.010109
-0.0105119
-0.0108926
-0.0112474
-0.011579
-0.0118957
-0.0122086
-0.0125237
-0.0128426
-0.013157
-0.0134503
-0.013707
-0.0139147
-0.0140807
-0.0142249
-0.014363
-0.0145092
-0.0146669
-0.0148271
-0.0149803
-0.0151247
-0.0152694
-0.0154269
-0.0156072
-0.0158129
-0.0160339
-0.0162577
-0.0164793
-0.0166999
-0.0169278
-0.0171741
-0.0174431
-0.017722
-0.017994
-0.0182589
-0.0185239
-0.0187963
-0.0190816
-0.019373
-0.0196626
-0.0199546
-0.0202487
-0.0205432
-0.0208432
-0.0211488
-0.0214567
-0.0217689
-0.0220821
-0.022392
-0.0227025
-0.0230189
-0.0233384
-0.0236555
-0.0239723
-0.0242981
-0.0246329
-0.0249656
-0.0252955
-0.02563
-0.0259696
-0.026309
-0.026649
-0.0269913
-0.0273363
-0.0276833
-0.0280318
-0.028382
-0.0287353
-0.029091
-0.0294474
-0.0298057
-0.0301671
-0.0305309
-0.0308969
-0.031267
-0.0316404
-0.0320157
-0.032393
-0.032774
-0.0331587
-0.033546
-0.0339362
-0.0343298
-0.0347273
-0.0351277
-0.0355318
-0.0359391
-0.0363504
-0.0367651
-0.0371833
-0.0376049
-0.0380303
-0.0384595
-0.0388926
-0.03933
-0.039772
-0.0402182
-0.0406692
-0.0411241
-0.041584
-0.0420477
-0.0425162
-0.0429887
-0.0434657
-0.0439471
-0.0444328
-0.0449232
-0.0454178
-0.0459173
-0.0464213
-0.0469297
-0.0474436
-0.047961
-0.0484848
-0.0490115
-0.0495451
-0.0500819
-0.050625
-0.0511725
-0.0517251
-0.0522836
-0.0528459
-0.0534153
-0.0539879
-0.0545673
-0.0551513
-0.05574
-0.0563359
-0.0569341
-0.0575409
-0.0581502
-0.0587664
-0.0593876
-0.0600129
-0.0606452
-0.0612812
-0.0619222
-0.0625695
-0.0632193
-0.0638748
-0.0645353
-0.0651955
-0.0658639
-0.0665287
-0.067197
-0.0678622
-0.0685229
-0.0691725
-0.0698103
-0.0704187
-0.0709894
-0.0714924
-0.0128235
-0.0121832
-0.00825393
-0.00384562
-0.0002141
0.0023092
0.00369085
0.00405164
0.00366543
0.00285082
0.00187462
0.000913299
6.03484e-05
-0.000645203
-0.00119282
-0.00158805
-0.00185276
-0.00201988
-0.00212472
-0.00219827
-0.00226365
-0.00233738
-0.00243053
-0.00255075
-0.00270123
-0.0028811
-0.00308772
-0.00331783
-0.00357016
-0.0038426
-0.00413231
-0.00443526
-0.00474657
-0.0050629
-0.00538043
-0.0056961
-0.00600658
-0.00630911
-0.00660355
-0.00689264
-0.00718212
-0.00747931
-0.0077912
-0.00812234
-0.0084757
-0.00885092
-0.00924417
-0.00964889
-0.0100537
-0.0104463
-0.0108151
-0.011156
-0.0114745
-0.0117824
-0.0120916
-0.0124065
-0.0127261
-0.0130412
-0.0133346
-0.0135924
-0.0138064
-0.0139831
-0.0141391
-0.0142882
-0.0144446
-0.0146126
-0.014783
-0.0149462
-0.0150984
-0.0152476
-0.0154078
-0.0155901
-0.0157975
-0.0160203
-0.0162471
-0.0164731
-0.0166978
-0.0169265
-0.0171698
-0.0174356
-0.0177141
-0.0179862
-0.0182506
-0.0185166
-0.0187898
-0.0190744
-0.0193651
-0.0196538
-0.0199451
-0.0202402
-0.0205358
-0.0208353
-0.0211399
-0.0214466
-0.0217585
-0.0220727
-0.0223827
-0.0226922
-0.0230085
-0.0233293
-0.0236477
-0.0239645
-0.024289
-0.0246232
-0.0249573
-0.0252879
-0.0256213
-0.02596
-0.0263001
-0.0266408
-0.0269828
-0.0273276
-0.0276751
-0.0280242
-0.0283744
-0.0287276
-0.0290838
-0.0294408
-0.0297995
-0.0301609
-0.0305252
-0.0308916
-0.0312619
-0.0316353
-0.0320108
-0.0323885
-0.0327699
-0.0331548
-0.0335423
-0.0339328
-0.0343266
-0.0347243
-0.035125
-0.0355292
-0.0359368
-0.0363482
-0.0367631
-0.0371814
-0.0376034
-0.0380291
-0.0384586
-0.0388919
-0.0393294
-0.0397714
-0.0402176
-0.0406687
-0.0411236
-0.0415836
-0.0420473
-0.0425158
-0.0429883
-0.0434653
-0.0439468
-0.0444325
-0.0449229
-0.0454176
-0.0459171
-0.0464211
-0.0469296
-0.0474434
-0.0479609
-0.0484847
-0.0490115
-0.0495451
-0.0500819
-0.0506251
-0.0511726
-0.0517252
-0.0522838
-0.052846
-0.0534154
-0.053988
-0.0545674
-0.0551514
-0.0557402
-0.0563359
-0.0569344
-0.0575409
-0.0581504
-0.0587664
-0.059388
-0.060013
-0.0606456
-0.0612813
-0.0619228
-0.0625697
-0.0632201
-0.0638753
-0.0645363
-0.0651966
-0.0658654
-0.0665308
-0.0671997
-0.0678661
-0.068528
-0.0691802
-0.0698205
-0.070433
-0.0710083
-0.071518
-0.0130531
-0.0124136
-0.00846481
-0.0040264
-0.000359837
0.00220065
0.00362052
0.00401561
0.00365459
0.00285338
0.00187887
0.000910437
4.5747e-05
-0.000673482
-0.00123511
-0.00164308
-0.00191707
-0.00208881
-0.00219378
-0.00226405
-0.00232423
-0.00239148
-0.00247753
-0.00259037
-0.00273411
-0.00290884
-0.00311185
-0.00333978
-0.00359103
-0.00386348
-0.00415467
-0.00445993
-0.0047737
-0.00509193
-0.00540981
-0.00572449
-0.00603208
-0.00632969
-0.00661785
-0.0068987
-0.00717913
-0.00746701
-0.00777017
-0.00809519
-0.00844399
-0.00881522
-0.00920373
-0.00960095
-0.00999595
-0.0103774
-0.0107339
-0.0110616
-0.0113686
-0.0116684
-0.0119742
-0.0122892
-0.0126086
-0.0129232
-0.0132163
-0.0134748
-0.0136953
-0.0138823
-0.0140488
-0.0142094
-0.0143772
-0.014555
-0.0147342
-0.0149067
-0.0150675
-0.0152221
-0.015386
-0.0155712
-0.0157797
-0.0160038
-0.0162338
-0.0164645
-0.0166935
-0.0169236
-0.017165
-0.0174271
-0.017704
-0.0179767
-0.0182419
-0.0185091
-0.0187826
-0.0190656
-0.0193556
-0.0196443
-0.0199352
-0.0202315
-0.0205283
-0.0208268
-0.0211297
-0.0214357
-0.0217476
-0.0220625
-0.0223726
-0.0226811
-0.0229971
-0.0233193
-0.0236394
-0.0239565
-0.0242798
-0.0246133
-0.0249483
-0.0252796
-0.0256119
-0.0259498
-0.0262908
-0.0266323
-0.0269741
-0.0273187
-0.0276668
-0.0280164
-0.0283664
-0.0287196
-0.0290762
-0.0294338
-0.0297927
-0.0301543
-0.030519
-0.0308859
-0.0312565
-0.0316301
-0.0320059
-0.0323839
-0.0327656
-0.0331508
-0.0335385
-0.0339292
-0.0343232
-0.0347211
-0.035122
-0.0355264
-0.0359342
-0.0363458
-0.0367608
-0.0371792
-0.0376013
-0.0380271
-0.0384567
-0.0388905
-0.0393282
-0.0397704
-0.0402167
-0.0406678
-0.0411229
-0.0415829
-0.0420466
-0.0425152
-0.0429877
-0.0434648
-0.0439463
-0.0444321
-0.0449226
-0.0454173
-0.0459168
-0.0464209
-0.0469294
-0.0474433
-0.0479608
-0.0484846
-0.0490115
-0.0495451
-0.050082
-0.0506251
-0.0511727
-0.0517253
-0.0522839
-0.0528461
-0.0534156
-0.0539881
-0.0545676
-0.0551515
-0.0557404
-0.0563359
-0.0569346
-0.0575409
-0.0581507
-0.0587664
-0.0593883
-0.0600131
-0.0606461
-0.0612814
-0.0619234
-0.06257
-0.0632209
-0.0638761
-0.0645373
-0.065198
-0.065867
-0.0665332
-0.0672027
-0.0678706
-0.0685337
-0.0691886
-0.0698314
-0.070448
-0.0710277
-0.0715434
-0.0132646
-0.0126259
-0.00866058
-0.00419722
-0.000502051
0.00208923
0.00354128
0.00396586
0.00362766
0.00284029
0.00187064
0.000899733
2.75256e-05
-0.000701887
-0.00127523
-0.00169499
-0.00197875
-0.00215656
-0.0022631
-0.00233139
-0.00238724
-0.00244863
-0.00252795
-0.00263327
-0.00276974
-0.00293834
-0.00313688
-0.00336213
-0.00361181
-0.00388417
-0.00417651
-0.00448401
-0.00480049
-0.00512047
-0.00543884
-0.00575214
-0.00605632
-0.00634861
-0.00662942
-0.00690146
-0.00717248
-0.00745099
-0.00774585
-0.00806474
-0.00840909
-0.00877689
-0.00916117
-0.0095512
-0.00993601
-0.0103052
-0.0106494
-0.0109657
-0.0112624
-0.011554
-0.0118551
-0.0121696
-0.0124894
-0.0128045
-0.0130982
-0.0133586
-0.0135838
-0.0137773
-0.013952
-0.0141245
-0.0143052
-0.0144942
-0.0146819
-0.014862
-0.0150311
-0.0151925
-0.0153612
-0.0155502
-0.0157605
-0.0159855
-0.0162184
-0.0164538
-0.0166862
-0.0169178
-0.0171585
-0.0174178
-0.0176923
-0.0179652
-0.018232
-0.0185012
-0.018775
-0.0190557
-0.0193446
-0.0196338
-0.0199247
-0.0202218
-0.02052
-0.0208173
-0.0211185
-0.0214243
-0.0217363
-0.0220515
-0.0223619
-0.0226699
-0.0229858
-0.0233091
-0.0236306
-0.023948
-0.02427
-0.0246025
-0.0249386
-0.0252709
-0.0256022
-0.0259395
-0.0262812
-0.0266233
-0.0269646
-0.0273091
-0.0276579
-0.0280079
-0.0283579
-0.0287111
-0.0290681
-0.0294263
-0.0297855
-0.0301473
-0.0305125
-0.0308799
-0.0312507
-0.0316244
-0.0320005
-0.0323787
-0.0327607
-0.0331461
-0.0335341
-0.0339251
-0.0343195
-0.0347176
-0.0351187
-0.0355233
-0.0359313
-0.0363431
-0.0367583
-0.0371771
-0.0375995
-0.0380255
-0.0384554
-0.0388894
-0.0393272
-0.0397696
-0.040216
-0.0406672
-0.0411223
-0.0415823
-0.0420461
-0.0425147
-0.0429873
-0.0434644
-0.0439459
-0.0444317
-0.0449223
-0.045417
-0.0459166
-0.0464207
-0.0469293
-0.0474432
-0.0479607
-0.0484846
-0.0490115
-0.0495451
-0.050082
-0.0506252
-0.0511728
-0.0517253
-0.0522841
-0.0528462
-0.0534157
-0.0539882
-0.0545678
-0.0551516
-0.0557406
-0.056336
-0.0569349
-0.057541
-0.0581511
-0.0587665
-0.0593887
-0.0600132
-0.0606465
-0.0612817
-0.061924
-0.0625705
-0.0632216
-0.063877
-0.0645383
-0.0651997
-0.0658688
-0.066536
-0.067206
-0.0678755
-0.0685401
-0.0691975
-0.0698431
-0.0704635
-0.0710475
-0.0715686
-0.0134651
-0.0128235
-0.00884225
-0.00435778
-0.000639284
0.00197717
0.00345588
0.00390558
0.00358763
0.00281358
0.00185041
0.000879957
3.78949e-06
-0.000732702
-0.00131525
-0.00174503
-0.00203801
-0.00222233
-0.00233171
-0.00239914
-0.00245146
-0.00250767
-0.00258066
-0.00267873
-0.00280775
-0.00296956
-0.00316295
-0.00338489
-0.00363254
-0.00390456
-0.00419764
-0.00450722
-0.00482639
-0.00514808
-0.00546705
-0.00577847
-0.00607876
-0.00636517
-0.00663771
-0.00690063
-0.00716191
-0.00743134
-0.00771871
-0.00803148
-0.00837157
-0.00873632
-0.00911659
-0.00949995
-0.00987474
-0.0102306
-0.0105621
-0.010868
-0.0111548
-0.0114383
-0.0117344
-0.0120481
-0.012371
-0.0126881
-0.0129828
-0.013244
-0.0134695
-0.0136649
-0.0138473
-0.0140338
-0.0142297
-0.0144314
-0.0146281
-0.0148136
-0.0149886
-0.015158
-0.0153339
-0.0155278
-0.0157399
-0.0159654
-0.0162005
-0.0164394
-0.016675
-0.0169084
-0.01715
-0.0174081
-0.0176798
-0.0179521
-0.0182207
-0.0184923
-0.0187671
-0.0190456
-0.0193324
-0.0196223
-0.0199137
-0.0202114
-0.0205108
-0.0208073
-0.0211066
-0.0214121
-0.0217244
-0.0220398
-0.0223506
-0.0226584
-0.0229742
-0.0232982
-0.0236205
-0.0239381
-0.0242592
-0.024591
-0.0249281
-0.0252615
-0.025592
-0.0259283
-0.0262708
-0.0266138
-0.0269546
-0.027299
-0.0276486
-0.027999
-0.0283487
-0.0287018
-0.0290595
-0.0294184
-0.0297778
-0.0301399
-0.0305054
-0.0308733
-0.0312444
-0.0316183
-0.0319946
-0.0323734
-0.0327557
-0.0331415
-0.0335298
-0.033921
-0.0343156
-0.034714
-0.0351153
-0.0355201
-0.0359284
-0.0363404
-0.0367558
-0.0371748
-0.0375974
-0.0380235
-0.0384537
-0.0388877
-0.0393259
-0.0397684
-0.0402149
-0.0406662
-0.0411214
-0.0415815
-0.0420453
-0.042514
-0.0429866
-0.0434638
-0.0439454
-0.0444312
-0.0449218
-0.0454166
-0.0459163
-0.0464204
-0.046929
-0.047443
-0.0479606
-0.0484845
-0.0490114
-0.0495451
-0.0500821
-0.0506252
-0.0511729
-0.0517254
-0.0522842
-0.0528463
-0.0534159
-0.0539883
-0.054568
-0.0551517
-0.0557409
-0.0563361
-0.0569352
-0.0575411
-0.0581514
-0.0587666
-0.0593891
-0.0600134
-0.060647
-0.0612821
-0.0619246
-0.0625712
-0.0632224
-0.0638782
-0.0645395
-0.0652016
-0.0658708
-0.0665391
-0.0672099
-0.067881
-0.0685472
-0.0692071
-0.0698556
-0.0704796
-0.0710677
-0.0715938
-0.0136492
-0.0130061
-0.00901095
-0.00450821
-0.000770301
0.00186673
0.00336738
0.00383817
0.00353781
0.00277599
0.00181963
0.000851178
-2.65809e-05
-0.000767566
-0.00135678
-0.00179446
-0.00209534
-0.00228578
-0.00239862
-0.00246613
-0.00251573
-0.00256735
-0.00263442
-0.00272579
-0.00284743
-0.00300232
-0.0031901
-0.0034082
-0.00365363
-0.00392473
-0.00421831
-0.00452963
-0.00485127
-0.00517494
-0.00549424
-0.00580344
-0.00609908
-0.00637861
-0.00664236
-0.00689568
-0.00714706
-0.00740784
-0.00768838
-0.00799568
-0.00833211
-0.00869394
-0.00907039
-0.00944762
-0.00981228
-0.0101543
-0.0104719
-0.0107663
-0.0110441
-0.0113215
-0.0116141
-0.0119285
-0.0122552
-0.0125742
-0.0128686
-0.0131275
-0.0133496
-0.0135462
-0.013738
-0.0139409
-0.0141534
-0.0143671
-0.0145718
-0.0147609
-0.0149394
-0.0151172
-0.0153031
-0.0155031
-0.0157167
-0.0159425
-0.016179
-0.0164209
-0.0166603
-0.0168973
-0.0171406
-0.0173977
-0.0176663
-0.0179373
-0.0182075
-0.0184814
-0.0187583
-0.0190357
-0.0193195
-0.0196086
-0.0199007
-0.0201995
-0.0205007
-0.0207966
-0.0210936
-0.0213986
-0.0217117
-0.0220276
-0.0223386
-0.0226458
-0.0229614
-0.0232864
-0.0236095
-0.0239273
-0.0242482
-0.0245795
-0.024917
-0.0252514
-0.0255814
-0.0259166
-0.0262599
-0.0266037
-0.0269439
-0.0272879
-0.0276383
-0.0279896
-0.0283391
-0.0286923
-0.0290507
-0.0294102
-0.0297698
-0.0301321
-0.0304981
-0.0308665
-0.031238
-0.0316122
-0.0319888
-0.0323677
-0.0327504
-0.0331364
-0.0335249
-0.0339163
-0.0343113
-0.0347101
-0.0351117
-0.0355167
-0.0359251
-0.0363372
-0.0367528
-0.037172
-0.037595
-0.0380214
-0.0384519
-0.0388862
-0.0393245
-0.0397672
-0.0402139
-0.0406653
-0.0411205
-0.0415807
-0.0420446
-0.0425133
-0.042986
-0.0434632
-0.0439449
-0.0444308
-0.0449215
-0.0454163
-0.045916
-0.0464202
-0.0469288
-0.0474428
-0.0479605
-0.0484844
-0.0490114
-0.0495451
-0.0500821
-0.0506253
-0.051173
-0.0517255
-0.0522844
-0.0528464
-0.0534161
-0.0539884
-0.0545682
-0.0551518
-0.0557411
-0.0563362
-0.0569355
-0.0575412
-0.0581517
-0.0587668
-0.0593894
-0.0600138
-0.0606475
-0.0612826
-0.0619252
-0.0625721
-0.0632232
-0.0638797
-0.0645408
-0.0652039
-0.0658732
-0.0665426
-0.0672144
-0.0678869
-0.068555
-0.0692174
-0.0698687
-0.0704962
-0.0710882
-0.0716187
-0.0138215
-0.0131753
-0.00916689
-0.00464808
-0.000893678
0.00176017
0.00327852
0.00376655
0.00348099
0.00273003
0.00178018
0.000814477
-6.34858e-05
-0.000806965
-0.00140063
-0.00184409
-0.00215116
-0.00234691
-0.00246316
-0.00253138
-0.00257905
-0.00262667
-0.00268827
-0.00277338
-0.00288793
-0.00303597
-0.0032179
-0.00343183
-0.00367497
-0.00394474
-0.00423858
-0.0045513
-0.00487512
-0.00520093
-0.00552021
-0.00582678
-0.00611686
-0.00638844
-0.00664295
-0.0068862
-0.00712777
-0.00738033
-0.00765458
-0.00795755
-0.00829121
-0.00865008
-0.0090228
-0.00939363
-0.00974739
-0.0100755
-0.0103778
-0.01066
-0.0109315
-0.0112062
-0.0114981
-0.0118133
-0.0121415
-0.0124603
-0.0127518
-0.013006
-0.0132252
-0.0134261
-0.0136297
-0.0138482
-0.0140754
-0.0142987
-0.0145089
-0.0147014
-0.0148839
-0.0150703
-0.0152676
-0.0154755
-0.0156918
-0.0159177
-0.0161548
-0.0163987
-0.0166426
-0.0168843
-0.0171293
-0.0173848
-0.0176507
-0.0179208
-0.0181921
-0.0184677
-0.0187469
-0.019025
-0.0193058
-0.0195928
-0.0198862
-0.0201873
-0.0204902
-0.0207854
-0.0210798
-0.0213844
-0.0216985
-0.0220148
-0.0223256
-0.0226322
-0.0229477
-0.0232743
-0.0235985
-0.0239159
-0.0242364
-0.0245675
-0.0249052
-0.0252402
-0.0255698
-0.025904
-0.0262481
-0.0265934
-0.0269337
-0.0272772
-0.0276284
-0.0279803
-0.0283295
-0.0286823
-0.0290411
-0.0294013
-0.0297613
-0.0301237
-0.0304902
-0.0308589
-0.0312308
-0.0316052
-0.0319821
-0.0323614
-0.0327445
-0.033131
-0.0335199
-0.0339115
-0.0343068
-0.0347057
-0.0351076
-0.0355129
-0.0359216
-0.0363341
-0.03675
-0.0371694
-0.0375926
-0.0380193
-0.0384499
-0.0388845
-0.039323
-0.0397659
-0.0402127
-0.0406643
-0.0411195
-0.0415798
-0.0420437
-0.0425125
-0.0429852
-0.0434625
-0.0439442
-0.0444301
-0.0449209
-0.0454158
-0.0459156
-0.0464198
-0.0469285
-0.0474426
-0.0479603
-0.0484842
-0.0490113
-0.049545
-0.0500821
-0.0506253
-0.0511732
-0.0517256
-0.0522845
-0.0528465
-0.0534163
-0.0539886
-0.0545684
-0.0551519
-0.0557414
-0.0563363
-0.0569357
-0.0575414
-0.058152
-0.0587671
-0.0593898
-0.0600142
-0.0606479
-0.0612833
-0.0619258
-0.0625732
-0.0632242
-0.0638813
-0.0645424
-0.0652063
-0.0658761
-0.0665465
-0.0672194
-0.0678934
-0.0685636
-0.0692284
-0.0698826
-0.0705135
-0.071109
-0.0716435
-0.013977
-0.0133297
-0.0093102
-0.00477747
-0.00100897
0.00165872
0.00319123
0.00369301
0.00341959
0.00267804
0.00173419
0.000771526
-0.000105904
-0.000850581
-0.00144703
-0.00189455
-0.00220623
-0.00240632
-0.00252545
-0.00259454
-0.00264069
-0.00268481
-0.00274139
-0.00282044
-0.00292835
-0.00306964
-0.00324573
-0.0034554
-0.00369611
-0.0039647
-0.00425845
-0.00457219
-0.00489792
-0.00522553
-0.00554467
-0.00584807
-0.00613166
-0.00639439
-0.0066389
-0.00687183
-0.00710392
-0.00734868
-0.00761741
-0.00791733
-0.00824914
-0.00860556
-0.00897421
-0.00933757
-0.00967983
-0.00999383
-0.0102807
-0.0105512
-0.0108183
-0.0110932
-0.0113863
-0.0117012
-0.0120273
-0.0123433
-0.0126307
-0.0128813
-0.0131014
-0.01331
-0.013525
-0.0137546
-0.013992
-0.0142226
-0.0144373
-0.0146349
-0.0148243
-0.0150202
-0.015228
-0.0154445
-0.0156651
-0.0158913
-0.0161272
-0.0163723
-0.0166211
-0.0168683
-0.0171149
-0.017369
-0.0176333
-0.017903
-0.0181752
-0.0184523
-0.0187342
-0.0190144
-0.0192925
-0.019576
-0.01987
-0.0201735
-0.020478
-0.0207727
-0.0210649
-0.0213687
-0.0216838
-0.0220008
-0.0223117
-0.0226178
-0.0229331
-0.0232612
-0.0235866
-0.023903
-0.0242225
-0.024554
-0.0248927
-0.0252287
-0.0255582
-0.0258914
-0.0262357
-0.0265822
-0.0269224
-0.0272652
-0.0276169
-0.0279698
-0.028319
-0.0286715
-0.029031
-0.029392
-0.0297524
-0.030115
-0.0304818
-0.0308513
-0.0312236
-0.0315984
-0.0319755
-0.0323551
-0.0327385
-0.0331252
-0.0335144
-0.033906
-0.0343019
-0.0347013
-0.0351036
-0.0355091
-0.0359181
-0.0363307
-0.0367468
-0.0371664
-0.0375898
-0.0380169
-0.0384477
-0.0388825
-0.0393213
-0.0397644
-0.0402113
-0.040663
-0.0411184
-0.0415787
-0.0420428
-0.0425116
-0.0429844
-0.0434618
-0.0439436
-0.0444296
-0.0449204
-0.0454154
-0.0459152
-0.0464195
-0.0469282
-0.0474424
-0.0479601
-0.0484841
-0.0490113
-0.049545
-0.0500822
-0.0506253
-0.0511733
-0.0517257
-0.0522847
-0.0528466
-0.0534164
-0.0539887
-0.0545686
-0.055152
-0.0557416
-0.0563365
-0.056936
-0.0575417
-0.0581523
-0.0587675
-0.0593902
-0.0600148
-0.0606484
-0.0612842
-0.0619265
-0.0625744
-0.0632253
-0.0638831
-0.0645443
-0.0652089
-0.0658795
-0.0665507
-0.067225
-0.0679006
-0.0685728
-0.0692401
-0.0698971
-0.0705312
-0.07113
-0.0716681
-0.0141186
-0.0134693
-0.00944005
-0.00489554
-0.00111528
0.00156389
0.00310777
0.00362043
0.0033567
0.00262293
0.00168436
0.000724561
-0.000152085
-0.000897387
-0.00149563
-0.00194594
-0.00226089
-0.00246418
-0.0025854
-0.00265509
-0.00269982
-0.00274072
-0.00279271
-0.00286597
-0.00296762
-0.0031024
-0.00327278
-0.00347826
-0.00371648
-0.00398426
-0.00427797
-0.00459256
-0.00491975
-0.0052485
-0.00556715
-0.00586674
-0.00614294
-0.00639587
-0.00662956
-0.0068521
-0.0070753
-0.00731308
-0.00757769
-0.00787604
-0.00820691
-0.00856143
-0.008925
-0.00927932
-0.00960942
-0.00990867
-0.0101807
-0.0104405
-0.0107037
-0.0109803
-0.0112763
-0.0115907
-0.0119134
-0.012225
-0.0125081
-0.0127571
-0.0129807
-0.0131968
-0.0134204
-0.0136575
-0.0139027
-0.0141406
-0.014361
-0.0145654
-0.0147635
-0.0149677
-0.0151834
-0.0154078
-0.0156345
-0.0158614
-0.016095
-0.0163409
-0.0165949
-0.0168484
-0.0170982
-0.0173519
-0.017615
-0.0178842
-0.0181571
-0.0184355
-0.01872
-0.0190027
-0.0192791
-0.0195586
-0.0198522
-0.0201585
-0.0204657
-0.0207609
-0.0210511
-0.0213529
-0.0216688
-0.0219868
-0.0222976
-0.022603
-0.0229179
-0.0232473
-0.0235746
-0.0238904
-0.0242082
-0.0245402
-0.0248806
-0.0252173
-0.0255459
-0.0258778
-0.026222
-0.0265699
-0.0269107
-0.0272531
-0.0276051
-0.0279592
-0.0283087
-0.0286608
-0.0290204
-0.0293823
-0.0297432
-0.0301059
-0.030473
-0.030843
-0.0312158
-0.0315909
-0.0319683
-0.0323482
-0.032732
-0.0331192
-0.0335088
-0.0339017
-0.034297
-0.0346966
-0.035099
-0.0355049
-0.035914
-0.036327
-0.0367434
-0.0371633
-0.037587
-0.0380143
-0.0384454
-0.0388804
-0.0393194
-0.0397628
-0.0402099
-0.0406618
-0.0411173
-0.0415777
-0.0420418
-0.0425107
-0.0429836
-0.043461
-0.0439429
-0.0444289
-0.0449198
-0.0454148
-0.0459147
-0.0464191
-0.0469279
-0.0474421
-0.0479599
-0.0484839
-0.0490112
-0.0495449
-0.0500822
-0.0506253
-0.0511733
-0.0517258
-0.0522848
-0.0528468
-0.0534166
-0.0539888
-0.0545689
-0.0551522
-0.0557419
-0.0563367
-0.0569363
-0.057542
-0.0581527
-0.058768
-0.0593906
-0.0600155
-0.060649
-0.0612851
-0.0619274
-0.0625758
-0.0632267
-0.063885
-0.0645466
-0.0652118
-0.0658834
-0.0665554
-0.0672313
-0.0679084
-0.0685827
-0.0692525
-0.0699123
-0.0705494
-0.0711512
-0.0716925
-0.0142423
-0.0135921
-0.00955513
-0.00500102
-0.00121114
0.00147745
0.00303039
0.00355149
0.00329512
0.00256738
0.00163308
0.000675679
-0.000200207
-0.000946012
-0.00154555
-0.00199779
-0.00231492
-0.00252026
-0.00264279
-0.00271255
-0.00275587
-0.00279373
-0.00284138
-0.00290922
-0.00300486
-0.00313351
-0.00329841
-0.00349989
-0.00373586
-0.00400314
-0.0042973
-0.00461274
-0.00494079
-0.00526975
-0.00558697
-0.00588202
-0.00615015
-0.00639242
-0.00661464
-0.00682667
-0.00704153
-0.00727368
-0.00753586
-0.00783392
-0.00816462
-0.00851715
-0.00887458
-0.00921868
-0.00953551
-0.00981979
-0.0100786
-0.0103292
-0.010589
-0.0108681
-0.0111683
-0.0114835
-0.0118018
-0.0121071
-0.0123846
-0.0126323
-0.0128597
-0.0130819
-0.0133128
-0.0135577
-0.0138105
-0.014056
-0.0142832
-0.0144947
-0.0146998
-0.0149093
-0.015131
-0.0153636
-0.0155983
-0.0158272
-0.0160583
-0.0163049
-0.0165651
-0.0168252
-0.0170788
-0.0173322
-0.0175932
-0.0178618
-0.0181358
-0.0184159
-0.0187021
-0.0189871
-0.0192642
-0.0195408
-0.0198319
-0.0201396
-0.02045
-0.020747
-0.0210357
-0.0213351
-0.0216518
-0.0219715
-0.0222821
-0.0225867
-0.0229014
-0.023232
-0.0235615
-0.0238775
-0.0241929
-0.0245239
-0.0248661
-0.0252045
-0.0255328
-0.0258638
-0.0262082
-0.0265574
-0.0268989
-0.0272407
-0.0275925
-0.0279473
-0.0282972
-0.0286492
-0.0290091
-0.0293718
-0.0297334
-0.0300963
-0.0304635
-0.0308339
-0.0312073
-0.0315829
-0.0319608
-0.0323411
-0.0327253
-0.0331129
-0.0335027
-0.0338955
-0.0342914
-0.0346914
-0.0350942
-0.0355004
-0.0359099
-0.0363232
-0.0367398
-0.03716
-0.0375838
-0.0380115
-0.0384429
-0.0388783
-0.0393175
-0.039761
-0.0402083
-0.0406602
-0.0411159
-0.0415764
-0.0420406
-0.0425096
-0.0429826
-0.0434601
-0.043942
-0.0444282
-0.0449192
-0.0454143
-0.0459142
-0.0464187
-0.0469276
-0.0474418
-0.0479597
-0.0484837
-0.0490111
-0.0495448
-0.0500822
-0.0506253
-0.0511734
-0.0517258
-0.0522849
-0.0528469
-0.0534168
-0.053989
-0.0545691
-0.0551524
-0.0557421
-0.056337
-0.0569366
-0.0575424
-0.058153
-0.0587685
-0.0593911
-0.0600163
-0.0606497
-0.0612862
-0.0619285
-0.0625773
-0.0632284
-0.0638872
-0.0645494
-0.0652151
-0.0658877
-0.0665607
-0.067238
-0.067917
-0.0685932
-0.0692656
-0.069928
-0.070568
-0.0711725
-0.0717167
-0.0143482
-0.013697
-0.00965365
-0.00509183
-0.00129438
0.00140151
0.00296131
0.00348865
0.00323766
0.00251427
0.00158313
0.000627428
-0.000248026
-0.000994503
-0.00159527
-0.00204901
-0.00236755
-0.00257386
-0.00269676
-0.0027658
-0.00280737
-0.00284226
-0.00288586
-0.00294881
-0.00303885
-0.00316191
-0.00332176
-0.00351958
-0.00375375
-0.00402091
-0.00431614
-0.00463279
-0.00496135
-0.00528958
-0.00560407
-0.00589353
-0.0061528
-0.00638361
-0.00659369
-0.00679513
-0.00700242
-0.00723092
-0.00749261
-0.00779175
-0.0081232
-0.00847341
-0.00882383
-0.00915637
-0.00945824
-0.00972751
-0.00997449
-0.0102178
-0.0104759
-0.0107587
-0.011064
-0.0113801
-0.0116928
-0.0119887
-0.0122585
-0.0125039
-0.0127345
-0.0129635
-0.0132041
-0.0134597
-0.0137206
-0.0139722
-0.0142047
-0.0144214
-0.0146332
-0.0148512
-0.0150802
-0.0153193
-0.0155599
-0.0157921
-0.0160217
-0.0162677
-0.0165322
-0.0167988
-0.0170569
-0.0173109
-0.0175698
-0.0178374
-0.0181129
-0.0183955
-0.0186832
-0.0189694
-0.0192485
-0.0195247
-0.0198127
-0.0201194
-0.0204323
-0.0207324
-0.0210209
-0.0213181
-0.0216346
-0.0219562
-0.0222669
-0.0225703
-0.0228848
-0.0232165
-0.0235481
-0.0238649
-0.0241783
-0.0245076
-0.0248514
-0.0251924
-0.0255211
-0.0258503
-0.0261936
-0.0265437
-0.0268862
-0.0272277
-0.0275794
-0.0279353
-0.0282859
-0.0286377
-0.0289978
-0.0293613
-0.0297234
-0.0300865
-0.0304541
-0.0308251
-0.0311988
-0.0315748
-0.0319529
-0.0323334
-0.0327179
-0.033106
-0.0334964
-0.0338894
-0.0342858
-0.0346862
-0.0350893
-0.0354957
-0.0359054
-0.036319
-0.0367359
-0.0371565
-0.0375806
-0.0380086
-0.0384402
-0.0388758
-0.0393152
-0.039759
-0.0402065
-0.0406586
-0.0411144
-0.041575
-0.0420394
-0.0425085
-0.0429816
-0.0434592
-0.0439412
-0.0444274
-0.0449184
-0.0454136
-0.0459136
-0.0464182
-0.0469271
-0.0474414
-0.0479594
-0.0484834
-0.0490109
-0.0495446
-0.0500821
-0.0506253
-0.0511734
-0.0517259
-0.052285
-0.052847
-0.0534169
-0.0539892
-0.0545693
-0.0551527
-0.0557424
-0.0563374
-0.0569369
-0.0575429
-0.0581535
-0.0587692
-0.0593916
-0.0600171
-0.0606505
-0.0612874
-0.0619297
-0.0625789
-0.0632304
-0.0638895
-0.0645525
-0.0652188
-0.0658924
-0.0665666
-0.0672453
-0.0679262
-0.0686045
-0.0692794
-0.0699443
-0.0705869
-0.071194
-0.0717406
-0.0144338
-0.0137819
-0.00973342
-0.00516561
-0.0013625
0.00133862
0.00290324
0.00343472
0.00318717
0.00246643
0.0015371
0.000582217
-0.000293391
-0.00104084
-0.00164303
-0.00209812
-0.0024176
-0.00262403
-0.00274618
-0.00281345
-0.0028523
-0.00288389
-0.00292366
-0.00298235
-0.00306762
-0.00318588
-0.00334153
-0.00353642
-0.00376951
-0.00403734
-0.0043344
-0.00465277
-0.00498177
-0.00530825
-0.00561821
-0.0059002
-0.00614908
-0.00636742
-0.00656498
-0.00675632
-0.00695789
-0.00718561
-0.00744978
-0.00775215
-0.00808504
-0.00843188
-0.0087731
-0.00909134
-0.00937658
-0.00963141
-0.00986919
-0.0101093
-0.01037
-0.0106584
-0.0109679
-0.0112826
-0.011586
-0.0118686
-0.0121285
-0.0123705
-0.0126054
-0.0128441
-0.0130949
-0.0133558
-0.013617
-0.0138686
-0.0141069
-0.0143337
-0.0145572
-0.0147859
-0.0150226
-0.0152657
-0.0155113
-0.0157503
-0.0159821
-0.0162254
-0.0164914
-0.0167653
-0.01703
-0.0172859
-0.0175431
-0.0178086
-0.018085
-0.0183711
-0.0186612
-0.0189475
-0.0192275
-0.0195052
-0.0197921
-0.0200964
-0.02041
-0.0207133
-0.0210032
-0.0212991
-0.0216152
-0.0219384
-0.0222496
-0.0225518
-0.0228656
-0.0231987
-0.0235327
-0.0238506
-0.0241625
-0.0244899
-0.0248339
-0.0251768
-0.0255069
-0.0258354
-0.0261777
-0.0265287
-0.0268727
-0.0272142
-0.0275657
-0.0279226
-0.0282736
-0.0286248
-0.0289852
-0.02935
-0.0297127
-0.0300756
-0.0304435
-0.0308151
-0.0311893
-0.0315656
-0.0319443
-0.0323254
-0.0327103
-0.0330989
-0.0334896
-0.0338829
-0.0342795
-0.0346803
-0.0350838
-0.0354906
-0.0359007
-0.0363146
-0.0367319
-0.0371527
-0.0375771
-0.0380052
-0.0384372
-0.0388731
-0.0393128
-0.0397568
-0.0402045
-0.0406568
-0.0411128
-0.0415735
-0.042038
-0.0425072
-0.0429804
-0.0434581
-0.0439402
-0.0444265
-0.0449176
-0.0454129
-0.045913
-0.0464176
-0.0469267
-0.047441
-0.0479591
-0.0484832
-0.0490107
-0.0495445
-0.050082
-0.0506253
-0.0511734
-0.051726
-0.0522851
-0.0528472
-0.0534171
-0.0539894
-0.0545695
-0.055153
-0.0557427
-0.0563378
-0.0569373
-0.0575434
-0.0581539
-0.0587699
-0.0593924
-0.0600181
-0.0606515
-0.0612887
-0.0619313
-0.0625807
-0.0632328
-0.0638922
-0.064556
-0.0652229
-0.0658976
-0.0665731
-0.0672533
-0.0679362
-0.0686165
-0.0692937
-0.0699612
-0.0706062
-0.0712156
-0.0717644
-0.0144984
-0.0138459
-0.00979327
-0.00522084
-0.00141362
0.00129107
0.0028587
0.00339235
0.00314619
0.00242622
0.00149726
0.000542299
-0.000333952
-0.00108256
-0.00168623
-0.00214253
-0.00246256
-0.00266844
-0.00278879
-0.0028531
-0.00288796
-0.00291515
-0.00295047
-0.00300488
-0.00308618
-0.00320082
-0.00335348
-0.00354638
-0.00377914
-0.00404853
-0.00434828
-0.00466902
-0.00499856
-0.00532244
-0.00562602
-0.00589827
-0.00613475
-0.00633953
-0.00652445
-0.00670672
-0.00690509
-0.00713543
-0.00740569
-0.00771381
-0.00804842
-0.00839052
-0.00871971
-0.00902101
-0.00928894
-0.00953095
-0.009764
-0.0100074
-0.0102758
-0.0105714
-0.0108833
-0.0111938
-0.0114867
-0.0117575
-0.0120111
-0.0122562
-0.0125013
-0.0127525
-0.0130074
-0.0132643
-0.0135211
-0.013773
-0.0140169
-0.0142536
-0.0144861
-0.0147212
-0.0149633
-0.0152109
-0.0154616
-0.0157085
-0.0159452
-0.016185
-0.0164479
-0.0167283
-0.0170025
-0.0172622
-0.017518
-0.0177806
-0.0180563
-0.0183459
-0.0186401
-0.0189273
-0.0192067
-0.0194855
-0.0197737
-0.0200772
-0.0203899
-0.0206944
-0.020986
-0.021282
-0.0215982
-0.0219227
-0.0222346
-0.022535
-0.0228471
-0.0231813
-0.0235186
-0.0238378
-0.0241478
-0.0244736
-0.0248181
-0.0251625
-0.025494
-0.0258227
-0.0261641
-0.0265149
-0.0268594
-0.0272007
-0.0275522
-0.0279104
-0.0282621
-0.0286124
-0.0289726
-0.029339
-0.0297025
-0.0300652
-0.0304332
-0.0308056
-0.0311804
-0.0315571
-0.031936
-0.0323173
-0.0327024
-0.0330914
-0.0334826
-0.0338763
-0.0342733
-0.0346744
-0.0350784
-0.0354854
-0.0358957
-0.0363099
-0.0367275
-0.0371486
-0.0375734
-0.0380019
-0.0384342
-0.0388703
-0.0393103
-0.0397545
-0.0402024
-0.0406549
-0.041111
-0.0415719
-0.0420365
-0.0425058
-0.0429791
-0.0434569
-0.0439391
-0.0444256
-0.0449168
-0.0454121
-0.0459123
-0.046417
-0.0469262
-0.0474405
-0.0479587
-0.0484829
-0.0490104
-0.0495443
-0.0500819
-0.0506252
-0.0511734
-0.0517261
-0.0522852
-0.0528473
-0.0534173
-0.0539896
-0.0545697
-0.0551533
-0.055743
-0.0563382
-0.0569377
-0.0575439
-0.0581545
-0.0587706
-0.0593931
-0.0600191
-0.0606527
-0.0612901
-0.061933
-0.0625827
-0.0632354
-0.0638952
-0.0645599
-0.0652276
-0.0659033
-0.0665803
-0.0672619
-0.0679467
-0.0686291
-0.0693086
-0.0699785
-0.0706258
-0.0712372
-0.0717879
-0.0145395
-0.0138896
-0.00983659
-0.00526305
-0.00145486
0.00125056
0.00281859
0.00335208
0.00310515
0.00238391
0.00145336
0.000496563
-0.000381854
-0.00113293
-0.00173919
-0.00219743
-0.00251809
-0.00272319
-0.00284132
-0.00290213
-0.00293224
-0.00295296
-0.00298035
-0.00302701
-0.00310252
-0.00321327
-0.00336301
-0.00355376
-0.00378583
-0.00405662
-0.00435913
-0.00468219
-0.00501165
-0.0053314
-0.00562623
-0.00588567
-0.00610682
-0.00629601
-0.00646763
-0.00664192
-0.00683966
-0.00707554
-0.00735417
-0.0076685
-0.00800247
-0.00833529
-0.0086471
-0.00892703
-0.00917572
-0.00940546
-0.00963609
-0.0098855
-0.010163
-0.0104641
-0.010774
-0.0110745
-0.0113543
-0.0116153
-0.0118684
-0.0121222
-0.0123807
-0.0126421
-0.0129016
-0.0131575
-0.0134129
-0.0136679
-0.0139193
-0.0141656
-0.0144058
-0.0146447
-0.0148905
-0.0151448
-0.0154027
-0.0156572
-0.0159
-0.0161381
-0.0163956
-0.0166792
-0.0169645
-0.0172316
-0.0174874
-0.0177465
-0.0180199
-0.0183116
-0.0186116
-0.0189024
-0.0191807
-0.0194579
-0.0197476
-0.0200532
-0.020366
-0.0206701
-0.0209618
-0.021258
-0.0215755
-0.0219027
-0.0222161
-0.0225145
-0.0228233
-0.0231581
-0.0235004
-0.0238226
-0.0241304
-0.0244534
-0.0247988
-0.0251451
-0.0254768
-0.0258054
-0.0261475
-0.026499
-0.0268434
-0.0271843
-0.0275364
-0.0278966
-0.0282494
-0.0285986
-0.0289581
-0.029326
-0.0296913
-0.0300539
-0.0304213
-0.0307943
-0.03117
-0.0315471
-0.0319263
-0.0323081
-0.0326938
-0.0330833
-0.0334751
-0.0338691
-0.0342663
-0.0346678
-0.0350722
-0.0354796
-0.0358903
-0.0363049
-0.0367229
-0.0371443
-0.0375694
-0.0379981
-0.0384308
-0.0388672
-0.0393074
-0.0397519
-0.0402
-0.0406527
-0.041109
-0.0415701
-0.0420348
-0.0425043
-0.0429777
-0.0434556
-0.0439379
-0.0444245
-0.0449158
-0.0454112
-0.0459115
-0.0464163
-0.0469256
-0.04744
-0.0479582
-0.0484825
-0.0490101
-0.0495441
-0.0500817
-0.0506252
-0.0511734
-0.0517261
-0.0522852
-0.0528474
-0.0534174
-0.0539899
-0.05457
-0.0551536
-0.0557433
-0.0563386
-0.0569382
-0.0575445
-0.0581552
-0.0587714
-0.0593941
-0.0600203
-0.060654
-0.0612917
-0.061935
-0.062585
-0.0632383
-0.0638986
-0.0645641
-0.0652329
-0.0659095
-0.0665881
-0.0672711
-0.0679578
-0.0686424
-0.0693239
-0.0699961
-0.0706456
-0.0712588
-0.0718111
-0.014495
-0.0138482
-0.009798
-0.00522799
-0.00142401
0.00127676
0.00283973
0.00336765
0.00311479
0.00238756
0.00145046
0.000486703
-0.000398944
-0.00115722
-0.00177041
-0.00223555
-0.00256252
-0.00277288
-0.00289443
-0.00295608
-0.00298451
-0.00300108
-0.00302171
-0.00306128
-0.00313181
-0.00324068
-0.00339054
-0.00358327
-0.0038186
-0.00409352
-0.00440012
-0.00472563
-0.00505405
-0.00536803
-0.00565221
-0.00589701
-0.00610176
-0.00627593
-0.00643693
-0.00660752
-0.00680972
-0.00705516
-0.00734367
-0.00766306
-0.00799261
-0.00831077
-0.00860148
-0.00885992
-0.00909381
-0.00931975
-0.00955611
-0.00981493
-0.0100978
-0.0103972
-0.0106962
-0.0109805
-0.0112464
-0.0115002
-0.0117534
-0.0120143
-0.0122819
-0.0125488
-0.0128086
-0.0130615
-0.0133146
-0.0135731
-0.0138329
-0.0140876
-0.0143335
-0.0145742
-0.0148213
-0.0150813
-0.015348
-0.0156104
-0.0158596
-0.0160987
-0.0163501
-0.0166311
-0.0169254
-0.0172046
-0.0174641
-0.0177196
-0.0179883
-0.0182794
-0.018585
-0.0188829
-0.0191621
-0.0194352
-0.0197234
-0.0200324
-0.0203488
-0.0206534
-0.0209431
-0.0212371
-0.0215553
-0.0218872
-0.0222045
-0.0225012
-0.0228044
-0.0231373
-0.0234846
-0.0238123
-0.0241185
-0.0244362
-0.0247816
-0.0251322
-0.0254645
-0.0257907
-0.0261333
-0.0264877
-0.0268319
-0.0271701
-0.0275219
-0.0278848
-0.0282394
-0.0285872
-0.0289451
-0.0293137
-0.029681
-0.0300442
-0.030411
-0.0307839
-0.0311605
-0.0315385
-0.031918
-0.0322998
-0.0326856
-0.0330755
-0.0334677
-0.033862
-0.0342596
-0.0346615
-0.0350663
-0.0354741
-0.035885
-0.0362998
-0.0367181
-0.0371399
-0.0375652
-0.0379943
-0.0384272
-0.0388639
-0.0393044
-0.0397491
-0.0401975
-0.0406504
-0.0411068
-0.0415681
-0.042033
-0.0425026
-0.0429761
-0.0434542
-0.0439366
-0.0444233
-0.0449147
-0.0454103
-0.0459107
-0.0464155
-0.0469249
-0.0474394
-0.0479577
-0.0484821
-0.0490098
-0.0495439
-0.0500815
-0.050625
-0.0511733
-0.0517261
-0.0522853
-0.0528476
-0.0534176
-0.0539901
-0.0545702
-0.0551539
-0.0557437
-0.056339
-0.0569388
-0.0575452
-0.0581559
-0.0587724
-0.0593951
-0.0600216
-0.0606556
-0.0612935
-0.0619373
-0.0625876
-0.0632416
-0.0639025
-0.0645687
-0.0652386
-0.0659163
-0.0665964
-0.067281
-0.0679695
-0.0686562
-0.0693398
-0.070014
-0.0706655
-0.0712803
-0.071834
-0.0144939
-0.013842
-0.00978832
-0.00521897
-0.0014185
0.00127754
0.00283516
0.00335834
0.00310235
0.00237413
0.00143936
0.000480741
-0.000397979
-0.00114876
-0.00175453
-0.00221219
-0.00253179
-0.00273439
-0.0028479
-0.00290197
-0.00292362
-0.00293579
-0.00295683
-0.00299764
-0.00306607
-0.00317112
-0.00332198
-0.00352239
-0.00377027
-0.00405753
-0.00437244
-0.0047007
-0.00502564
-0.00532974
-0.00559836
-0.00582384
-0.00600892
-0.00616821
-0.0063246
-0.00650214
-0.0067187
-0.00698154
-0.00728397
-0.00760811
-0.00793062
-0.00823115
-0.0084993
-0.00873782
-0.00896103
-0.00918817
-0.00943499
-0.00970734
-0.00999917
-0.0102967
-0.0105847
-0.010855
-0.0111111
-0.0113634
-0.0116224
-0.0118927
-0.0121683
-0.0124381
-0.012696
-0.0129459
-0.0131986
-0.0134621
-0.013732
-0.0139962
-0.0142476
-0.0144896
-0.0147359
-0.014999
-0.0152746
-0.0155473
-0.0158051
-0.016048
-0.0162943
-0.0165681
-0.0168669
-0.0171607
-0.0174299
-0.0176839
-0.0179462
-0.0182336
-0.0185431
-0.0188505
-0.019135
-0.0194049
-0.0196879
-0.0199975
-0.02032
-0.0206298
-0.0209186
-0.0212073
-0.0215228
-0.0218597
-0.0221854
-0.0224834
-0.0227794
-0.0231067
-0.0234581
-0.0237948
-0.0241033
-0.0244144
-0.0247561
-0.0251122
-0.0254489
-0.0257712
-0.0261111
-0.0264702
-0.0268179
-0.0271525
-0.0275016
-0.0278677
-0.0282261
-0.0285734
-0.0289292
-0.0292981
-0.0296675
-0.0300323
-0.0303991
-0.0307713
-0.0311482
-0.0315274
-0.0319079
-0.0322897
-0.0326756
-0.0330663
-0.0334594
-0.0338541
-0.0342518
-0.0346541
-0.0350594
-0.0354676
-0.0358789
-0.0362941
-0.0367128
-0.0371349
-0.0375606
-0.0379901
-0.0384233
-0.0388603
-0.0393011
-0.0397461
-0.0401947
-0.0406478
-0.0411045
-0.0415659
-0.042031
-0.0425007
-0.0429744
-0.0434526
-0.0439352
-0.044422
-0.0449135
-0.0454092
-0.0459097
-0.0464147
-0.0469241
-0.0474387
-0.0479572
-0.0484816
-0.0490094
-0.0495436
-0.0500813
-0.0506249
-0.0511732
-0.0517261
-0.0522853
-0.0528477
-0.0534177
-0.0539903
-0.0545705
-0.0551542
-0.0557442
-0.0563395
-0.0569393
-0.0575459
-0.0581567
-0.0587734
-0.0593963
-0.060023
-0.0606573
-0.0612955
-0.0619398
-0.0625905
-0.0632451
-0.0639068
-0.0645737
-0.0652449
-0.0659236
-0.0666052
-0.0672916
-0.0679817
-0.0686704
-0.069356
-0.0700321
-0.0706855
-0.0713018
-0.0718567
-0.0142875
-0.0136479
-0.00961057
-0.00506402
-0.00129181
0.00137154
0.00289123
0.0033725
0.00307394
0.00230602
0.0013363
0.000348589
-0.000553015
-0.00132049
-0.00193697
-0.00239955
-0.00271862
-0.00291593
-0.00301993
-0.0030608
-0.0030664
-0.00306052
-0.00306234
-0.00308675
-0.00314595
-0.00325008
-0.00340554
-0.00361342
-0.00386901
-0.00416249
-0.00448025
-0.00480547
-0.00511941
-0.00540431
-0.00564763
-0.00584636
-0.00600893
-0.00615428
-0.00630739
-0.00649157
-0.00672088
-0.00699586
-0.00730332
-0.0076211
-0.00792566
-0.00820074
-0.00844326
-0.00866363
-0.0088807
-0.00911307
-0.00937091
-0.00965272
-0.00994623
-0.0102352
-0.0105085
-0.010765
-0.0110127
-0.0112642
-0.0115283
-0.0118052
-0.0120851
-0.012355
-0.0126095
-0.0128557
-0.0131068
-0.0133733
-0.0136512
-0.0139252
-0.0141827
-0.0144254
-0.0146688
-0.0149302
-0.0152112
-0.0154953
-0.0157644
-0.0160131
-0.0162558
-0.0165198
-0.0168165
-0.0171223
-0.0174057
-0.0176634
-0.0179197
-0.0181998
-0.0185085
-0.0188242
-0.0191187
-0.0193898
-0.0196657
-0.0199698
-0.0202961
-0.0206153
-0.0209083
-0.0211912
-0.0214983
-0.021836
-0.0221723
-0.0224779
-0.0227684
-0.0230854
-0.0234357
-0.0237822
-0.0240979
-0.0244038
-0.0247365
-0.025095
-0.0254409
-0.0257622
-0.0260941
-0.0264549
-0.0268105
-0.0271442
-0.0274864
-0.027853
-0.0282171
-0.0285655
-0.0289182
-0.0292857
-0.0296566
-0.030023
-0.0303903
-0.0307619
-0.0311382
-0.0315181
-0.0319001
-0.0322822
-0.0326675
-0.0330581
-0.0334521
-0.0338472
-0.0342449
-0.0346473
-0.0350532
-0.0354618
-0.0358732
-0.0362887
-0.0367078
-0.0371302
-0.0375562
-0.0379859
-0.0384194
-0.0388567
-0.0392977
-0.0397429
-0.0401918
-0.0406451
-0.041102
-0.0415636
-0.0420288
-0.0424988
-0.0429726
-0.0434509
-0.0439337
-0.0444205
-0.0449122
-0.045408
-0.0459086
-0.0464137
-0.0469232
-0.047438
-0.0479565
-0.048481
-0.0490089
-0.0495432
-0.0500809
-0.0506247
-0.051173
-0.051726
-0.0522853
-0.0528477
-0.0534179
-0.0539905
-0.0545708
-0.0551546
-0.0557446
-0.0563401
-0.05694
-0.0575467
-0.0581577
-0.0587746
-0.0593976
-0.0600246
-0.0606593
-0.0612977
-0.0619426
-0.0625937
-0.063249
-0.0639115
-0.0645792
-0.0652516
-0.0659315
-0.0666145
-0.0673026
-0.0679944
-0.068685
-0.0693726
-0.0700503
-0.0707054
-0.0713231
-0.071879
-0.0140825
-0.0134268
-0.00937292
-0.00480957
-0.00102289
0.00165083
0.00317637
0.0036581
0.00335444
0.00257697
0.00159508
0.000594423
-0.000319678
-0.00109854
-0.00172492
-0.00219558
-0.00252073
-0.00272213
-0.00282827
-0.00286947
-0.00287418
-0.0028672
-0.00286942
-0.00289824
-0.00296787
-0.00308811
-0.00326313
-0.00349106
-0.00376418
-0.00406981
-0.0043916
-0.0047112
-0.00501054
-0.00527545
-0.00549917
-0.00568483
-0.00584503
-0.00599896
-0.00616847
-0.00637175
-0.00661719
-0.00690083
-0.00720721
-0.00751484
-0.00780387
-0.00806354
-0.00829568
-0.00851371
-0.00873635
-0.00897886
-0.0092468
-0.00953451
-0.00982759
-0.0101106
-0.0103757
-0.0106258
-0.010871
-0.0111243
-0.0113935
-0.0116764
-0.0119615
-0.0122349
-0.0124905
-0.0127355
-0.0129852
-0.0132525
-0.0135366
-0.0138215
-0.0140896
-0.0143374
-0.0145793
-0.0148364
-0.0151182
-0.0154125
-0.015696
-0.0159554
-0.016199
-0.0164547
-0.0167443
-0.0170559
-0.0173551
-0.0176242
-0.0178797
-0.0181514
-0.0184545
-0.0187747
-0.0190819
-0.0193616
-0.0196336
-0.0199283
-0.0202527
-0.0205815
-0.0208858
-0.0211686
-0.0214652
-0.0217964
-0.0221407
-0.02246
-0.0227525
-0.0230576
-0.0234003
-0.023754
-0.024082
-0.0243889
-0.0247111
-0.0250655
-0.0254216
-0.0257496
-0.026073
-0.0264282
-0.026793
-0.027133
-0.027468
-0.0278297
-0.0281999
-0.0285533
-0.0289035
-0.0292685
-0.0296407
-0.0300093
-0.0303777
-0.0307496
-0.0311252
-0.0315051
-0.0318885
-0.032272
-0.032657
-0.0330474
-0.0334424
-0.0338387
-0.0342366
-0.0346391
-0.0350455
-0.0354547
-0.0358666
-0.0362824
-0.0367018
-0.0371247
-0.037551
-0.037981
-0.0384149
-0.0388526
-0.0392939
-0.0397394
-0.0401885
-0.0406421
-0.0410992
-0.041561
-0.0420264
-0.0424965
-0.0429706
-0.0434491
-0.0439319
-0.044419
-0.0449108
-0.0454067
-0.0459074
-0.0464126
-0.0469223
-0.0474373
-0.0479557
-0.0484804
-0.0490083
-0.0495427
-0.0500806
-0.0506244
-0.0511728
-0.0517259
-0.0522852
-0.0528477
-0.053418
-0.0539906
-0.0545711
-0.055155
-0.0557451
-0.0563407
-0.0569407
-0.0575476
-0.0581587
-0.0587758
-0.0593991
-0.0600263
-0.0606614
-0.0613002
-0.0619456
-0.0625973
-0.0632531
-0.0639167
-0.0645851
-0.0652587
-0.06594
-0.0666242
-0.0673141
-0.0680075
-0.0686999
-0.0693893
-0.0700686
-0.0707252
-0.0713441
-0.0719008
-0.0138666
-0.0133417
-0.00943694
-0.00502462
-0.00137681
0.00117838
0.00260746
0.00301898
0.00267481
0.00188642
0.000919385
-4.6644e-05
-0.00091245
-0.00163416
-0.00219734
-0.00260162
-0.00286136
-0.00300246
-0.00305655
-0.00305551
-0.00302814
-0.00299896
-0.00298869
-0.00301501
-0.00309222
-0.00322839
-0.00342354
-0.00366965
-0.00395247
-0.00425413
-0.00455592
-0.0048413
-0.00509828
-0.0053219
-0.0055148
-0.00568599
-0.00584856
-0.0060167
-0.0062034
-0.00641799
-0.00666365
-0.00693596
-0.00722332
-0.00751016
-0.00778181
-0.00803039
-0.00825788
-0.00847528
-0.00869798
-0.00893905
-0.00920358
-0.00948627
-0.0097739
-0.0100523
-0.0103135
-0.0105593
-0.0107999
-0.0110486
-0.0113148
-0.0115972
-0.0118847
-0.0121626
-0.0124216
-0.0126659
-0.0129108
-0.0131729
-0.0134564
-0.0137484
-0.0140283
-0.0142849
-0.014527
-0.014777
-0.0150527
-0.0153504
-0.0156465
-0.0159192
-0.0161688
-0.0164191
-0.0166979
-0.0170063
-0.0173161
-0.0176006
-0.017862
-0.0181273
-0.0184203
-0.018738
-0.0190549
-0.0193474
-0.0196216
-0.0199072
-0.0202229
-0.0205546
-0.0208719
-0.0211625
-0.0214519
-0.0217707
-0.0221142
-0.0224472
-0.0227504
-0.0230486
-0.0233777
-0.0237312
-0.0240715
-0.0243861
-0.0247012
-0.0250448
-0.0254049
-0.0257454
-0.0260666
-0.0264096
-0.026777
-0.027129
-0.027462
-0.0278138
-0.0281856
-0.0285468
-0.0288968
-0.0292576
-0.0296296
-0.03
-0.0303692
-0.0307416
-0.0311171
-0.031496
-0.0318799
-0.032265
-0.0326503
-0.0330397
-0.0334347
-0.0338321
-0.0342303
-0.0346325
-0.035039
-0.0354489
-0.0358609
-0.0362768
-0.0366964
-0.0371197
-0.0375463
-0.0379766
-0.0384107
-0.0388486
-0.0392902
-0.0397359
-0.0401852
-0.040639
-0.0410964
-0.0415584
-0.042024
-0.0424943
-0.0429685
-0.0434471
-0.0439301
-0.0444173
-0.0449092
-0.0454053
-0.0459061
-0.0464114
-0.0469211
-0.0474358
-0.0479548
-0.0484796
-0.0490077
-0.0495421
-0.0500801
-0.050624
-0.0511725
-0.0517257
-0.0522851
-0.0528477
-0.0534181
-0.0539908
-0.0545714
-0.0551553
-0.0557455
-0.0563413
-0.0569414
-0.0575486
-0.0581598
-0.0587772
-0.0594008
-0.0600282
-0.0606638
-0.0613029
-0.0619488
-0.0626012
-0.0632576
-0.0639221
-0.0645915
-0.0652662
-0.0659488
-0.0666344
-0.0673258
-0.0680209
-0.0687149
-0.069406
-0.0700868
-0.0707447
-0.0713648
-0.0719223
-0.011884
-0.0111391
-0.00712673
-0.00276683
0.000707152
0.00301115
0.00412216
0.00419456
0.00353998
0.00249841
0.00134294
0.000247394
-0.00070011
-0.00146562
-0.00204032
-0.00243283
-0.00266842
-0.00278279
-0.00281474
-0.00280021
-0.00276948
-0.0027471
-0.0027532
-0.00280447
-0.00291229
-0.00308022
-0.00330277
-0.00356668
-0.00385395
-0.00414596
-0.00442694
-0.0046863
-0.00491992
-0.00512989
-0.00532283
-0.00550723
-0.00569153
-0.00588293
-0.00608727
-0.00630922
-0.00655116
-0.00681171
-0.00708488
-0.0073609
-0.00762894
-0.00788138
-0.00811735
-0.00834318
-0.00857024
-0.00881034
-0.00907001
-0.0093473
-0.00963264
-0.00991359
-0.0101804
-0.0104316
-0.0106742
-0.0109206
-0.011182
-0.0114616
-0.0117518
-0.0120379
-0.0123066
-0.0125569
-0.0128013
-0.0130584
-0.0133382
-0.0136339
-0.0139257
-0.0141962
-0.0144454
-0.0146929
-0.0149618
-0.0152576
-0.015562
-0.0158493
-0.016111
-0.0163637
-0.0166345
-0.016935
-0.0172489
-0.0175482
-0.0178225
-0.0180888
-0.0183734
-0.0186845
-0.0190057
-0.0193113
-0.0195951
-0.019878
-0.0201839
-0.0205118
-0.0208385
-0.0211425
-0.0214334
-0.0217411
-0.0220767
-0.0224171
-0.0227351
-0.0230358
-0.023353
-0.023699
-0.0240466
-0.0243728
-0.0246888
-0.0250218
-0.0253775
-0.0257292
-0.0260577
-0.0263906
-0.0267516
-0.0271142
-0.0274537
-0.027797
-0.0281641
-0.0285322
-0.0288862
-0.0292435
-0.0296139
-0.0299861
-0.0303563
-0.0307291
-0.0311055
-0.0314839
-0.0318672
-0.0322536
-0.0326404
-0.0330295
-0.033424
-0.0338224
-0.0342217
-0.034624
-0.0350305
-0.035441
-0.0358537
-0.0362699
-0.0366899
-0.0371136
-0.0375406
-0.0379712
-0.0384056
-0.0388438
-0.0392858
-0.0397318
-0.0401814
-0.0406355
-0.0410931
-0.0415553
-0.0420211
-0.0424916
-0.042966
-0.0434449
-0.043928
-0.0444154
-0.0449075
-0.0454037
-0.0459047
-0.0464101
-0.04692
-0.0474352
-0.047954
-0.0484788
-0.049007
-0.0495416
-0.0500796
-0.0506237
-0.0511723
-0.0517255
-0.0522851
-0.0528477
-0.0534182
-0.053991
-0.0545717
-0.0551558
-0.0557461
-0.0563421
-0.0569423
-0.0575496
-0.0581611
-0.0587786
-0.0594026
-0.0600303
-0.0606663
-0.0613059
-0.0619523
-0.0626054
-0.0632625
-0.0639279
-0.0645983
-0.065274
-0.065958
-0.0666448
-0.0673378
-0.0680344
-0.0687299
-0.0694227
-0.0701049
-0.0707639
-0.0713849
-0.0719431
-0.0135756
-0.0133643
-0.00988047
-0.00590733
-0.00261066
-0.000261537
0.00111898
0.00164084
0.00153163
0.00104826
0.000401909
-0.000267617
-0.00088272
-0.0014074
-0.00182816
-0.00214431
-0.00236906
-0.00252335
-0.00262991
-0.0027095
-0.0027791
-0.00284921
-0.00292754
-0.00302063
-0.00313469
-0.00327504
-0.0034447
-0.0036432
-0.00386651
-0.00410794
-0.00435918
-0.00461087
-0.00485433
-0.00508352
-0.00529639
-0.00549504
-0.00568502
-0.00587439
-0.00607213
-0.00628602
-0.00651959
-0.00677085
-0.00703321
-0.0072982
-0.00755834
-0.00780901
-0.00804947
-0.00828288
-0.00851543
-0.00875466
-0.00900609
-0.00927097
-0.00954559
-0.00982254
-0.0100935
-0.010353
-0.010602
-0.0108479
-0.0111015
-0.0113714
-0.0116564
-0.0119453
-0.0122232
-0.0124829
-0.012731
-0.0129838
-0.0132555
-0.0135474
-0.0138442
-0.0141266
-0.0143867
-0.0146374
-0.0149009
-0.0151896
-0.0154938
-0.0157905
-0.0160655
-0.0163261
-0.0165938
-0.0168851
-0.0171951
-0.017502
-0.0177896
-0.0180629
-0.0183435
-0.0186462
-0.0189644
-0.0192775
-0.0195728
-0.0198593
-0.0201585
-0.0204785
-0.0208069
-0.0211221
-0.0214209
-0.0217237
-0.0220493
-0.0223885
-0.0227174
-0.0230273
-0.0233398
-0.0236755
-0.0240231
-0.024359
-0.0246813
-0.0250091
-0.0253561
-0.0257112
-0.0260507
-0.026382
-0.0267326
-0.0270973
-0.0274474
-0.0277892
-0.0281482
-0.0285181
-0.0288786
-0.0292355
-0.0296029
-0.0299758
-0.0303474
-0.0307205
-0.0310976
-0.0314764
-0.0318587
-0.0322454
-0.0326337
-0.0330231
-0.0334168
-0.0338152
-0.0342155
-0.034618
-0.0350243
-0.035435
-0.0358482
-0.0362646
-0.0366846
-0.0371084
-0.0375357
-0.0379665
-0.0384012
-0.0388397
-0.0392818
-0.039728
-0.0401779
-0.0406321
-0.0410899
-0.0415523
-0.0420183
-0.042489
-0.0429635
-0.0434426
-0.0439259
-0.0444134
-0.0449056
-0.0454019
-0.0459031
-0.0464086
-0.0469186
-0.0474337
-0.0479527
-0.0484777
-0.049006
-0.0495407
-0.0500789
-0.050623
-0.0511717
-0.0517251
-0.0522848
-0.0528475
-0.0534181
-0.053991
-0.0545718
-0.0551561
-0.0557465
-0.0563427
-0.056943
-0.0575506
-0.0581623
-0.0587801
-0.0594044
-0.0600325
-0.0606689
-0.061309
-0.061956
-0.0626098
-0.0632676
-0.0639339
-0.0646053
-0.065282
-0.0659673
-0.0666555
-0.0673498
-0.068048
-0.0687449
-0.069439
-0.0701225
-0.0707826
-0.0714045
-0.0719632
0.00874278
0.00873843
0.00539676
0.00168257
-0.00126693
-0.00323608
-0.00423233
-0.00443207
-0.00411718
-0.00356153
-0.00296386
-0.00243859
-0.00203841
-0.00178313
-0.00167635
-0.0017027
-0.00183124
-0.00202659
-0.00225719
-0.00249653
-0.00272231
-0.00292305
-0.00309266
-0.00323101
-0.0033441
-0.00344365
-0.00354588
-0.00366866
-0.00382617
-0.00402361
-0.00425529
-0.0045077
-0.00476446
-0.00501089
-0.00523785
-0.00544419
-0.00563653
-0.00582633
-0.00602512
-0.00624026
-0.00647267
-0.00671755
-0.00696776
-0.00721786
-0.00746602
-0.00771304
-0.00796009
-0.00820719
-0.00845336
-0.00869839
-0.00894402
-0.00919418
-0.00945292
-0.00972147
-0.00999585
-0.0102679
-0.0105301
-0.0107818
-0.0110307
-0.0112892
-0.0115641
-0.0118511
-0.0121372
-0.0124101
-0.012668
-0.0129211
-0.0131852
-0.0134688
-0.0137649
-0.0140563
-0.0143304
-0.0145905
-0.0148531
-0.0151335
-0.0154318
-0.0157331
-0.0160213
-0.0162942
-0.0165646
-0.0168486
-0.0171513
-0.0174604
-0.0177598
-0.0180444
-0.0183267
-0.0186224
-0.0189346
-0.0192508
-0.019557
-0.0198513
-0.0201482
-0.0204604
-0.0207857
-0.0211079
-0.0214167
-0.0217208
-0.022038
-0.0223711
-0.022705
-0.0230254
-0.0233394
-0.0236663
-0.0240087
-0.0243498
-0.0246795
-0.0250071
-0.0253466
-0.0256984
-0.0260453
-0.0263815
-0.0267246
-0.027084
-0.0274409
-0.0277872
-0.0281399
-0.0285059
-0.0288706
-0.0292296
-0.029594
-0.0299656
-0.0303381
-0.0307112
-0.0310883
-0.0314676
-0.0318493
-0.0322352
-0.0326244
-0.0330147
-0.0334079
-0.033806
-0.034207
-0.0346102
-0.0350164
-0.035427
-0.0358407
-0.0362575
-0.0366778
-0.0371019
-0.0375296
-0.0379608
-0.0383957
-0.0388344
-0.0392769
-0.0397234
-0.0401736
-0.0406282
-0.0410862
-0.0415489
-0.0420151
-0.0424861
-0.0429608
-0.04344
-0.0439235
-0.0444112
-0.0449036
-0.0454
-0.0459014
-0.046407
-0.0469172
-0.0474325
-0.0479516
-0.0484768
-0.0490052
-0.04954
-0.0500783
-0.0506226
-0.0511714
-0.0517248
-0.0522846
-0.0528475
-0.0534182
-0.0539913
-0.0545722
-0.0551566
-0.0557471
-0.0563435
-0.056944
-0.0575518
-0.0581637
-0.0587818
-0.0594064
-0.0600348
-0.0606717
-0.0613124
-0.0619598
-0.0626144
-0.0632729
-0.06394
-0.0646125
-0.0652903
-0.0659767
-0.0666662
-0.0673618
-0.0680614
-0.0687596
-0.069455
-0.0701397
-0.0708007
-0.0714232
-0.0719825
-0.0138835
-0.0139109
-0.010498
-0.00649667
-0.00310864
-0.000626616
0.000925863
0.00164294
0.00172854
0.00141689
0.000906441
0.000333839
-0.000221572
-0.00072051
-0.00114609
-0.00149241
-0.00176438
-0.0019756
-0.002144
-0.0022858
-0.0024148
-0.00253793
-0.00266119
-0.00278984
-0.00292817
-0.00307944
-0.00324606
-0.00342938
-0.00362909
-0.00384272
-0.004066
-0.00429378
-0.0045211
-0.00474443
-0.00496286
-0.00517863
-0.00539624
-0.00562015
-0.00585189
-0.00608886
-0.00632613
-0.00655997
-0.0067905
-0.00702203
-0.00726069
-0.00751101
-0.00777287
-0.00804073
-0.00830574
-0.00856041
-0.00880347
-0.0090418
-0.00928704
-0.00954861
-0.00982684
-0.0101119
-0.0103898
-0.0106522
-0.0109024
-0.0111537
-0.0114189
-0.0117015
-0.0119929
-0.0122791
-0.0125507
-0.0128104
-0.0130716
-0.0133474
-0.013639
-0.0139354
-0.0142227
-0.0144962
-0.0147639
-0.0150397
-0.0153311
-0.0156326
-0.0159306
-0.0162165
-0.0164944
-0.0167769
-0.0170733
-0.0173806
-0.0176869
-0.017983
-0.0182721
-0.0185658
-0.0188724
-0.0191879
-0.0195013
-0.019805
-0.0201054
-0.0204138
-0.0207345
-0.0210592
-0.0213772
-0.0216877
-0.0220024
-0.0223296
-0.0226638
-0.0229927
-0.0233135
-0.0236377
-0.0239745
-0.024317
-0.0246537
-0.0249857
-0.0253223
-0.0256697
-0.0260202
-0.0263639
-0.026706
-0.0270597
-0.0274195
-0.0277729
-0.0281248
-0.0284869
-0.0288539
-0.0292173
-0.0295818
-0.0299523
-0.0303261
-0.0307004
-0.0310778
-0.031458
-0.0318404
-0.0322261
-0.0326156
-0.0330072
-0.0334008
-0.0337984
-0.0341997
-0.0346037
-0.0350102
-0.0354208
-0.0358348
-0.0362521
-0.0366725
-0.0370967
-0.0375246
-0.037956
-0.0383911
-0.0388301
-0.0392728
-0.0397195
-0.0401698
-0.0406245
-0.0410827
-0.0415456
-0.042012
-0.0424831
-0.042958
-0.0434374
-0.0439211
-0.0444089
-0.0449015
-0.0453981
-0.0458996
-0.0464054
-0.0469156
-0.0474311
-0.0479502
-0.0484755
-0.049004
-0.0495389
-0.0500773
-0.0506217
-0.0511706
-0.0517242
-0.0522841
-0.0528471
-0.0534179
-0.0539911
-0.0545722
-0.0551568
-0.0557475
-0.056344
-0.0569448
-0.0575528
-0.058165
-0.0587834
-0.0594084
-0.0600372
-0.0606744
-0.0613157
-0.0619637
-0.0626189
-0.0632783
-0.0639462
-0.0646196
-0.0652985
-0.065986
-0.0666768
-0.0673736
-0.0680744
-0.0687738
-0.0694703
-0.0701561
-0.0708179
-0.071441
-0.0720007
0.0128274
0.0126208
0.00921256
0.00509994
0.00161034
-0.000952617
-0.00256497
-0.00333169
-0.00347503
-0.00324554
-0.00285115
-0.00243107
-0.00206262
-0.00178117
-0.00159974
-0.00152075
-0.00153603
-0.00162923
-0.00177758
-0.0019613
-0.00216547
-0.00238004
-0.00259785
-0.00281391
-0.00302459
-0.00322723
-0.00342022
-0.00360358
-0.00377953
-0.00395248
-0.00412814
-0.00431206
-0.00450828
-0.0047186
-0.00494266
-0.00517826
-0.00542152
-0.00566724
-0.00590958
-0.00614378
-0.00636815
-0.0065854
-0.00680212
-0.00702638
-0.00726447
-0.00751826
-0.0077841
-0.00805406
-0.00831871
-0.00857126
-0.00881137
-0.00904636
-0.00928777
-0.00954497
-0.00981917
-0.0101025
-0.0103824
-0.0106495
-0.0109036
-0.011154
-0.0114131
-0.0116878
-0.0119751
-0.0122639
-0.0125433
-0.0128106
-0.0130734
-0.0133436
-0.0136274
-0.0139207
-0.014213
-0.0144963
-0.014771
-0.0150463
-0.0153315
-0.0156281
-0.015928
-0.0162218
-0.0165076
-0.0167925
-0.017085
-0.0173873
-0.0176938
-0.0179964
-0.0182928
-0.0185882
-0.0188909
-0.0192023
-0.0195166
-0.0198264
-0.0201319
-0.0204394
-0.0207549
-0.0210767
-0.0213983
-0.0217146
-0.02203
-0.0223518
-0.0226817
-0.0230128
-0.0233389
-0.0236632
-0.0239945
-0.0243334
-0.024672
-0.0250072
-0.0253426
-0.0256849
-0.026033
-0.0263797
-0.0267227
-0.0270713
-0.0274277
-0.0277835
-0.0281359
-0.0284935
-0.0288578
-0.0292222
-0.0295862
-0.0299541
-0.0303265
-0.0307003
-0.0310767
-0.031456
-0.031838
-0.0322226
-0.032611
-0.0330023
-0.0333959
-0.0337928
-0.0341934
-0.0345974
-0.0350039
-0.0354142
-0.035828
-0.0362453
-0.0366659
-0.0370902
-0.0375183
-0.0379499
-0.0383853
-0.0388244
-0.0392674
-0.0397144
-0.0401649
-0.0406199
-0.0410784
-0.0415416
-0.0420082
-0.0424796
-0.0429547
-0.0434343
-0.0439181
-0.0444061
-0.0448989
-0.0453956
-0.0458972
-0.0464032
-0.0469136
-0.0474291
-0.0479485
-0.0484739
-0.0490026
-0.0495377
-0.0500762
-0.0506208
-0.0511699
-0.0517236
-0.0522837
-0.0528468
-0.0534177
-0.0539911
-0.0545723
-0.055157
-0.0557479
-0.0563446
-0.0569456
-0.0575538
-0.0581663
-0.058785
-0.0594103
-0.0600395
-0.0606772
-0.061319
-0.0619676
-0.0626235
-0.0632836
-0.0639523
-0.0646267
-0.0653065
-0.0659951
-0.0666869
-0.0673849
-0.0680869
-0.0687874
-0.0694849
-0.0701715
-0.070834
-0.0714577
-0.0720177
-0.0124056
-0.0122939
-0.00901254
-0.0050392
-0.00168299
0.000748777
0.00222968
0.00285791
0.00284818
0.00244603
0.00185745
0.00122195
0.000618203
8.28154e-05
-0.000370749
-0.000739918
-0.00103222
-0.00126293
-0.0014525
-0.00161865
-0.00177453
-0.00192894
-0.00208769
-0.00225427
-0.0024306
-0.00261763
-0.0028156
-0.00302409
-0.00324202
-0.00346769
-0.00369895
-0.0039335
-0.00416934
-0.00440515
-0.00464027
-0.00487437
-0.00510724
-0.00533903
-0.00557071
-0.00580402
-0.00604072
-0.00628182
-0.00652732
-0.00677677
-0.0070298
-0.00728611
-0.00754494
-0.00780488
-0.008064
-0.00832074
-0.00857493
-0.00882862
-0.00908542
-0.00934877
-0.00961967
-0.00989599
-0.0101732
-0.0104465
-0.0107137
-0.0109772
-0.011243
-0.0115172
-0.0118008
-0.012089
-0.0123743
-0.0126529
-0.0129266
-0.0132017
-0.0134842
-0.013775
-0.0140695
-0.0143609
-0.0146464
-0.014929
-0.0152156
-0.0155101
-0.0158103
-0.0161097
-0.0164045
-0.0166967
-0.0169916
-0.0172926
-0.0175988
-0.0179054
-0.0182093
-0.018511
-0.0188154
-0.0191252
-0.0194395
-0.0197538
-0.020066
-0.0203775
-0.0206926
-0.021013
-0.0213365
-0.0216586
-0.0219788
-0.022301
-0.0226292
-0.0229612
-0.0232923
-0.0236214
-0.0239527
-0.0242899
-0.0246302
-0.0249698
-0.0253084
-0.0256504
-0.0259975
-0.0263468
-0.0266944
-0.0270437
-0.0273986
-0.0277564
-0.028113
-0.0284714
-0.028835
-0.0292012
-0.0295678
-0.0299366
-0.0303096
-0.0306847
-0.0310622
-0.0314424
-0.0318256
-0.0322113
-0.0326002
-0.0329923
-0.033387
-0.0337847
-0.0341856
-0.0345902
-0.0349975
-0.0354083
-0.0358223
-0.0362401
-0.0366611
-0.0370856
-0.0375138
-0.0379457
-0.0383813
-0.0388206
-0.0392637
-0.0397109
-0.0401616
-0.0406168
-0.0410754
-0.0415387
-0.0420055
-0.042477
-0.0429523
-0.043432
-0.043916
-0.0444042
-0.0448971
-0.0453939
-0.0458956
-0.0464016
-0.046912
-0.0474281
-0.0479476
-0.0484731
-0.0490018
-0.049537
-0.0500755
-0.0506201
-0.0511693
-0.0517231
-0.0522833
-0.0528465
-0.0534176
-0.0539911
-0.0545724
-0.0551573
-0.0557483
-0.0563452
-0.0569464
-0.0575548
-0.0581676
-0.0587865
-0.0594122
-0.0600418
-0.0606799
-0.0613222
-0.0619714
-0.0626278
-0.0632886
-0.0639581
-0.0646333
-0.0653141
-0.0660036
-0.0666965
-0.0673954
-0.0680984
-0.0687999
-0.0694983
-0.0701857
-0.0708489
-0.071473
-0.0720333
0.0159928
0.015761
0.0120986
0.00783308
0.00418756
0.00146311
-0.000314683
-0.00124674
-0.00155058
-0.00147343
-0.00122151
-0.00093346
-0.000686635
-0.000516329
-0.000434826
-0.000443471
-0.000533335
-0.000687716
-0.000886908
-0.00111429
-0.00135739
-0.00160746
-0.00185871
-0.00210704
-0.0023499
-0.00258628
-0.0028165
-0.00304196
-0.00326463
-0.00348658
-0.0037096
-0.00393501
-0.00416356
-0.00439537
-0.00462992
-0.00486625
-0.00510355
-0.00534176
-0.00558163
-0.00582435
-0.0060707
-0.00632057
-0.00657265
-0.00682512
-0.00707653
-0.00732676
-0.00757705
-0.00782932
-0.00808502
-0.00834434
-0.00860612
-0.00886886
-0.00913175
-0.00939509
-0.00965976
-0.00992696
-0.0101973
-0.0104697
-0.0107419
-0.0110127
-0.0112831
-0.0115561
-0.0118339
-0.0121159
-0.0123992
-0.0126814
-0.0129617
-0.0132413
-0.0135227
-0.013809
-0.0140999
-0.0143924
-0.014683
-0.0149713
-0.01526
-0.0155525
-0.0158495
-0.0161488
-0.0164476
-0.0167451
-0.0170429
-0.0173431
-0.0176469
-0.0179533
-0.0182602
-0.0185664
-0.018873
-0.0191816
-0.0194937
-0.0198081
-0.0201233
-0.0204376
-0.0207527
-0.0210706
-0.0213924
-0.0217155
-0.0220379
-0.0223602
-0.0226857
-0.0230149
-0.0233458
-0.0236761
-0.0240066
-0.0243406
-0.024678
-0.0250167
-0.0253553
-0.0256954
-0.0260385
-0.0263851
-0.0267323
-0.0270803
-0.0274309
-0.0277854
-0.0281412
-0.028498
-0.0288579
-0.0292211
-0.0295863
-0.0299531
-0.0303233
-0.0306962
-0.0310718
-0.0314499
-0.0318312
-0.0322152
-0.0326023
-0.0329926
-0.0333861
-0.0337826
-0.0341823
-0.0345858
-0.0349923
-0.0354025
-0.035816
-0.0362333
-0.0366541
-0.0370785
-0.0375067
-0.0379386
-0.0383743
-0.0388138
-0.039257
-0.0397044
-0.0401554
-0.0406109
-0.0410698
-0.0415334
-0.0420004
-0.0424722
-0.0429477
-0.0434277
-0.043912
-0.0444003
-0.0448934
-0.0453904
-0.0458923
-0.0463984
-0.0469088
-0.0474246
-0.0479443
-0.04847
-0.0489989
-0.0495343
-0.0500731
-0.0506179
-0.0511673
-0.0517214
-0.0522817
-0.0528452
-0.0534165
-0.0539902
-0.0545717
-0.0551568
-0.0557481
-0.0563452
-0.0569466
-0.0575553
-0.0581683
-0.0587876
-0.0594136
-0.0600436
-0.0606822
-0.061325
-0.0619746
-0.0626317
-0.0632931
-0.0639633
-0.0646392
-0.0653208
-0.0660112
-0.0667049
-0.0674048
-0.0681087
-0.068811
-0.0695102
-0.0701983
-0.0708621
-0.0714868
-0.0720476
-0.00833929
-0.008233
-0.00488943
-0.00109085
0.00199687
0.00410824
0.00522518
0.00547741
0.00511414
0.00440409
0.00356173
0.00272435
0.00196362
0.00130886
0.000768129
0.000336895
-2.10367e-06
-0.000273569
-0.000501866
-0.00070693
-0.000903573
-0.00110242
-0.00131075
-0.00153368
-0.00177162
-0.00202273
-0.00228375
-0.00255069
-0.00281951
-0.00308644
-0.00334839
-0.00360343
-0.00385119
-0.00409295
-0.00433115
-0.00456879
-0.00480868
-0.00505301
-0.00530291
-0.0055583
-0.00581799
-0.00608014
-0.0063427
-0.00660383
-0.00686237
-0.00711849
-0.0073736
-0.00762972
-0.0078884
-0.00815021
-0.00841496
-0.00868236
-0.00895201
-0.00922324
-0.00949513
-0.00976714
-0.0100393
-0.0103124
-0.0105871
-0.0108636
-0.0111416
-0.0114213
-0.0117027
-0.0119858
-0.0122706
-0.0125567
-0.0128429
-0.0131282
-0.0134135
-0.0137015
-0.0139933
-0.014288
-0.0145829
-0.0148769
-0.0151702
-0.0154644
-0.0157614
-0.0160617
-0.0163641
-0.0166666
-0.0169682
-0.01727
-0.017574
-0.0178811
-0.0181907
-0.0185008
-0.0188105
-0.0191202
-0.0194325
-0.019748
-0.0200657
-0.020383
-0.0207
-0.0210187
-0.0213411
-0.0216655
-0.0219903
-0.0223152
-0.0226418
-0.0229713
-0.0233031
-0.0236356
-0.0239687
-0.0243038
-0.0246414
-0.0249813
-0.0253221
-0.0256642
-0.0260081
-0.0263554
-0.0267043
-0.0270543
-0.027406
-0.0277611
-0.0281185
-0.0284773
-0.0288381
-0.029202
-0.0295687
-0.0299371
-0.0303083
-0.0306822
-0.031059
-0.0314383
-0.0318206
-0.0322057
-0.0325938
-0.0329849
-0.0333792
-0.0337766
-0.034177
-0.034581
-0.0349881
-0.0353988
-0.0358126
-0.0362302
-0.0366513
-0.0370759
-0.0375043
-0.0379363
-0.0383721
-0.0388117
-0.0392551
-0.0397025
-0.0401536
-0.0406091
-0.0410681
-0.0415317
-0.0419989
-0.0424707
-0.0429463
-0.0434264
-0.0439107
-0.0443992
-0.0448924
-0.0453896
-0.0458915
-0.0463978
-0.0469092
-0.0474249
-0.0479444
-0.0484701
-0.048999
-0.0495343
-0.0500731
-0.050618
-0.0511674
-0.0517214
-0.0522818
-0.0528454
-0.0534167
-0.0539905
-0.054572
-0.0551572
-0.0557486
-0.0563458
-0.0569474
-0.0575562
-0.0581694
-0.0587889
-0.0594151
-0.0600454
-0.0606844
-0.0613275
-0.0619777
-0.0626352
-0.0632972
-0.063968
-0.0646445
-0.0653267
-0.0660177
-0.0667121
-0.0674126
-0.0681172
-0.0688201
-0.0695199
-0.0702084
-0.0708725
-0.0714972
-0.0720578
0.0208288
0.0203971
0.0165221
0.0119849
0.0080188
0.0049438
0.00279062
0.00148218
0.000829799
0.000606422
0.000612859
0.000707293
0.000804563
0.000861379
0.000859588
0.000793207
0.000663617
0.000478213
0.000247053
-1.9303e-05
-0.000311067
-0.000619574
-0.000936966
-0.00125581
-0.00157105
-0.00187827
-0.00217406
-0.0024565
-0.00272539
-0.00298213
-0.00322951
-0.00347126
-0.00371127
-0.00395278
-0.00419782
-0.00444724
-0.00470111
-0.00495916
-0.00522096
-0.00548577
-0.00575244
-0.00601967
-0.0062861
-0.00655075
-0.00681333
-0.00707453
-0.00733546
-0.00759704
-0.00785936
-0.00812222
-0.00838611
-0.00865249
-0.00892266
-0.00919675
-0.00947315
-0.00974933
-0.0100236
-0.0102969
-0.0105713
-0.0108491
-0.0111309
-0.0114154
-0.0117009
-0.0119871
-0.0122746
-0.0125636
-0.012853
-0.0131418
-0.0134309
-0.0137225
-0.0140174
-0.0143148
-0.0146131
-0.0149111
-0.0152086
-0.0155061
-0.0158054
-0.0161082
-0.016414
-0.0167204
-0.0170255
-0.01733
-0.0176362
-0.0179455
-0.0182576
-0.0185706
-0.0188829
-0.0191946
-0.0195082
-0.019825
-0.0201442
-0.0204628
-0.020781
-0.0211006
-0.021423
-0.0217473
-0.0220722
-0.022397
-0.0227234
-0.0230518
-0.0233819
-0.0237131
-0.0240451
-0.0243785
-0.0247137
-0.025051
-0.0253893
-0.0257288
-0.0260701
-0.0264143
-0.0267597
-0.0271063
-0.0274549
-0.0278065
-0.0281601
-0.0285153
-0.0288727
-0.029233
-0.029596
-0.0299611
-0.0303289
-0.0306995
-0.0310734
-0.0314497
-0.0318293
-0.0322119
-0.0325976
-0.0329866
-0.0333788
-0.0337745
-0.0341734
-0.034576
-0.034982
-0.0353917
-0.0358049
-0.0362219
-0.0366425
-0.037067
-0.0374952
-0.0379272
-0.0383631
-0.0388028
-0.0392464
-0.0396942
-0.0401456
-0.0406014
-0.0410607
-0.0415247
-0.0419922
-0.0424644
-0.0429403
-0.0434207
-0.0439053
-0.0443941
-0.0448875
-0.045385
-0.0458872
-0.0463935
-0.0469039
-0.0474198
-0.0479394
-0.0484653
-0.0489944
-0.04953
-0.0500691
-0.0506142
-0.051164
-0.0517183
-0.052279
-0.0528428
-0.0534144
-0.0539885
-0.0545704
-0.0551558
-0.0557474
-0.0563449
-0.0569467
-0.0575557
-0.0581691
-0.0587888
-0.0594153
-0.060046
-0.0606853
-0.0613288
-0.0619794
-0.0626374
-0.0633001
-0.0639716
-0.0646488
-0.0653317
-0.0660235
-0.0667187
-0.0674201
-0.0681254
-0.0688291
-0.0695296
-0.0702189
-0.0708837
-0.0715091
-0.0720704
)
;

boundaryField
{
    zeroGradientWall
    {
        type            zeroGradient;
    }
    inlet
    {
        type            zeroGradient;
    }
    plate
    {
        type            zeroGradient;
    }
    frontAndBack
    {
        type            empty;
    }
}


// ************************************************************************* //
