/*--------------------------------*- C++ -*----------------------------------*\
| =========                 |                                                 |
| \\      /  F ield         | OpenFOAM: The Open Source CFD Toolbox           |
|  \\    /   O peration     | Version:  v2012                                 |
|   \\  /    A nd           | Website:  www.openfoam.com                      |
|    \\/     M anipulation  |                                                 |
\*---------------------------------------------------------------------------*/
FoamFile
{
    version     2.0;
    format      ascii;
    class       volScalarField;
    location    "0.9";
    object      p;
}
// * * * * * * * * * * * * * * * * * * * * * * * * * * * * * * * * * * * * * //

dimensions      [0 2 -2 0 0 0 0];


internalField   nonuniform List<scalar> 
8800
(
8.13181e-10
0.000704049
0.000710101
0.000677398
0.000455169
0.000317587
7.91045e-05
-0.000101669
-0.000329672
-0.000539257
-0.000743895
-0.000951047
-0.00120929
-0.00148807
-0.00185426
-0.00226206
-0.00278476
-0.00340214
-0.00431603
-0.00605764
3.75634e-06
0.000701594
0.000711006
0.00067585
0.000457662
0.000315856
8.12618e-05
-0.000102795
-0.000327088
-0.000540094
-0.000745616
-0.000958666
-0.0012039
-0.00149742
-0.00184412
-0.00227499
-0.00277638
-0.00348014
-0.00443632
-0.00646752
1.0508e-05
0.000696027
0.000713114
0.000672355
0.000463234
0.000311458
8.4421e-05
-0.000105
-0.000328499
-0.000540516
-0.000749479
-0.000958452
-0.00120389
-0.00149511
-0.00184606
-0.002293
-0.0028491
-0.0035465
-0.00440255
-0.00621566
1.76022e-05
0.000690232
0.000713684
0.000671765
0.000466607
0.000312863
8.09853e-05
-9.63048e-05
-0.000344991
-0.00053161
-0.000765584
-0.000954664
-0.00120882
-0.00148693
-0.00184499
-0.00228315
-0.00300407
-0.00392022
-0.00518328
-0.00627108
2.9281e-05
0.000677853
0.000718446
0.000664875
0.000479433
0.000300369
9.44396e-05
-0.000108553
-0.000330813
-0.000548621
-0.000752945
-0.00096767
-0.00121135
-0.00150179
-0.00184235
-0.00228956
-0.00284657
-0.00356337
-0.00456068
-0.00670987
4.17182e-05
0.00066527
0.000719968
0.000663167
0.00048641
0.000298646
9.7283e-05
-0.000111997
-0.000336419
-0.000552725
-0.000756814
-0.000975193
-0.00121477
-0.00150714
-0.00182737
-0.00227064
-0.00283112
-0.00373498
-0.00507358
-0.00765052
5.81298e-05
0.000647372
0.000723587
0.000659826
0.00049493
0.000300838
9.68965e-05
-0.000112735
-0.000341285
-0.000555742
-0.000766113
-0.000981285
-0.00122738
-0.00149932
-0.00183635
-0.00226138
-0.00285445
-0.00371228
-0.00514392
-0.00783426
7.94551e-05
0.000621628
0.000728422
0.000655119
0.00049877
0.000305179
0.000103567
-0.000116108
-0.000344017
-0.000565904
-0.000773877
-0.000997953
-0.00122859
-0.00150344
-0.00183174
-0.0022668
-0.00286408
-0.00378027
-0.00533151
-0.00821495
0.000102613
0.000606762
0.000715775
0.000664415
0.000493875
0.000308112
0.000112822
-0.000132251
-0.000345927
-0.000559756
-0.000787576
-0.00100721
-0.00123991
-0.00150513
-0.00183899
-0.00227987
-0.00290592
-0.00387641
-0.00552923
-0.00855653
0.000133277
0.000576991
0.000712961
0.000651881
0.000502364
0.000326309
0.000113085
-0.00013134
-0.000357113
-0.000581536
-0.00079935
-0.00101401
-0.00124446
-0.00151184
-0.00185074
-0.00230452
-0.00296108
-0.00398674
-0.00572526
-0.00885239
0.000165086
0.000557796
0.000697687
0.000641239
0.000516541
0.000331342
9.73483e-05
-0.000118552
-0.000362193
-0.000600204
-0.000811771
-0.00101905
-0.00125061
-0.00152323
-0.00186941
-0.00234038
-0.00302851
-0.0041073
-0.00591687
-0.00912113
0.000203038
0.000539808
0.00067007
0.000634218
0.000520425
0.000334162
0.000111518
-0.000119283
-0.000372963
-0.000615229
-0.000825154
-0.00102894
-0.00126083
-0.00153934
-0.00189581
-0.00238595
-0.00310629
-0.00423341
-0.00610365
-0.0093714
0.000245632
0.000524786
0.000635159
0.000622834
0.000509841
0.000347162
0.000136809
-0.00013015
-0.000390283
-0.000624918
-0.000835737
-0.00104108
-0.00127457
-0.0015594
-0.00192826
-0.00243895
-0.00319122
-0.0043621
-0.00628471
-0.00960697
0.00029098
0.000513612
0.000603971
0.000599468
0.000499318
0.000355672
0.00014915
-0.000131181
-0.000400274
-0.000634949
-0.000846781
-0.00105509
-0.00129135
-0.00158394
-0.0019666
-0.00249909
-0.00328192
-0.0044921
-0.00645857
-0.00982379
0.00033247
0.000514981
0.000577374
0.000562172
0.00048141
0.0003501
0.000159277
-0.000114987
-0.00040267
-0.000649934
-0.000862246
-0.00107153
-0.00131128
-0.00161249
-0.00201003
-0.00256456
-0.00337654
-0.00462212
-0.00662567
-0.0100274
0.000373218
0.000520948
0.000559508
0.000523319
0.00044976
0.000330077
0.000160182
-9.17243e-05
-0.000391971
-0.000659345
-0.000880647
-0.00109119
-0.00133519
-0.00164545
-0.00205809
-0.00263389
-0.00347319
-0.00475037
-0.00678649
-0.0102202
0.000415114
0.000527595
0.000544819
0.000493685
0.000411539
0.000296544
0.000138035
-8.31382e-05
-0.000366633
-0.000649426
-0.000890603
-0.00111341
-0.00136375
-0.00168322
-0.00211076
-0.00270664
-0.00357057
-0.00487564
-0.00693982
-0.0104
0.000455815
0.00053613
0.000531031
0.000469923
0.000376562
0.000257818
0.00010322
-9.84507e-05
-0.00034954
-0.000624734
-0.000885524
-0.00112966
-0.00139463
-0.00172585
-0.00216769
-0.00278194
-0.00366755
-0.00499642
-0.00708476
-0.0105679
0.000491989
0.000546719
0.000520065
0.00044559
0.000341764
0.000218502
6.85545e-05
-0.000121278
-0.000350003
-0.00060701
-0.000871337
-0.00113534
-0.00142066
-0.00176901
-0.00222682
-0.00285813
-0.00376254
-0.00511121
-0.00721951
-0.0107215
0.000523383
0.000557688
0.000512891
0.000420879
0.000306828
0.000179501
3.44541e-05
-0.000145158
-0.000359943
-0.000601155
-0.000860065
-0.00113445
-0.00143952
-0.0018079
-0.00228405
-0.0029324
-0.00385332
-0.00521874
-0.00734346
-0.0108613
0.000550654
0.000567517
0.000505862
0.000397215
0.000272052
0.000141138
9.23888e-08
-0.000169858
-0.000372772
-0.00060256
-0.000854715
-0.00113371
-0.00145318
-0.00184072
-0.00233561
-0.00300108
-0.00393737
-0.00531717
-0.00745501
-0.010985
0.000573433
0.000575224
0.000497812
0.00037511
0.000239044
0.000103761
-3.42176e-05
-0.000195459
-0.000387312
-0.000607347
-0.000854
-0.00113454
-0.00146412
-0.00186711
-0.00237939
-0.00306108
-0.0040116
-0.00540392
-0.00755375
-0.0110959
0.0005903
0.00057927
0.000489735
0.000354554
0.000207995
6.78496e-05
-6.79992e-05
-0.000221637
-0.000403203
-0.000613928
-0.000855128
-0.00113597
-0.0014719
-0.00188658
-0.0024133
-0.00310951
-0.00407278
-0.00547576
-0.00763532
-0.0111866
0.00060062
0.000579559
0.000480036
0.000334061
0.000178504
3.39391e-05
-0.000100309
-0.000247491
-0.000419772
-0.000621171
-0.000855959
-0.00113512
-0.00147444
-0.00189679
-0.00243437
-0.00314265
-0.00411702
-0.0055289
-0.00769588
-0.0112542
0.000604282
0.000575601
0.000466916
0.000312537
0.000150396
2.60548e-06
-0.000130334
-0.000271957
-0.00043607
-0.000628241
-0.000855264
-0.00112972
-0.00146826
-0.001894
-0.00243871
-0.003156
-0.00413969
-0.00556001
-0.00773349
-0.0112977
0.000599286
0.000565234
0.00045078
0.000290491
0.000123566
-2.6407e-05
-0.000157936
-0.000294366
-0.000450531
-0.000633672
-0.000851872
-0.00111874
-0.00145104
-0.00187311
-0.00241804
-0.00314102
-0.00413435
-0.00556548
-0.00774928
-0.0113234
0.00058489
0.000547517
0.000430802
0.000267613
9.72854e-05
-5.42702e-05
-0.000183923
-0.000314485
-0.000461638
-0.000634104
-0.000842608
-0.00110111
-0.00142391
-0.00183231
-0.00235995
-0.00306507
-0.00404447
-0.00547082
-0.00766063
-0.0112466
0.000559268
0.000521874
0.00040608
0.0002433
7.17175e-05
-8.12449e-05
-0.000209725
-0.000334487
-0.000469848
-0.000625853
-0.000817761
-0.00106546
-0.00138869
-0.00180856
-0.002353
-0.00307218
-0.00405268
-0.00546684
-0.00763759
-0.0112121
0.00051943
0.000485767
0.000376218
0.000217639
4.74726e-05
-0.000105906
-0.000234983
-0.000357781
-0.000485478
-0.000621929
-0.000777091
-0.000971393
-0.00123016
-0.00158451
-0.00207535
-0.0027668
-0.00374107
-0.0051768
-0.00737762
-0.0109762
0.00046464
0.000435658
0.000335598
0.000187484
2.4928e-05
-0.000122403
-0.000245766
-0.000364557
-0.000492876
-0.000638766
-0.000813422
-0.00103279
-0.00131462
-0.00167922
-0.00215639
-0.00280108
-0.00370482
-0.00506394
-0.00720673
-0.010768
0.000398723
0.00037751
0.000280752
0.000133618
-2.82387e-05
-0.000171702
-0.000278956
-0.000359723
-0.000426273
-0.00048715
-0.00055814
-0.000662844
-0.000830473
-0.00109509
-0.00150127
-0.00211389
-0.00304776
-0.00445761
-0.00667621
-0.0103676
0.000296744
0.000310623
0.000258231
0.000129916
-3.76728e-05
-0.000207272
-0.000362324
-0.000506985
-0.000650167
-0.000787162
-0.00092255
-0.00106374
-0.00122809
-0.00143363
-0.00171109
-0.00211058
-0.00273777
-0.00376501
-0.00553268
-0.00874513
0.000202639
0.000156247
8.19528e-05
-4.96663e-06
-8.35181e-05
-0.000140351
-0.000172946
-0.00019435
-0.000206099
-0.000202972
-0.000191736
-0.000195717
-0.000253633
-0.000402228
-0.000692865
-0.00120067
-0.0020481
-0.00344344
-0.00575021
-0.00969601
0.000159302
0.000136865
5.07993e-05
-7.54406e-05
-0.000238554
-0.000444599
-0.000679581
-0.00094077
-0.00118988
-0.00137121
-0.00142631
-0.001345
-0.00126057
-0.00125831
-0.00134941
-0.00141795
-0.00123496
-0.000465389
0.00136188
0.00501185
-0.000194925
-0.000228218
-0.000170271
-6.7432e-05
5.51218e-05
0.000166184
0.000230354
0.000242636
0.000247851
0.000286013
0.000354186
0.0004068
0.000412535
0.000306712
1.97452e-05
-0.000508847
-0.00142572
-0.00296363
-0.00547789
-0.00956265
-0.000123174
-0.000121225
-0.000226182
-0.000396194
-0.000605401
-0.000817557
-0.000976974
-0.00103768
-0.000988994
-0.000882281
-0.000772102
-0.000677769
-0.000572932
-0.000419647
-0.000128481
0.000382383
0.00128192
0.00280257
0.00531248
0.00947863
-0.000645055
-0.000626565
-0.000443256
-0.000174991
0.000122212
0.000403041
0.000616502
0.000715456
0.000740846
0.000777904
0.000868952
0.00099316
0.0010911
0.00109132
0.000912079
0.000441745
-0.000476997
-0.00205632
-0.00463694
-0.00886085
-0.000552343
-0.000560307
-0.000649831
-0.000774099
-0.000865016
-0.000873489
-0.000809806
-0.000713123
-0.000591269
-0.000423821
-0.000187856
0.000131023
0.000547355
0.00108308
0.00177713
0.00269074
0.0039313
0.00568416
0.00828838
0.012406
-0.00103414
-0.000975149
-0.00076119
-0.000479861
-0.000179133
0.000135661
0.000460092
0.000762768
0.000999638
0.00115435
0.00130739
0.00155161
0.00189934
0.00227057
0.00252556
0.0025147
0.00207835
0.000998769
-0.0011019
-0.00493567
-0.0010591
-0.00106125
-0.00105194
-0.00106411
-0.00110972
-0.00115656
-0.00115152
-0.00104735
-0.000803782
-0.00038579
0.000221256
0.00102084
0.00201296
0.00320917
0.00462105
0.0062588
0.00815519
0.0104124
0.013293
0.0173933
-0.00771705
-0.00695125
-0.00423719
-0.00157921
0.000485972
0.00191267
0.00277432
0.00315178
0.00310893
0.00272044
0.00209459
0.00136241
0.000640435
5.50826e-06
-0.000506904
-0.000892814
-0.00116929
-0.00136492
-0.00151026
-0.00163197
-0.00175008
-0.00187802
-0.00202353
-0.00219003
-0.00237808
-0.00258645
-0.00281314
-0.00305567
-0.00331161
-0.00357862
-0.00385502
-0.00413958
-0.00443182
-0.00473155
-0.00503916
-0.00535517
-0.0056805
-0.00601601
-0.00636274
-0.00672171
-0.00709392
-0.00748036
-0.00788192
-0.00829921
-0.00873257
-0.0091818
-0.00964565
-0.010123
-0.0106098
-0.0111025
-0.0115943
-0.012078
-0.012545
-0.0129855
-0.0133912
-0.0137531
-0.0140662
-0.0143274
-0.0145362
-0.0146984
-0.0148204
-0.0149126
-0.0149861
-0.0150509
-0.0151151
-0.0151856
-0.0152674
-0.0153627
-0.0154742
-0.015604
-0.0157518
-0.0159176
-0.0161008
-0.0163003
-0.0165136
-0.0167397
-0.0169779
-0.0172264
-0.0174834
-0.0177478
-0.0180176
-0.0182922
-0.0185708
-0.018854
-0.0191423
-0.0194362
-0.019735
-0.0200381
-0.0203435
-0.0206513
-0.0209602
-0.021271
-0.0215842
-0.0219007
-0.0222217
-0.0225474
-0.0228773
-0.0232117
-0.023548
-0.0238857
-0.0242238
-0.0245628
-0.0249055
-0.0252538
-0.0256086
-0.0259688
-0.0263296
-0.0266913
-0.0270511
-0.0274128
-0.0277806
-0.0281537
-0.0285331
-0.0289186
-0.0292996
-0.0296802
-0.0300638
-0.0304506
-0.0308466
-0.0312474
-0.031645
-0.0320472
-0.032451
-0.0328565
-0.0332678
-0.0336796
-0.0340951
-0.0345234
-0.0349448
-0.0353611
-0.0357875
-0.0362217
-0.0366605
-0.037104
-0.0375322
-0.0379628
-0.0384199
-0.0388827
-0.039329
-0.0397731
-0.0402184
-0.040681
-0.0411672
-0.0416417
-0.0420823
-0.0425424
-0.0430386
-0.0435269
-0.0439898
-0.0444684
-0.0449665
-0.0454609
-0.0459453
-0.0464408
-0.0469431
-0.0474478
-0.0479508
-0.0484609
-0.0489725
-0.0494903
-0.0500088
-0.0505322
-0.0510566
-0.0515885
-0.0521206
-0.0526582
-0.0531961
-0.0537423
-0.054288
-0.0548409
-0.0553936
-0.0559537
-0.0565129
-0.05708
-0.057647
-0.0582225
-0.0587963
-0.0593789
-0.0599595
-0.0605493
-0.0611365
-0.0617327
-0.0623261
-0.062929
-0.0635277
-0.0641363
-0.0647388
-0.0653511
-0.0659555
-0.0665688
-0.0671712
-0.0677813
-0.0683751
-0.0689731
-0.0695459
-0.070115
-0.0706412
-0.0711472
-0.071563
-0.0719412
-0.00830514
-0.00738545
-0.00451148
-0.00176387
0.000399921
0.001932
0.00286143
0.00324782
0.00317112
0.00274006
0.00208707
0.00134516
0.000623249
-8.91975e-06
-0.0005199
-0.000906427
-0.00118453
-0.0013816
-0.00152747
-0.00164881
-0.00176591
-0.00189268
-0.00203713
-0.00220289
-0.00239051
-0.00259869
-0.00282537
-0.00306791
-0.00332393
-0.00359089
-0.00386725
-0.0041516
-0.00444364
-0.00474303
-0.00505024
-0.00536577
-0.00569049
-0.00602537
-0.00637126
-0.00672934
-0.00710049
-0.00748573
-0.00788588
-0.0083016
-0.00873304
-0.00918019
-0.00964151
-0.0101158
-0.010599
-0.0110877
-0.0115757
-0.0120555
-0.0125192
-0.0129574
-0.0133626
-0.0137254
-0.0140402
-0.0143038
-0.014515
-0.0146798
-0.0148043
-0.0148987
-0.014974
-0.0150407
-0.0151065
-0.0151783
-0.0152611
-0.0153572
-0.0154693
-0.0155996
-0.015748
-0.0159142
-0.0160975
-0.0162973
-0.0165108
-0.0167368
-0.016975
-0.0172236
-0.0174807
-0.0177451
-0.0180148
-0.0182896
-0.0185683
-0.0188516
-0.01914
-0.019434
-0.0197328
-0.0200359
-0.0203413
-0.0206491
-0.0209581
-0.021269
-0.0215823
-0.021899
-0.02222
-0.0225458
-0.0228757
-0.0232101
-0.0235464
-0.0238842
-0.0242224
-0.0245615
-0.0249043
-0.0252526
-0.0256075
-0.0259677
-0.0263285
-0.0266903
-0.0270501
-0.0274118
-0.0277797
-0.0281528
-0.0285322
-0.0289178
-0.0292988
-0.0296794
-0.030063
-0.0304499
-0.0308459
-0.0312468
-0.0316443
-0.0320466
-0.0324504
-0.0328559
-0.0332673
-0.0336791
-0.0340945
-0.0345229
-0.0349444
-0.0353606
-0.035787
-0.0362213
-0.0366601
-0.0371037
-0.0375319
-0.0379624
-0.0384196
-0.0388825
-0.0393288
-0.0397728
-0.040218
-0.0406807
-0.041167
-0.0416416
-0.042082
-0.0425421
-0.0430385
-0.0435268
-0.0439896
-0.0444682
-0.0449664
-0.0454608
-0.0459452
-0.0464407
-0.046943
-0.0474477
-0.0479507
-0.0484608
-0.0489724
-0.0494902
-0.0500087
-0.0505321
-0.0510565
-0.0515885
-0.0521206
-0.0526581
-0.0531961
-0.0537422
-0.054288
-0.0548408
-0.0553936
-0.0559536
-0.0565128
-0.0570799
-0.0576469
-0.0582224
-0.0587963
-0.0593789
-0.0599595
-0.0605492
-0.0611364
-0.0617327
-0.0623261
-0.062929
-0.0635277
-0.0641363
-0.0647388
-0.0653511
-0.0659555
-0.0665688
-0.0671713
-0.0677813
-0.0683751
-0.0689731
-0.069546
-0.0701151
-0.0706412
-0.0711475
-0.0715643
-0.0719416
-0.00830034
-0.00780044
-0.00516972
-0.00236519
5.79839e-05
0.00186281
0.00297627
0.003413
0.00328569
0.0027768
0.00207025
0.00130916
0.000589178
-3.47749e-05
-0.000539327
-0.000923333
-0.00120185
-0.00140026
-0.00154694
-0.001668
-0.00178398
-0.00190923
-0.0020523
-0.0022171
-0.00240429
-0.00261249
-0.0028395
-0.00308254
-0.00333906
-0.00360649
-0.00388315
-0.0041677
-0.00445974
-0.00475905
-0.00506596
-0.00538107
-0.00570513
-0.00603918
-0.00638403
-0.00674081
-0.00711042
-0.0074938
-0.00789175
-0.00830479
-0.00873295
-0.009176
-0.00963229
-0.0101002
-0.0105761
-0.0110563
-0.0115352
-0.0120059
-0.0124609
-0.0128921
-0.0132914
-0.0136511
-0.0139651
-0.0142309
-0.0144475
-0.014619
-0.0147521
-0.0148554
-0.014939
-0.0150132
-0.0150855
-0.0151624
-0.0152492
-0.0153487
-0.0154634
-0.0155958
-0.0157463
-0.0159145
-0.0160991
-0.0162997
-0.0165138
-0.01674
-0.0169778
-0.0172259
-0.0174825
-0.0177463
-0.0180156
-0.0182901
-0.0185688
-0.0188522
-0.0191408
-0.0194348
-0.0197334
-0.0200361
-0.0203409
-0.0206483
-0.0209569
-0.0212678
-0.0215814
-0.0218984
-0.0222198
-0.0225456
-0.0228754
-0.0232094
-0.0235451
-0.0238827
-0.0242209
-0.0245604
-0.0249037
-0.0252523
-0.025607
-0.0259668
-0.0263271
-0.0266887
-0.0270487
-0.0274108
-0.0277791
-0.0281523
-0.0285313
-0.0289166
-0.0292974
-0.0296781
-0.030062
-0.0304491
-0.0308452
-0.0312459
-0.0316432
-0.0320455
-0.0324494
-0.032855
-0.0332665
-0.0336783
-0.0340935
-0.034522
-0.0349435
-0.0353598
-0.0357864
-0.0362206
-0.0366592
-0.0371029
-0.0375312
-0.0379617
-0.038419
-0.0388817
-0.0393279
-0.0397722
-0.0402176
-0.0406801
-0.0411663
-0.041641
-0.0420815
-0.0425416
-0.043038
-0.0435264
-0.0439891
-0.0444678
-0.0449661
-0.0454604
-0.0459448
-0.0464404
-0.0469427
-0.0474474
-0.0479504
-0.0484606
-0.0489722
-0.04949
-0.0500085
-0.050532
-0.0510563
-0.0515883
-0.0521204
-0.052658
-0.0531959
-0.0537421
-0.0542879
-0.0548407
-0.0553935
-0.0559535
-0.0565128
-0.0570799
-0.0576469
-0.0582224
-0.0587962
-0.0593788
-0.0599595
-0.0605492
-0.0611364
-0.0617327
-0.0623261
-0.062929
-0.0635278
-0.0641363
-0.0647389
-0.0653511
-0.0659556
-0.0665689
-0.0671715
-0.0677815
-0.0683755
-0.0689736
-0.0695466
-0.0701161
-0.0706428
-0.0711497
-0.0715716
-0.0719487
-0.00617106
-0.00640004
-0.00563782
-0.00334741
-0.000573139
0.00166065
0.00302198
0.00351108
0.00332979
0.00275071
0.00199982
0.0012259
0.000513476
-9.60183e-05
-0.000587801
-0.000963864
-0.00123898
-0.00143637
-0.00158246
-0.00170215
-0.00181594
-0.00193848
-0.00207896
-0.00224162
-0.0024274
-0.00263487
-0.00286167
-0.00310487
-0.00336167
-0.00362944
-0.00390622
-0.00419086
-0.00448273
-0.00478179
-0.00508818
-0.0054026
-0.00572574
-0.0060586
-0.00640202
-0.00675698
-0.00712444
-0.00750518
-0.00789994
-0.0083091
-0.00873253
-0.00916986
-0.00961948
-0.0100796
-0.0105469
-0.0110175
-0.0114862
-0.0119466
-0.0123919
-0.0128147
-0.0132073
-0.0135633
-0.0138769
-0.0141454
-0.0143683
-0.0145483
-0.0146911
-0.0148047
-0.0148978
-0.0149803
-0.0150599
-0.0151427
-0.0152343
-0.0153379
-0.0154559
-0.0155911
-0.0157438
-0.0159139
-0.0161
-0.0163012
-0.016516
-0.0167424
-0.0169798
-0.0172273
-0.0174831
-0.0177461
-0.0180147
-0.0182888
-0.0185676
-0.0188513
-0.0191401
-0.0194342
-0.0197325
-0.0200347
-0.0203388
-0.0206454
-0.0209536
-0.0212645
-0.0215785
-0.0218962
-0.0222182
-0.0225444
-0.0228739
-0.0232072
-0.0235422
-0.0238793
-0.0242176
-0.0245579
-0.0249021
-0.0252512
-0.0256058
-0.0259649
-0.0263243
-0.0266856
-0.0270459
-0.0274087
-0.0277778
-0.0281513
-0.0285298
-0.0289144
-0.0292948
-0.0296756
-0.0300601
-0.0304479
-0.0308439
-0.0312443
-0.0316413
-0.0320434
-0.0324474
-0.0328533
-0.0332652
-0.0336771
-0.034092
-0.03452
-0.0349416
-0.0353585
-0.0357853
-0.0362193
-0.0366574
-0.037101
-0.03753
-0.037961
-0.0384177
-0.03888
-0.0393263
-0.0397712
-0.040217
-0.0406792
-0.0411648
-0.0416393
-0.0420805
-0.0425411
-0.0430371
-0.0435251
-0.0439881
-0.0444671
-0.0449652
-0.0454595
-0.0459439
-0.0464397
-0.046942
-0.0474467
-0.0479497
-0.04846
-0.0489716
-0.0494894
-0.0500079
-0.0505314
-0.0510558
-0.0515878
-0.05212
-0.0526576
-0.0531956
-0.0537417
-0.0542875
-0.0548404
-0.0553932
-0.0559532
-0.0565125
-0.0570796
-0.0576467
-0.0582221
-0.0587961
-0.0593786
-0.0599594
-0.060549
-0.0611364
-0.0617325
-0.0623261
-0.0629289
-0.0635278
-0.0641362
-0.064739
-0.0653511
-0.0659559
-0.066569
-0.067172
-0.0677818
-0.0683764
-0.0689744
-0.0695483
-0.0701179
-0.0706465
-0.0711542
-0.0715853
-0.0719639
-0.00907226
-0.00869746
-0.00604127
-0.00292627
-0.000101108
0.00199766
0.00323456
0.00363474
0.00339242
0.00277022
0.00199055
0.00120179
0.000485603
-0.000121508
-0.0006092
-0.000982255
-0.00125654
-0.00145467
-0.0016019
-0.00172209
-0.00183544
-0.00195677
-0.00209576
-0.00225712
-0.0024421
-0.0026494
-0.00287654
-0.00312052
-0.00337821
-0.00364693
-0.00392447
-0.00420969
-0.00450187
-0.004801
-0.00510718
-0.00542106
-0.00574341
-0.00607511
-0.0064171
-0.00677015
-0.00713527
-0.00751312
-0.00790432
-0.00830912
-0.00872726
-0.00915823
-0.00960048
-0.0100521
-0.01051
-0.0109705
-0.0114284
-0.0118784
-0.0123137
-0.0127279
-0.0131141
-0.0134664
-0.0137798
-0.0140515
-0.0142808
-0.0144695
-0.0146224
-0.0147467
-0.0148501
-0.0149417
-0.0150291
-0.0151187
-0.0152158
-0.0153241
-0.0154463
-0.0155845
-0.0157396
-0.0159117
-0.0160993
-0.0163014
-0.0165169
-0.0167437
-0.0169809
-0.0172277
-0.0174826
-0.0177449
-0.0180129
-0.0182867
-0.0185657
-0.0188498
-0.0191391
-0.0194334
-0.0197315
-0.0200332
-0.0203364
-0.0206421
-0.0209497
-0.0212605
-0.0215752
-0.0218938
-0.0222166
-0.0225431
-0.0228724
-0.0232049
-0.0235389
-0.0238752
-0.0242137
-0.0245549
-0.0249002
-0.02525
-0.0256045
-0.0259628
-0.0263209
-0.0266817
-0.0270425
-0.0274061
-0.0277763
-0.0281503
-0.028528
-0.0289115
-0.0292915
-0.0296723
-0.0300577
-0.0304463
-0.0308422
-0.0312422
-0.0316388
-0.0320406
-0.0324448
-0.0328511
-0.0332634
-0.0336755
-0.0340898
-0.0345171
-0.034939
-0.0353566
-0.0357838
-0.0362175
-0.0366548
-0.0370983
-0.0375283
-0.0379598
-0.0384158
-0.0388773
-0.0393238
-0.0397694
-0.0402161
-0.040678
-0.0411622
-0.0416365
-0.0420792
-0.0425403
-0.0430353
-0.043523
-0.0439868
-0.044466
-0.0449637
-0.0454578
-0.0459426
-0.0464385
-0.0469409
-0.0474454
-0.0479486
-0.0484589
-0.0489706
-0.0494884
-0.050007
-0.0505305
-0.051055
-0.0515869
-0.0521192
-0.0526568
-0.0531949
-0.053741
-0.0542869
-0.0548397
-0.0553926
-0.0559526
-0.0565121
-0.0570791
-0.0576463
-0.0582216
-0.0587958
-0.0593782
-0.0599591
-0.0605486
-0.0611362
-0.0617322
-0.062326
-0.0629286
-0.0635279
-0.064136
-0.0647392
-0.0653511
-0.0659563
-0.0665692
-0.0671728
-0.0677823
-0.0683778
-0.0689755
-0.069551
-0.0701206
-0.0706528
-0.0711616
-0.0716044
-0.0719874
-0.00992993
-0.00909882
-0.00571267
-0.00224812
0.000505363
0.00239495
0.00342499
0.00370165
0.00340447
0.00275646
0.00196317
0.00116697
0.000447501
-0.000159796
-0.00064574
-0.00101634
-0.00128849
-0.00148516
-0.00163126
-0.00175028
-0.00186206
-0.00198153
-0.00211851
-0.00227811
-0.00246173
-0.00266829
-0.00289527
-0.00313956
-0.00339787
-0.0036673
-0.0039455
-0.00423116
-0.00452358
-0.00482263
-0.00512846
-0.00544159
-0.0057629
-0.00609319
-0.0064334
-0.00678423
-0.00714659
-0.00752115
-0.00790833
-0.00830832
-0.00872072
-0.00914493
-0.0095794
-0.0100223
-0.0104705
-0.0109206
-0.0113679
-0.0118073
-0.0122329
-0.0126387
-0.0130186
-0.0133673
-0.0136805
-0.0139551
-0.0141905
-0.0143878
-0.0145508
-0.0146858
-0.0147998
-0.0149008
-0.0149966
-0.0150933
-0.0151962
-0.0153095
-0.0154358
-0.0155773
-0.0157348
-0.0159089
-0.0160982
-0.0163015
-0.0165176
-0.0167448
-0.0169819
-0.0172281
-0.0174821
-0.0177436
-0.018011
-0.0182845
-0.0185638
-0.0188484
-0.0191383
-0.0194329
-0.0197306
-0.0200316
-0.0203338
-0.0206386
-0.0209456
-0.0212563
-0.0215716
-0.0218912
-0.0222149
-0.0225419
-0.0228708
-0.0232023
-0.0235351
-0.0238707
-0.0242094
-0.0245516
-0.0248982
-0.0252489
-0.0256031
-0.0259603
-0.0263171
-0.0266771
-0.0270386
-0.0274033
-0.0277746
-0.0281491
-0.0285259
-0.0289081
-0.0292875
-0.0296686
-0.0300549
-0.0304445
-0.0308404
-0.0312398
-0.0316358
-0.0320372
-0.0324418
-0.0328486
-0.0332614
-0.0336737
-0.0340872
-0.0345136
-0.0349361
-0.0353545
-0.035782
-0.0362153
-0.0366518
-0.0370951
-0.0375263
-0.0379583
-0.0384134
-0.0388742
-0.0393209
-0.0397673
-0.040215
-0.0406765
-0.041159
-0.0416331
-0.0420777
-0.0425393
-0.0430331
-0.0435204
-0.0439851
-0.0444646
-0.0449619
-0.0454558
-0.045941
-0.046437
-0.0469394
-0.0474438
-0.0479471
-0.0484575
-0.0489694
-0.049487
-0.0500057
-0.0505293
-0.051054
-0.0515858
-0.0521182
-0.0526557
-0.053194
-0.05374
-0.0542861
-0.0548388
-0.0553919
-0.0559518
-0.0565115
-0.0570784
-0.0576459
-0.058221
-0.0587954
-0.0593775
-0.0599588
-0.0605481
-0.061136
-0.0617317
-0.062326
-0.0629283
-0.063528
-0.0641358
-0.0647395
-0.065351
-0.0659569
-0.0665693
-0.0671739
-0.0677829
-0.0683798
-0.0689769
-0.0695547
-0.070124
-0.070661
-0.0711716
-0.0716264
-0.0720169
-0.0103032
-0.00957529
-0.00601113
-0.0023238
0.000565038
0.00249453
0.00348569
0.00369791
0.00335983
0.00269947
0.00190527
0.00110937
0.000389451
-0.000218048
-0.00070297
-0.00107083
-0.00133897
-0.00153127
-0.00167334
-0.0017889
-0.00189762
-0.00201432
-0.00214865
-0.00230587
-0.00248749
-0.00269264
-0.00291878
-0.00316282
-0.00342134
-0.00369119
-0.00396989
-0.00425586
-0.00454841
-0.00484723
-0.00515252
-0.0054647
-0.00578468
-0.00611326
-0.00645132
-0.00679957
-0.00715877
-0.00752961
-0.00791235
-0.00830711
-0.00871337
-0.00913047
-0.00955685
-0.00999069
-0.0104291
-0.0108688
-0.0113055
-0.0117346
-0.0121506
-0.0125481
-0.0129219
-0.0132671
-0.0135797
-0.0138571
-0.014098
-0.0143036
-0.0144764
-0.0146221
-0.0147468
-0.0148577
-0.0149622
-0.0150663
-0.0151754
-0.0152937
-0.0154242
-0.0155691
-0.0157294
-0.0159055
-0.0160966
-0.0163011
-0.0165181
-0.0167458
-0.0169827
-0.0172284
-0.0174814
-0.0177421
-0.0180091
-0.0182823
-0.0185619
-0.0188471
-0.0191376
-0.0194324
-0.0197298
-0.02003
-0.0203311
-0.0206346
-0.020941
-0.0212518
-0.0215679
-0.0218887
-0.0222133
-0.0225407
-0.0228691
-0.0231994
-0.0235309
-0.0238657
-0.0242047
-0.0245481
-0.0248963
-0.0252478
-0.0256015
-0.0259575
-0.0263128
-0.0266722
-0.0270344
-0.0274004
-0.0277728
-0.0281478
-0.0285236
-0.0289044
-0.0292833
-0.0296645
-0.0300519
-0.0304426
-0.0308385
-0.0312372
-0.0316325
-0.0320335
-0.0324385
-0.0328459
-0.0332592
-0.0336716
-0.0340843
-0.03451
-0.0349329
-0.0353522
-0.0357799
-0.0362129
-0.0366485
-0.0370916
-0.0375241
-0.0379568
-0.0384108
-0.0388708
-0.0393178
-0.039765
-0.0402137
-0.0406748
-0.0411556
-0.0416296
-0.042076
-0.0425382
-0.0430307
-0.0435175
-0.0439833
-0.044463
-0.0449598
-0.0454535
-0.0459393
-0.0464354
-0.0469377
-0.047442
-0.0479455
-0.0484559
-0.048968
-0.0494855
-0.0500044
-0.0505279
-0.0510528
-0.0515844
-0.052117
-0.0526545
-0.0531931
-0.0537389
-0.0542852
-0.0548377
-0.0553911
-0.0559508
-0.0565109
-0.0570775
-0.0576453
-0.0582202
-0.0587949
-0.0593768
-0.0599585
-0.0605474
-0.0611358
-0.0617312
-0.062326
-0.0629278
-0.0635281
-0.0641354
-0.06474
-0.0653508
-0.0659577
-0.0665695
-0.0671753
-0.0677836
-0.0683822
-0.0689787
-0.0695591
-0.0701283
-0.0706704
-0.0711838
-0.0716499
-0.0720498
-0.0108235
-0.0101603
-0.00649252
-0.00256226
0.000542095
0.00260005
0.00362884
0.00381549
0.00342911
0.00272572
0.00190188
0.00108746
0.000356357
-0.000257502
-0.000745061
-0.00111256
-0.00137815
-0.00156689
-0.00170527
-0.00181763
-0.00192371
-0.00203824
-0.00217071
-0.00232632
-0.00250662
-0.00271082
-0.00293656
-0.00318067
-0.00343971
-0.00371034
-0.00398992
-0.00427661
-0.00456964
-0.00486857
-0.00517357
-0.00548501
-0.00580374
-0.00613064
-0.0064665
-0.00681207
-0.00716797
-0.00753488
-0.00791299
-0.0083023
-0.00870222
-0.00911202
-0.00953018
-0.00995492
-0.0103835
-0.0108129
-0.0112391
-0.0116579
-0.0120644
-0.0124538
-0.0128215
-0.0131631
-0.013475
-0.0137547
-0.0140008
-0.014214
-0.0143965
-0.0145528
-0.0146883
-0.0148095
-0.0149231
-0.0150351
-0.0151507
-0.0152745
-0.0154094
-0.015558
-0.0157214
-0.0158999
-0.016093
-0.0162991
-0.0165171
-0.0167453
-0.0169822
-0.0172274
-0.0174797
-0.0177396
-0.0180061
-0.0182793
-0.0185592
-0.0188452
-0.0191362
-0.0194314
-0.0197284
-0.0200277
-0.0203276
-0.02063
-0.0209357
-0.0212466
-0.0215636
-0.0218857
-0.0222114
-0.0225391
-0.0228668
-0.0231959
-0.023526
-0.0238601
-0.0241995
-0.0245443
-0.0248941
-0.0252464
-0.0255995
-0.0259542
-0.0263081
-0.0266667
-0.0270298
-0.0273972
-0.0277708
-0.0281464
-0.028521
-0.0289002
-0.0292786
-0.0296601
-0.0300487
-0.0304406
-0.0308363
-0.0312342
-0.0316289
-0.0320295
-0.032435
-0.0328431
-0.0332567
-0.0336693
-0.0340813
-0.034506
-0.0349295
-0.0353497
-0.0357777
-0.0362104
-0.0366451
-0.0370879
-0.0375217
-0.037955
-0.0384081
-0.0388672
-0.0393146
-0.0397625
-0.0402121
-0.0406729
-0.0411522
-0.0416258
-0.0420741
-0.0425368
-0.0430282
-0.0435145
-0.0439813
-0.0444613
-0.0449576
-0.0454511
-0.0459373
-0.0464335
-0.0469359
-0.0474401
-0.0479438
-0.0484542
-0.0489665
-0.0494838
-0.0500029
-0.0505264
-0.0510515
-0.051583
-0.0521158
-0.0526532
-0.0531921
-0.0537377
-0.0542843
-0.0548366
-0.0553903
-0.0559498
-0.0565102
-0.0570766
-0.0576448
-0.0582193
-0.0587945
-0.059376
-0.0599582
-0.0605467
-0.0611356
-0.0617306
-0.062326
-0.0629273
-0.0635283
-0.0641351
-0.0647405
-0.0653507
-0.0659587
-0.0665698
-0.0671769
-0.0677845
-0.0683849
-0.0689809
-0.0695639
-0.0701336
-0.0706805
-0.0711979
-0.0716739
-0.0720844
-0.0112393
-0.01059
-0.00684174
-0.00274871
0.000522478
0.00270719
0.00380069
0.00398233
0.00354726
0.00278519
0.00191325
0.00106662
0.000316493
-0.000307355
-0.000798503
-0.00116523
-0.00142739
-0.0016115
-0.0017451
-0.00185313
-0.00195555
-0.00206704
-0.00219702
-0.00235054
-0.00252919
-0.00273218
-0.00295723
-0.00320114
-0.00346047
-0.00373166
-0.00401194
-0.00429926
-0.00459267
-0.00489164
-0.00519625
-0.00550683
-0.00582416
-0.00614914
-0.00648254
-0.00682511
-0.00717738
-0.00753999
-0.00791308
-0.00829657
-0.00868981
-0.009092
-0.00950171
-0.00991715
-0.0103358
-0.0107547
-0.0111704
-0.011579
-0.0119761
-0.0123576
-0.0127191
-0.0130571
-0.013368
-0.0136498
-0.0139007
-0.0141213
-0.0143132
-0.01448
-0.0146264
-0.0147581
-0.0148811
-0.0150014
-0.0151239
-0.0152535
-0.0153931
-0.0155457
-0.0157125
-0.0158936
-0.0160888
-0.0162966
-0.0165157
-0.0167445
-0.0169814
-0.0172262
-0.0174778
-0.0177368
-0.018003
-0.0182761
-0.0185565
-0.0188432
-0.0191349
-0.0194304
-0.0197271
-0.0200254
-0.020324
-0.0206251
-0.0209303
-0.0212413
-0.0215593
-0.0218827
-0.0222094
-0.0225375
-0.0228645
-0.0231921
-0.023521
-0.0238543
-0.0241943
-0.0245405
-0.0248919
-0.025245
-0.0255975
-0.0259507
-0.0263032
-0.0266611
-0.0270251
-0.027394
-0.0277688
-0.0281448
-0.0285183
-0.0288959
-0.0292738
-0.0296556
-0.0300454
-0.0304384
-0.0308341
-0.0312312
-0.0316251
-0.0320254
-0.0324314
-0.0328401
-0.0332542
-0.0336669
-0.0340781
-0.0345019
-0.0349259
-0.035347
-0.0357753
-0.0362077
-0.0366416
-0.0370839
-0.0375191
-0.037953
-0.0384052
-0.0388635
-0.0393111
-0.0397597
-0.0402104
-0.0406709
-0.0411486
-0.0416218
-0.042072
-0.0425353
-0.0430255
-0.0435113
-0.0439792
-0.0444594
-0.0449554
-0.0454486
-0.0459354
-0.0464316
-0.0469341
-0.047438
-0.047942
-0.0484524
-0.048965
-0.0494821
-0.0500014
-0.0505248
-0.0510502
-0.0515814
-0.0521146
-0.0526518
-0.053191
-0.0537364
-0.0542833
-0.0548354
-0.0553894
-0.0559486
-0.0565095
-0.0570756
-0.0576443
-0.0582184
-0.058794
-0.0593752
-0.0599579
-0.060546
-0.0611355
-0.06173
-0.062326
-0.0629268
-0.0635286
-0.0641348
-0.064741
-0.0653507
-0.0659597
-0.0665702
-0.0671786
-0.0677857
-0.0683877
-0.0689837
-0.0695691
-0.07014
-0.0706914
-0.0712135
-0.0716984
-0.0721199
-0.0115874
-0.0109436
-0.00713982
-0.00293934
0.000452385
0.00273636
0.00389507
0.00409396
0.003636
0.00283222
0.00191766
0.00103712
0.000264296
-0.000372233
-0.000867816
-0.00123317
-0.00149063
-0.0016686
-0.00179584
-0.00189796
-0.00199523
-0.00210239
-0.00222884
-0.00237953
-0.00255598
-0.00275733
-0.00298131
-0.00322467
-0.00348392
-0.00375539
-0.00403613
-0.00432391
-0.00461757
-0.00491647
-0.00522056
-0.00553014
-0.00584589
-0.00616872
-0.00649936
-0.00683856
-0.00718682
-0.00754474
-0.0079124
-0.0082897
-0.00867593
-0.00907024
-0.00947128
-0.00987729
-0.0102859
-0.0106945
-0.0110997
-0.0114983
-0.0118862
-0.0122599
-0.0126154
-0.0129496
-0.0132594
-0.0135428
-0.0137982
-0.0140257
-0.0142266
-0.0144037
-0.0145608
-0.0147032
-0.0148359
-0.0149648
-0.0150946
-0.0152303
-0.0153751
-0.0155319
-0.0157022
-0.0158862
-0.0160838
-0.0162935
-0.0165137
-0.0167432
-0.01698
-0.0172244
-0.0174753
-0.0177336
-0.0179994
-0.0182726
-0.0185535
-0.0188412
-0.0191335
-0.0194294
-0.0197257
-0.0200228
-0.0203202
-0.0206199
-0.0209244
-0.0212356
-0.0215547
-0.0218796
-0.0222074
-0.0225357
-0.022862
-0.0231881
-0.0235156
-0.0238482
-0.0241888
-0.0245365
-0.0248894
-0.0252433
-0.0255952
-0.025947
-0.0262982
-0.0266553
-0.0270201
-0.0273906
-0.0277665
-0.0281429
-0.0285156
-0.0288914
-0.0292687
-0.0296509
-0.0300418
-0.030436
-0.0308318
-0.031228
-0.0316211
-0.032021
-0.0324275
-0.032837
-0.0332514
-0.0336643
-0.0340747
-0.0344975
-0.0349221
-0.0353441
-0.0357727
-0.0362048
-0.0366379
-0.0370798
-0.0375162
-0.0379509
-0.0384022
-0.0388596
-0.0393075
-0.0397568
-0.0402085
-0.0406688
-0.0411449
-0.0416177
-0.0420699
-0.0425337
-0.0430227
-0.0435079
-0.043977
-0.0444574
-0.044953
-0.0454459
-0.0459332
-0.0464295
-0.0469321
-0.0474358
-0.0479401
-0.0484505
-0.0489634
-0.0494802
-0.0499998
-0.0505231
-0.0510488
-0.0515798
-0.0521133
-0.0526503
-0.0531899
-0.053735
-0.0542823
-0.0548341
-0.0553886
-0.0559475
-0.0565088
-0.0570746
-0.0576437
-0.0582175
-0.0587936
-0.0593743
-0.0599576
-0.0605452
-0.0611354
-0.0617294
-0.0623261
-0.0629264
-0.0635289
-0.0641346
-0.0647416
-0.0653508
-0.0659607
-0.0665709
-0.0671804
-0.0677874
-0.0683907
-0.0689871
-0.0695746
-0.0701474
-0.0707029
-0.0712303
-0.0717233
-0.0721559
-0.0118979
-0.0112574
-0.00741135
-0.00313573
0.000338949
0.00269991
0.00392301
0.00415847
0.00370355
0.00287799
0.00193173
0.00102122
0.000225078
-0.000427162
-0.000931183
-0.00129891
-0.00155438
-0.00172771
-0.00184907
-0.00194506
-0.00203656
-0.00213862
-0.00226078
-0.00240801
-0.00258181
-0.00278122
-0.00300393
-0.00324659
-0.00350566
-0.00377735
-0.00405854
-0.00434677
-0.00464071
-0.00493961
-0.00524321
-0.0055518
-0.00586593
-0.00618654
-0.00651429
-0.00684992
-0.00719393
-0.00754686
-0.00790885
-0.00827967
-0.00865865
-0.00904488
-0.00943709
-0.00983361
-0.0102322
-0.0106305
-0.0110255
-0.0114142
-0.0117931
-0.0121591
-0.0125086
-0.0128391
-0.0131477
-0.0134325
-0.0136921
-0.0139262
-0.0141356
-0.0143226
-0.0144903
-0.0146432
-0.0147858
-0.0149236
-0.0150611
-0.0152033
-0.0153536
-0.015515
-0.0156893
-0.0158766
-0.0160768
-0.0162886
-0.0165101
-0.0167403
-0.0169771
-0.0172211
-0.0174714
-0.017729
-0.0179946
-0.018268
-0.0185497
-0.0188384
-0.0191315
-0.0194277
-0.0197236
-0.0200196
-0.0203155
-0.0206139
-0.0209178
-0.0212294
-0.0215495
-0.021876
-0.0222049
-0.0225334
-0.022859
-0.0231836
-0.0235097
-0.0238416
-0.0241828
-0.0245319
-0.0248864
-0.0252413
-0.0255926
-0.025943
-0.0262928
-0.0266489
-0.0270146
-0.0273868
-0.0277638
-0.0281408
-0.0285126
-0.0288866
-0.0292632
-0.0296457
-0.0300377
-0.0304333
-0.0308292
-0.0312246
-0.0316169
-0.0320162
-0.0324233
-0.0328335
-0.0332484
-0.0336614
-0.0340711
-0.0344928
-0.0349181
-0.0353411
-0.0357699
-0.0362016
-0.036634
-0.0370755
-0.0375131
-0.0379486
-0.038399
-0.0388554
-0.0393038
-0.0397537
-0.0402064
-0.0406663
-0.041141
-0.0416134
-0.0420675
-0.0425319
-0.0430198
-0.0435044
-0.0439746
-0.0444552
-0.0449504
-0.0454431
-0.045931
-0.0464273
-0.0469301
-0.0474335
-0.0479381
-0.0484484
-0.0489616
-0.0494783
-0.0499981
-0.0505213
-0.0510474
-0.0515782
-0.052112
-0.0526488
-0.0531888
-0.0537336
-0.0542813
-0.0548328
-0.0553876
-0.0559463
-0.056508
-0.0570736
-0.0576431
-0.0582165
-0.0587931
-0.0593735
-0.0599572
-0.0605445
-0.0611352
-0.0617289
-0.0623261
-0.0629261
-0.0635292
-0.0641345
-0.0647422
-0.0653512
-0.0659618
-0.0665719
-0.0671822
-0.0677895
-0.0683939
-0.0689912
-0.0695807
-0.0701558
-0.0707151
-0.0712482
-0.0717488
-0.0721922
-0.0121825
-0.011543
-0.00766336
-0.00333272
0.000204957
0.0026291
0.00391166
0.00419023
0.00375294
0.00292142
0.00195566
0.00102082
0.000201638
-0.00046932
-0.000986483
-0.00136128
-0.00161843
-0.00178946
-0.00190612
-0.00199635
-0.0020819
-0.00217832
-0.00229548
-0.00243852
-0.00260905
-0.00280605
-0.00302712
-0.00326879
-0.00352747
-0.00379922
-0.00408074
-0.00436937
-0.00466354
-0.0049624
-0.00526549
-0.00557304
-0.00588548
-0.00620375
-0.00652847
-0.00686035
-0.00719988
-0.00754754
-0.00790356
-0.00826762
-0.0086391
-0.00901701
-0.00940021
-0.00978714
-0.0101757
-0.0105638
-0.0109486
-0.0113276
-0.0116977
-0.0120562
-0.0124
-0.0127267
-0.0130341
-0.0133202
-0.0135837
-0.013824
-0.0140415
-0.014238
-0.014416
-0.0145793
-0.0147319
-0.0148788
-0.0150243
-0.0151733
-0.0153296
-0.0154959
-0.0156745
-0.0158654
-0.0160686
-0.0162827
-0.0165056
-0.0167366
-0.0169735
-0.0172169
-0.0174667
-0.0177236
-0.017989
-0.0182629
-0.0185455
-0.0188354
-0.0191295
-0.019426
-0.0197215
-0.0200162
-0.0203106
-0.0206075
-0.0209108
-0.0212228
-0.0215442
-0.0218723
-0.0222024
-0.0225312
-0.0228558
-0.0231788
-0.0235035
-0.0238348
-0.0241766
-0.0245273
-0.0248835
-0.0252392
-0.02559
-0.0259388
-0.0262872
-0.0266424
-0.0270089
-0.0273827
-0.027761
-0.0281386
-0.0285096
-0.0288817
-0.0292575
-0.0296403
-0.0300335
-0.0304304
-0.0308267
-0.0312211
-0.0316124
-0.0320111
-0.0324189
-0.0328299
-0.0332454
-0.0336585
-0.0340675
-0.034488
-0.0349138
-0.0353378
-0.035767
-0.0361984
-0.0366301
-0.0370709
-0.0375099
-0.0379461
-0.0383957
-0.0388512
-0.0393
-0.0397505
-0.0402041
-0.0406638
-0.0411371
-0.041609
-0.0420649
-0.0425299
-0.0430168
-0.0435008
-0.0439722
-0.044453
-0.0449478
-0.0454402
-0.0459287
-0.046425
-0.046928
-0.0474311
-0.0479361
-0.0484463
-0.0489598
-0.0494762
-0.0499964
-0.0505195
-0.0510459
-0.0515764
-0.0521105
-0.0526472
-0.0531876
-0.0537322
-0.0542802
-0.0548315
-0.0553866
-0.0559451
-0.0565072
-0.0570726
-0.0576425
-0.0582156
-0.0587925
-0.0593728
-0.0599568
-0.060544
-0.061135
-0.0617285
-0.0623261
-0.062926
-0.0635294
-0.0641347
-0.0647428
-0.0653519
-0.065963
-0.0665733
-0.0671842
-0.0677921
-0.0683975
-0.068996
-0.0695873
-0.0701652
-0.0707283
-0.071267
-0.0717749
-0.0722288
-0.0124455
-0.0118062
-0.00789946
-0.00352606
6.27957e-05
0.00253997
0.00387496
0.00419598
0.00378292
0.00295582
0.00198
0.00102713
0.000187632
-0.0005023
-0.00103513
-0.00142057
-0.00168278
-0.00185408
-0.00196767
-0.00205286
-0.00213254
-0.00222293
-0.00233446
-0.00247254
-0.00263904
-0.00283295
-0.00305183
-0.00329207
-0.00354997
-0.00382149
-0.00410311
-0.00439199
-0.00468626
-0.00498496
-0.00528747
-0.00559389
-0.00590453
-0.00622031
-0.00654186
-0.0068698
-0.00720463
-0.00754675
-0.00789652
-0.00825356
-0.00861729
-0.0089867
-0.00936072
-0.00973798
-0.0101165
-0.0104945
-0.0108693
-0.011239
-0.0116005
-0.0119518
-0.0122901
-0.0126132
-0.0129194
-0.0132066
-0.0134736
-0.0137196
-0.0139447
-0.0141502
-0.014338
-0.0145115
-0.0146739
-0.01483
-0.0149838
-0.0151399
-0.0153026
-0.0154742
-0.0156574
-0.0158524
-0.0160587
-0.0162754
-0.0165
-0.0167317
-0.0169688
-0.0172116
-0.0174608
-0.0177171
-0.0179824
-0.0182569
-0.0185406
-0.0188319
-0.0191271
-0.019424
-0.0197192
-0.0200124
-0.0203051
-0.0206005
-0.0209032
-0.0212157
-0.0215385
-0.0218683
-0.0221997
-0.0225286
-0.0228524
-0.0231736
-0.0234969
-0.0238275
-0.02417
-0.0245224
-0.0248802
-0.0252369
-0.0255871
-0.0259341
-0.0262811
-0.0266356
-0.0270027
-0.0273784
-0.027758
-0.0281361
-0.0285065
-0.0288765
-0.0292514
-0.0296346
-0.030029
-0.0304273
-0.0308239
-0.0312174
-0.0316077
-0.0320058
-0.0324142
-0.0328261
-0.033242
-0.0336552
-0.0340636
-0.0344829
-0.0349093
-0.0353343
-0.0357639
-0.0361949
-0.0366259
-0.0370662
-0.0375063
-0.0379434
-0.0383923
-0.0388469
-0.0392959
-0.0397469
-0.0402016
-0.0406611
-0.0411331
-0.0416045
-0.0420622
-0.0425278
-0.0430136
-0.043497
-0.0439695
-0.0444505
-0.044945
-0.0454372
-0.0459262
-0.0464226
-0.0469257
-0.0474287
-0.0479338
-0.0484441
-0.0489579
-0.0494741
-0.0499945
-0.0505176
-0.0510443
-0.0515746
-0.052109
-0.0526457
-0.0531863
-0.0537308
-0.054279
-0.0548302
-0.0553856
-0.055944
-0.0565064
-0.0570717
-0.0576418
-0.0582148
-0.0587919
-0.0593721
-0.0599564
-0.0605435
-0.0611347
-0.0617282
-0.0623261
-0.062926
-0.0635297
-0.0641351
-0.0647435
-0.0653528
-0.0659642
-0.066575
-0.0671864
-0.0677951
-0.0684014
-0.0690014
-0.0695946
-0.0701754
-0.0707425
-0.0712867
-0.0718017
-0.0722654
-0.0126891
-0.0120514
-0.00812208
-0.0037131
-8.21187e-05
0.00243941
0.00381941
0.00417936
0.00379263
0.0029763
0.00199694
0.00103188
0.000176202
-0.000530613
-0.00107908
-0.00147681
-0.0017466
-0.00192076
-0.00203324
-0.00211451
-0.00218867
-0.00227286
-0.00237819
-0.00251054
-0.00267215
-0.00286221
-0.00307822
-0.00331651
-0.00357315
-0.00384404
-0.00412544
-0.00441432
-0.00470852
-0.00500691
-0.00530871
-0.00561387
-0.00592263
-0.00623577
-0.006554
-0.00687782
-0.00720776
-0.00754413
-0.00788738
-0.00823717
-0.00859296
-0.00895375
-0.00931849
-0.00968606
-0.0100546
-0.0104227
-0.0107878
-0.0111482
-0.0115016
-0.0118459
-0.0121789
-0.0124987
-0.0128036
-0.0130917
-0.0133618
-0.013613
-0.013845
-0.014059
-0.0142562
-0.0144395
-0.0146116
-0.0147767
-0.0149391
-0.0151027
-0.015272
-0.0154495
-0.0156377
-0.0158371
-0.016047
-0.0162665
-0.0164929
-0.0167255
-0.0169628
-0.0172049
-0.0174534
-0.0177091
-0.0179744
-0.0182498
-0.0185348
-0.0188277
-0.0191243
-0.0194216
-0.0197163
-0.020008
-0.0202988
-0.0205927
-0.0208948
-0.0212081
-0.0215323
-0.021864
-0.0221966
-0.0225257
-0.0228485
-0.0231678
-0.0234896
-0.0238198
-0.024163
-0.0245172
-0.0248766
-0.0252342
-0.0255839
-0.0259291
-0.0262747
-0.0266284
-0.0269962
-0.0273739
-0.0277548
-0.0281333
-0.0285029
-0.028871
-0.0292449
-0.0296285
-0.0300243
-0.0304239
-0.0308209
-0.0312134
-0.0316028
-0.0320002
-0.0324093
-0.0328222
-0.0332384
-0.0336516
-0.0340596
-0.0344777
-0.0349045
-0.0353306
-0.0357605
-0.0361912
-0.0366217
-0.0370612
-0.0375024
-0.0379405
-0.0383888
-0.0388423
-0.0392916
-0.0397432
-0.0401989
-0.0406583
-0.041129
-0.0415998
-0.0420592
-0.0425255
-0.0430103
-0.0434931
-0.0439667
-0.044448
-0.0449421
-0.045434
-0.0459236
-0.0464201
-0.0469233
-0.0474261
-0.0479315
-0.0484419
-0.0489559
-0.049472
-0.0499926
-0.0505157
-0.0510426
-0.0515728
-0.0521074
-0.0526441
-0.0531849
-0.0537293
-0.0542777
-0.0548289
-0.0553845
-0.0559429
-0.0565054
-0.0570708
-0.057641
-0.0582141
-0.0587913
-0.0593716
-0.0599559
-0.0605431
-0.0611344
-0.0617281
-0.0623261
-0.0629262
-0.06353
-0.0641357
-0.0647442
-0.0653539
-0.0659657
-0.066577
-0.067189
-0.0677986
-0.0684059
-0.0690076
-0.0696028
-0.0701867
-0.0707576
-0.0713074
-0.0718291
-0.0723021
-0.0129158
-0.0122792
-0.00833055
-0.00389169
-0.000225816
0.00233275
0.0037509
0.00414511
0.00378365
0.00298081
0.00200334
0.00103127
0.00016382
-0.000556804
-0.00111943
-0.00152969
-0.00180861
-0.00198747
-0.00210064
-0.00217933
-0.00224879
-0.00232706
-0.00242606
-0.00255223
-0.00270828
-0.00289373
-0.00310617
-0.00334188
-0.00359672
-0.00386651
-0.00414729
-0.00443587
-0.00472979
-0.00502768
-0.00532865
-0.00563243
-0.00593923
-0.00624962
-0.00656438
-0.00688392
-0.00720881
-0.00753927
-0.00787579
-0.00821816
-0.00856583
-0.00891794
-0.00927338
-0.00963131
-0.00999003
-0.0103482
-0.0107039
-0.0110555
-0.011401
-0.0117386
-0.0120666
-0.012383
-0.0126866
-0.0129754
-0.0132483
-0.0135043
-0.0137428
-0.0139648
-0.0141708
-0.0143632
-0.0145447
-0.0147188
-0.0148897
-0.0150611
-0.0152374
-0.0154212
-0.0156149
-0.0158192
-0.0160331
-0.0162556
-0.0164842
-0.0167177
-0.0169551
-0.0171967
-0.0174443
-0.0176996
-0.017965
-0.0182415
-0.0185281
-0.0188228
-0.0191208
-0.0194186
-0.0197128
-0.020003
-0.0202919
-0.0205843
-0.0208859
-0.0211999
-0.0215258
-0.0218593
-0.0221932
-0.0225224
-0.022844
-0.0231615
-0.0234818
-0.0238116
-0.0241558
-0.0245117
-0.0248728
-0.0252312
-0.0255803
-0.0259237
-0.0262679
-0.0266209
-0.0269894
-0.027369
-0.0277514
-0.02813
-0.0284991
-0.0288654
-0.0292382
-0.0296223
-0.0300194
-0.0304202
-0.0308175
-0.0312093
-0.0315976
-0.0319943
-0.0324042
-0.0328181
-0.0332345
-0.0336477
-0.0340554
-0.0344725
-0.0348996
-0.0353266
-0.0357567
-0.0361873
-0.0366174
-0.0370562
-0.0374983
-0.0379374
-0.0383851
-0.0388375
-0.0392872
-0.0397394
-0.0401959
-0.0406552
-0.0411247
-0.041595
-0.0420561
-0.042523
-0.0430068
-0.0434892
-0.0439637
-0.0444454
-0.0449391
-0.0454308
-0.0459208
-0.0464176
-0.0469208
-0.0474235
-0.047929
-0.0484397
-0.0489538
-0.0494699
-0.0499905
-0.0505138
-0.0510408
-0.051571
-0.0521057
-0.0526425
-0.0531834
-0.053728
-0.0542764
-0.0548277
-0.0553833
-0.0559419
-0.0565045
-0.05707
-0.0576402
-0.0582135
-0.0587907
-0.0593711
-0.0599555
-0.0605429
-0.0611342
-0.0617281
-0.0623261
-0.0629265
-0.0635304
-0.0641364
-0.0647452
-0.0653553
-0.0659674
-0.0665794
-0.067192
-0.0678026
-0.0684111
-0.0690145
-0.0696119
-0.070199
-0.0707738
-0.0713289
-0.071857
-0.0723386
-0.0131248
-0.0124893
-0.00852413
-0.00406027
-0.000365661
0.00222376
0.00367396
0.0040976
0.00375899
0.00297019
0.00199777
0.00102326
0.000148108
-0.000582995
-0.00115753
-0.00157941
-0.00186785
-0.00205272
-0.00216798
-0.00224546
-0.00231123
-0.00238428
-0.00247721
-0.00259716
-0.00274725
-0.00292752
-0.00313572
-0.0033682
-0.00362064
-0.00388879
-0.0041685
-0.00445638
-0.00474973
-0.0050469
-0.00534685
-0.00564911
-0.00595382
-0.00626136
-0.00657252
-0.00688767
-0.00720737
-0.00753184
-0.00786149
-0.00819633
-0.00853579
-0.00887921
-0.00922543
-0.00957381
-0.00992287
-0.0102715
-0.010618
-0.010961
-0.011299
-0.0116303
-0.0119534
-0.0122666
-0.0125688
-0.0128583
-0.0131337
-0.0133941
-0.0136386
-0.0138677
-0.0140819
-0.014283
-0.0144733
-0.0146561
-0.0148355
-0.0150149
-0.0151986
-0.0153892
-0.0155889
-0.0157985
-0.0160168
-0.0162426
-0.0164736
-0.0167081
-0.0169457
-0.0171867
-0.0174335
-0.0176885
-0.0179542
-0.018232
-0.0185205
-0.018817
-0.0191166
-0.0194149
-0.0197085
-0.0199972
-0.0202842
-0.0205752
-0.0208765
-0.0211913
-0.021519
-0.0218541
-0.0221893
-0.0225184
-0.022839
-0.0231547
-0.0234737
-0.0238032
-0.0241483
-0.024506
-0.0248687
-0.0252276
-0.0255763
-0.0259179
-0.0262607
-0.0266133
-0.0269825
-0.0273639
-0.0277477
-0.0281264
-0.0284949
-0.0288597
-0.0292314
-0.0296159
-0.0300142
-0.0304161
-0.0308138
-0.0312049
-0.0315924
-0.0319883
-0.0323988
-0.0328138
-0.0332303
-0.0336435
-0.0340511
-0.0344672
-0.0348944
-0.0353224
-0.0357528
-0.0361832
-0.0366129
-0.0370511
-0.037494
-0.037934
-0.0383811
-0.0388328
-0.0392827
-0.0397354
-0.0401926
-0.040652
-0.0411203
-0.0415902
-0.0420528
-0.0425204
-0.0430032
-0.0434852
-0.0439606
-0.0444426
-0.044936
-0.0454275
-0.0459179
-0.046415
-0.0469181
-0.0474209
-0.0479265
-0.0484374
-0.0489516
-0.0494677
-0.0499883
-0.0505119
-0.0510389
-0.0515693
-0.052104
-0.052641
-0.0531819
-0.0537266
-0.054275
-0.0548265
-0.0553821
-0.0559409
-0.0565035
-0.0570692
-0.0576394
-0.0582129
-0.0587901
-0.0593707
-0.0599551
-0.0605427
-0.0611341
-0.0617282
-0.0623263
-0.062927
-0.063531
-0.0641373
-0.0647463
-0.0653569
-0.0659694
-0.0665821
-0.0671954
-0.0678071
-0.0684169
-0.0690222
-0.069622
-0.0702123
-0.070791
-0.0713513
-0.0718855
-0.0723751
-0.0133212
-0.012684
-0.00870342
-0.00421832
-0.000499875
0.00211502
0.00359175
0.00404015
0.00372152
0.00294619
0.00198041
0.00100651
0.000127227
-0.000611245
-0.00119512
-0.00162696
-0.00192431
-0.00211563
-0.00223409
-0.00231154
-0.00237471
-0.00244339
-0.00253084
-0.00264481
-0.00278888
-0.00296356
-0.00316696
-0.00339556
-0.00364503
-0.00391093
-0.00418905
-0.00447572
-0.00476814
-0.00506429
-0.00536301
-0.0056636
-0.00596608
-0.00627071
-0.00657817
-0.00688889
-0.00720333
-0.00752178
-0.00784455
-0.0081718
-0.00850306
-0.00883777
-0.00917491
-0.00951386
-0.00985348
-0.0101928
-0.0105304
-0.0108652
-0.011196
-0.0115213
-0.0118397
-0.0121499
-0.0124507
-0.0127408
-0.0130185
-0.0132828
-0.0135327
-0.0137682
-0.0139898
-0.0141988
-0.0143976
-0.0145889
-0.0147766
-0.0149641
-0.0151554
-0.0153533
-0.0155595
-0.0157749
-0.0159981
-0.0162274
-0.0164609
-0.0166966
-0.0169344
-0.0171749
-0.017421
-0.0176758
-0.0179421
-0.0182212
-0.0185118
-0.0188103
-0.0191114
-0.0194102
-0.0197031
-0.0199904
-0.0202757
-0.0205654
-0.0208667
-0.0211824
-0.0215117
-0.0218486
-0.0221846
-0.0225136
-0.0228331
-0.0231473
-0.0234653
-0.0237947
-0.0241408
-0.0245
-0.024864
-0.0252233
-0.0255715
-0.0259117
-0.0262534
-0.0266058
-0.0269756
-0.0273583
-0.0277434
-0.0281221
-0.0284901
-0.0288539
-0.0292247
-0.0296093
-0.0300086
-0.0304116
-0.0308095
-0.0312004
-0.0315873
-0.0319822
-0.032393
-0.0328091
-0.0332259
-0.0336391
-0.0340467
-0.0344617
-0.0348889
-0.035318
-0.0357486
-0.0361788
-0.0366084
-0.037046
-0.0374893
-0.0379302
-0.0383771
-0.0388281
-0.039278
-0.0397311
-0.0401891
-0.0406487
-0.0411159
-0.0415854
-0.0420493
-0.0425177
-0.0429995
-0.0434811
-0.0439574
-0.0444399
-0.0449327
-0.0454242
-0.0459149
-0.0464123
-0.0469154
-0.0474182
-0.0479238
-0.0484351
-0.0489493
-0.0494655
-0.0499861
-0.05051
-0.051037
-0.0515675
-0.0521022
-0.0526395
-0.0531803
-0.0537253
-0.0542736
-0.0548254
-0.055381
-0.0559399
-0.0565026
-0.0570685
-0.0576387
-0.0582123
-0.0587896
-0.0593703
-0.0599548
-0.0605426
-0.0611341
-0.0617285
-0.0623267
-0.0629276
-0.0635318
-0.0641385
-0.0647478
-0.0653588
-0.0659718
-0.0665853
-0.0671994
-0.0678122
-0.0684235
-0.0690308
-0.069633
-0.0702266
-0.0708093
-0.0713744
-0.0719146
-0.0724115
-0.0135002
-0.0128626
-0.00886885
-0.00436569
-0.000627445
0.00200842
0.00350703
0.00397606
0.00367453
0.00291145
0.00195275
0.000981188
0.000100303
-0.000642834
-0.00123352
-0.00167331
-0.00197834
-0.00217583
-0.002298
-0.00237643
-0.00243801
-0.00250321
-0.00258589
-0.00269434
-0.0028326
-0.00300155
-0.00319976
-0.00342392
-0.00366984
-0.0039329
-0.00420885
-0.00449382
-0.00478484
-0.00507965
-0.00537687
-0.00567561
-0.00597572
-0.00627735
-0.00658107
-0.00688731
-0.00719648
-0.00750888
-0.00782483
-0.0081445
-0.00846762
-0.00879369
-0.00912189
-0.00945161
-0.00978203
-0.0101123
-0.0104414
-0.0107684
-0.0110923
-0.0114119
-0.0117259
-0.0120332
-0.0123327
-0.0126232
-0.012903
-0.0131707
-0.0134253
-0.0136666
-0.0138949
-0.0141113
-0.0143178
-0.0145171
-0.0147129
-0.0149085
-0.0151076
-0.0153131
-0.0155264
-0.0157479
-0.0159763
-0.0162096
-0.0164457
-0.0166828
-0.0169207
-0.0171609
-0.0174064
-0.0176613
-0.0179285
-0.0182093
-0.0185021
-0.0188026
-0.0191051
-0.0194042
-0.0196964
-0.0199823
-0.0202662
-0.0205552
-0.0208566
-0.0211734
-0.0215042
-0.0218424
-0.022179
-0.0225076
-0.0228262
-0.0231392
-0.0234567
-0.0237863
-0.0241334
-0.0244938
-0.0248585
-0.025218
-0.0255658
-0.0259052
-0.0262462
-0.0265985
-0.0269688
-0.0273522
-0.0277382
-0.0281172
-0.0284849
-0.0288481
-0.0292184
-0.0296026
-0.0300025
-0.0304064
-0.0308047
-0.0311957
-0.0315824
-0.0319762
-0.0323868
-0.0328039
-0.033221
-0.0336346
-0.0340423
-0.0344562
-0.0348832
-0.0353133
-0.0357443
-0.0361743
-0.0366036
-0.0370408
-0.0374845
-0.0379264
-0.0383729
-0.0388232
-0.0392732
-0.0397268
-0.0401854
-0.0406453
-0.0411114
-0.0415805
-0.0420456
-0.0425148
-0.0429956
-0.043477
-0.043954
-0.044437
-0.0449293
-0.0454208
-0.0459118
-0.0464096
-0.0469126
-0.0474155
-0.0479211
-0.0484327
-0.048947
-0.0494632
-0.0499839
-0.0505081
-0.0510351
-0.0515657
-0.0521004
-0.052638
-0.0531789
-0.0537239
-0.0542724
-0.0548242
-0.0553799
-0.0559389
-0.0565017
-0.0570678
-0.0576381
-0.0582119
-0.0587892
-0.0593701
-0.0599547
-0.0605426
-0.0611343
-0.0617289
-0.0623273
-0.0629284
-0.0635329
-0.0641399
-0.0647496
-0.0653612
-0.0659747
-0.0665889
-0.067204
-0.0678181
-0.0684309
-0.0690404
-0.0696451
-0.070242
-0.0708285
-0.0713984
-0.0719441
-0.0724477
-0.0136657
-0.0130263
-0.00902079
-0.00450225
-0.000747471
0.00190572
0.00342227
0.00390824
0.00362103
0.00286864
0.00191676
0.000948353
6.74812e-05
-0.000678262
-0.00127363
-0.00171941
-0.00203065
-0.00223351
-0.00235935
-0.00243926
-0.00250013
-0.00256267
-0.00264132
-0.0027448
-0.00287761
-0.00304095
-0.0032338
-0.00345315
-0.00369498
-0.00395469
-0.00422788
-0.00451062
-0.00479974
-0.00509281
-0.00538819
-0.00568485
-0.00598241
-0.00628093
-0.00658088
-0.00688262
-0.00718656
-0.00749297
-0.0078022
-0.00811441
-0.00842951
-0.00874708
-0.00906651
-0.00938727
-0.00970874
-0.0100303
-0.0103512
-0.0106708
-0.010988
-0.0113022
-0.0116121
-0.0119168
-0.0122151
-0.0125058
-0.0127873
-0.0130581
-0.0133169
-0.0135633
-0.0137975
-0.0140205
-0.0142341
-0.0144409
-0.0146443
-0.0148479
-0.0150551
-0.0152684
-0.0154893
-0.0157174
-0.0159514
-0.016189
-0.0164278
-0.0166663
-0.0169044
-0.0171443
-0.0173898
-0.017645
-0.0179136
-0.0181962
-0.0184912
-0.0187937
-0.0190972
-0.0193965
-0.0196879
-0.0199726
-0.0202557
-0.0205444
-0.0208464
-0.0211645
-0.0214965
-0.0218356
-0.0221723
-0.0225002
-0.0228181
-0.0231305
-0.023448
-0.0237782
-0.0241261
-0.0244873
-0.0248523
-0.0252115
-0.0255592
-0.0258981
-0.0262391
-0.0265915
-0.0269619
-0.0273457
-0.027732
-0.0281114
-0.0284793
-0.0288425
-0.0292125
-0.0295962
-0.0299959
-0.0304004
-0.0307993
-0.0311907
-0.0315777
-0.0319706
-0.0323805
-0.0327981
-0.0332157
-0.0336297
-0.0340379
-0.034451
-0.0348772
-0.0353082
-0.0357397
-0.0361697
-0.0365988
-0.0370355
-0.0374795
-0.0379223
-0.0383685
-0.0388183
-0.0392684
-0.0397225
-0.0401815
-0.0406417
-0.0411068
-0.0415755
-0.0420418
-0.0425119
-0.0429917
-0.0434728
-0.0439505
-0.0444341
-0.0449259
-0.0454173
-0.0459087
-0.046407
-0.0469099
-0.0474126
-0.0479185
-0.0484304
-0.0489448
-0.0494609
-0.0499818
-0.0505062
-0.0510333
-0.0515639
-0.0520988
-0.0526365
-0.0531775
-0.0537226
-0.0542712
-0.0548231
-0.055379
-0.0559381
-0.056501
-0.0570672
-0.0576377
-0.0582115
-0.0587889
-0.05937
-0.0599548
-0.0605428
-0.0611346
-0.0617294
-0.062328
-0.0629295
-0.0635342
-0.0641416
-0.0647517
-0.0653638
-0.065978
-0.0665932
-0.0672092
-0.0678248
-0.0684393
-0.0690509
-0.0696583
-0.0702585
-0.0708488
-0.0714233
-0.0719741
-0.0724838
-0.0138139
-0.0131743
-0.00915915
-0.0046276
-0.000858923
0.00180858
0.00333972
0.00383935
0.00356378
0.00282033
0.00187454
0.000909489
2.95227e-05
-0.000717423
-0.0013158
-0.00176591
-0.00208193
-0.00228911
-0.00241813
-0.00249959
-0.00256022
-0.0026208
-0.0026961
-0.00279523
-0.00292303
-0.00308105
-0.00326857
-0.00348293
-0.00372027
-0.00397614
-0.00424609
-0.00452608
-0.00481279
-0.00510364
-0.00539682
-0.00569109
-0.00598594
-0.00628124
-0.00657739
-0.00687465
-0.00717345
-0.007474
-0.00777664
-0.00808159
-0.00838883
-0.00869812
-0.00900896
-0.00932102
-0.00963382
-0.00994701
-0.01026
-0.0105724
-0.0108834
-0.0111925
-0.0114986
-0.0118008
-0.0120979
-0.0123888
-0.0126719
-0.0129454
-0.0132079
-0.0134588
-0.0136982
-0.0139271
-0.014147
-0.0143605
-0.0145713
-0.0147826
-0.0149979
-0.0152193
-0.015448
-0.0156832
-0.0159231
-0.0161651
-0.0164067
-0.0166465
-0.0168851
-0.0171249
-0.0173708
-0.0176269
-0.0178973
-0.0181822
-0.0184792
-0.0187834
-0.0190876
-0.0193867
-0.0196773
-0.0199611
-0.020244
-0.0205332
-0.0208362
-0.0211557
-0.0214886
-0.021828
-0.0221643
-0.0224913
-0.0228086
-0.023121
-0.0234392
-0.0237705
-0.0241191
-0.0244807
-0.0248453
-0.0252039
-0.0255514
-0.0258906
-0.0262321
-0.0265851
-0.0269554
-0.027339
-0.027725
-0.0281045
-0.0284731
-0.0288368
-0.029207
-0.0295901
-0.0299889
-0.0303937
-0.0307931
-0.0311852
-0.0315731
-0.0319656
-0.0323741
-0.0327919
-0.0332096
-0.0336243
-0.0340336
-0.0344464
-0.0348712
-0.0353025
-0.0357346
-0.0361651
-0.036594
-0.0370304
-0.0374744
-0.0379179
-0.0383639
-0.0388135
-0.0392636
-0.0397179
-0.0401773
-0.0406379
-0.0411022
-0.0415706
-0.0420379
-0.0425088
-0.0429879
-0.0434685
-0.043947
-0.0444311
-0.0449225
-0.0454138
-0.0459057
-0.0464043
-0.0469071
-0.0474098
-0.0479159
-0.0484281
-0.0489426
-0.0494587
-0.0499797
-0.0505043
-0.0510315
-0.0515621
-0.0520972
-0.0526351
-0.0531762
-0.0537213
-0.0542701
-0.0548222
-0.0553781
-0.0559373
-0.0565004
-0.0570668
-0.0576374
-0.0582113
-0.0587889
-0.0593701
-0.059955
-0.0605432
-0.0611352
-0.0617303
-0.0623291
-0.0629309
-0.0635359
-0.0641438
-0.0647543
-0.0653671
-0.0659819
-0.066598
-0.0672152
-0.0678323
-0.0684485
-0.0690625
-0.0696725
-0.070276
-0.0708701
-0.0714489
-0.0720043
-0.0725191
-0.0139464
-0.0133061
-0.0092825
-0.00473999
-0.000959913
0.00171915
0.00326192
0.00377232
0.00350591
0.00276962
0.00182888
0.000866872
-1.19148e-05
-0.000759321
-0.00135961
-0.0018127
-0.00213224
-0.00234272
-0.00247426
-0.00255703
-0.00261759
-0.0026767
-0.00274924
-0.00284459
-0.00296787
-0.00312093
-0.00330331
-0.00351264
-0.0037453
-0.00399696
-0.00426321
-0.00453995
-0.00482378
-0.00511194
-0.00540253
-0.0056941
-0.00598604
-0.00627801
-0.00657031
-0.00686315
-0.0071569
-0.00745177
-0.00774803
-0.00804596
-0.00834561
-0.00864689
-0.00894945
-0.00925307
-0.0095575
-0.00986254
-0.010168
-0.0104734
-0.0107786
-0.0110828
-0.0113854
-0.0116852
-0.0119814
-0.0122726
-0.012557
-0.012833
-0.0130988
-0.0133536
-0.0135974
-0.0138312
-0.0140567
-0.0142764
-0.0144941
-0.0147129
-0.0149363
-0.0151659
-0.0154026
-0.0156451
-0.015891
-0.0161374
-0.0163819
-0.0166231
-0.0168624
-0.0171026
-0.0173494
-0.0176072
-0.0178797
-0.0181672
-0.0184663
-0.0187717
-0.0190762
-0.0193744
-0.0196644
-0.0199476
-0.0202309
-0.0205214
-0.020826
-0.0211469
-0.0214806
-0.0218196
-0.0221551
-0.0224808
-0.0227976
-0.0231107
-0.0234301
-0.0237631
-0.0241124
-0.0244738
-0.0248376
-0.0251952
-0.0255424
-0.0258824
-0.026225
-0.0265791
-0.0269493
-0.0273321
-0.0277171
-0.0280965
-0.0284661
-0.0288309
-0.0292018
-0.0295848
-0.0299821
-0.0303863
-0.030786
-0.031179
-0.0315685
-0.0319613
-0.0323682
-0.0327853
-0.0332029
-0.0336183
-0.0340293
-0.0344423
-0.0348654
-0.0352963
-0.0357289
-0.0361603
-0.0365896
-0.0370255
-0.0374689
-0.0379131
-0.0383592
-0.0388087
-0.0392589
-0.0397133
-0.0401731
-0.0406342
-0.0410978
-0.0415657
-0.042034
-0.0425056
-0.042984
-0.0434642
-0.0439436
-0.0444282
-0.0449192
-0.0454102
-0.0459027
-0.0464016
-0.0469044
-0.0474069
-0.0479133
-0.0484258
-0.0489404
-0.0494565
-0.0499776
-0.0505025
-0.0510298
-0.0515605
-0.0520957
-0.0526338
-0.0531751
-0.0537202
-0.0542691
-0.0548213
-0.0553774
-0.0559367
-0.0564999
-0.0570665
-0.0576372
-0.0582113
-0.058789
-0.0593703
-0.0599554
-0.0605439
-0.0611361
-0.0617314
-0.0623305
-0.0629326
-0.063538
-0.0641463
-0.0647573
-0.0653708
-0.0659865
-0.0666037
-0.0672221
-0.0678408
-0.0684589
-0.0690752
-0.069688
-0.0702948
-0.0708925
-0.0714754
-0.0720352
-0.0725553
-0.0140625
-0.0134203
-0.00938869
-0.00483713
-0.00104811
0.00163986
0.00319144
0.00371004
0.00345056
0.00271967
0.00178276
0.000823113
-5.46793e-05
-0.000802312
-0.00140391
-0.00185913
-0.0021812
-0.00239409
-0.00252747
-0.00261122
-0.00267166
-0.00272955
-0.00279977
-0.00289185
-0.0030111
-0.00315959
-0.00333711
-0.00354154
-0.00376947
-0.0040167
-0.00427893
-0.00455202
-0.00483252
-0.00511756
-0.00540514
-0.00569371
-0.00598249
-0.00627103
-0.00655945
-0.00684793
-0.00713677
-0.00742616
-0.00771633
-0.00800756
-0.00829997
-0.00859358
-0.0088882
-0.0091837
-0.00948004
-0.00977723
-0.0100753
-0.0103741
-0.0106735
-0.0109731
-0.0112722
-0.01157
-0.0118652
-0.0121567
-0.0124425
-0.0127207
-0.0129894
-0.0132476
-0.0134951
-0.0137331
-0.0139634
-0.0141889
-0.0144131
-0.0146394
-0.0148709
-0.015109
-0.0153538
-0.0156036
-0.0158555
-0.0161061
-0.0163532
-0.0165957
-0.0168359
-0.0170771
-0.0173254
-0.0175856
-0.0178609
-0.0181511
-0.0184522
-0.0187583
-0.0190625
-0.0193598
-0.0196489
-0.0199321
-0.0202164
-0.020509
-0.0208157
-0.0211382
-0.0214724
-0.0218105
-0.0221445
-0.0224689
-0.0227852
-0.0230994
-0.0234208
-0.0237558
-0.024106
-0.0244668
-0.0248292
-0.0251854
-0.0255323
-0.0258735
-0.026218
-0.0265735
-0.0269435
-0.0273251
-0.0277087
-0.0280875
-0.0284582
-0.0288249
-0.029197
-0.0295801
-0.0299756
-0.0303783
-0.030778
-0.0311721
-0.0315637
-0.0319577
-0.0323629
-0.0327784
-0.0331957
-0.0336117
-0.0340246
-0.0344387
-0.0348605
-0.0352899
-0.0357226
-0.0361552
-0.0365855
-0.0370208
-0.0374637
-0.0379082
-0.0383545
-0.038804
-0.0392544
-0.0397087
-0.0401688
-0.0406303
-0.0410935
-0.0415609
-0.0420302
-0.0425025
-0.0429803
-0.04346
-0.0439402
-0.0444254
-0.044916
-0.0454067
-0.0458997
-0.0463991
-0.0469018
-0.0474042
-0.0479109
-0.0484237
-0.0489383
-0.0494544
-0.0499758
-0.0505009
-0.0510283
-0.0515589
-0.0520943
-0.0526327
-0.053174
-0.0537193
-0.0542683
-0.0548207
-0.0553769
-0.0559364
-0.0564997
-0.0570665
-0.0576373
-0.0582115
-0.0587894
-0.0593709
-0.0599562
-0.0605449
-0.0611372
-0.0617329
-0.0623322
-0.0629347
-0.0635405
-0.0641493
-0.064761
-0.0653752
-0.0659917
-0.06661
-0.0672298
-0.06785
-0.0684702
-0.0690888
-0.0697044
-0.0703144
-0.0709156
-0.0715023
-0.072066
-0.0725898
-0.014158
-0.0135142
-0.0094762
-0.00491753
-0.00112177
0.00157276
0.00313072
0.00365507
0.00340031
0.00267297
0.00173849
0.000780284
-9.69797e-05
-0.000844907
-0.00144752
-0.00190432
-0.00222822
-0.00244287
-0.00257757
-0.00266194
-0.00272214
-0.00277887
-0.00284703
-0.00293623
-0.00305191
-0.00319625
-0.00336928
-0.00356904
-0.00379235
-0.00403511
-0.00429315
-0.0045623
-0.00483913
-0.00512069
-0.00540492
-0.00569018
-0.00597558
-0.00626055
-0.00654507
-0.00682925
-0.00711334
-0.00739749
-0.00768189
-0.00796677
-0.00825234
-0.00853867
-0.00882576
-0.00911356
-0.00940223
-0.00969194
-0.00998293
-0.0102753
-0.0105692
-0.0108642
-0.01116
-0.0114555
-0.0117498
-0.0120412
-0.0123279
-0.0126078
-0.0128787
-0.0131395
-0.0133901
-0.0136316
-0.0138664
-0.0140972
-0.0143278
-0.0145616
-0.0148013
-0.015048
-0.0153011
-0.0155582
-0.0158157
-0.0160702
-0.0163196
-0.0165636
-0.016805
-0.0170481
-0.0172988
-0.0175622
-0.0178407
-0.0181336
-0.0184365
-0.0187428
-0.0190462
-0.0193422
-0.0196305
-0.0199144
-0.0202005
-0.0204958
-0.0208051
-0.0211292
-0.0214635
-0.0218003
-0.0221322
-0.0224552
-0.0227715
-0.0230873
-0.0234112
-0.0237484
-0.0240995
-0.0244594
-0.0248199
-0.0251745
-0.0255213
-0.025864
-0.0262107
-0.026568
-0.026938
-0.027318
-0.0276997
-0.0280775
-0.0284494
-0.0288185
-0.0291925
-0.0295759
-0.0299694
-0.0303698
-0.0307691
-0.0311645
-0.0315587
-0.0319546
-0.0323584
-0.0327715
-0.033188
-0.0336045
-0.0340194
-0.0344352
-0.0348563
-0.0352837
-0.0357159
-0.0361496
-0.0365814
-0.0370165
-0.0374587
-0.0379031
-0.0383495
-0.0387992
-0.0392502
-0.0397044
-0.0401644
-0.0406263
-0.0410895
-0.0415564
-0.0420264
-0.0424993
-0.0429766
-0.0434559
-0.043937
-0.0444227
-0.044913
-0.0454033
-0.0458969
-0.0463969
-0.0468994
-0.0474017
-0.0479086
-0.0484218
-0.0489365
-0.0494526
-0.0499741
-0.0504995
-0.0510271
-0.0515578
-0.0520933
-0.052632
-0.0531734
-0.0537187
-0.0542678
-0.0548205
-0.0553768
-0.0559364
-0.0564999
-0.0570669
-0.0576378
-0.0582122
-0.0587902
-0.059372
-0.0599574
-0.0605465
-0.061139
-0.061735
-0.0623347
-0.0629376
-0.0635438
-0.0641532
-0.0647655
-0.0653805
-0.0659981
-0.0666176
-0.0672388
-0.0678609
-0.0684831
-0.0691042
-0.0697225
-0.0703356
-0.0709402
-0.0715306
-0.072098
-0.0726264
-0.0142299
-0.0135854
-0.0095427
-0.00497891
-0.00117848
0.00152049
0.0030826
0.00361044
0.00335827
0.00263264
0.00169912
0.000741257
-0.000136191
-0.000884781
-0.00148847
-0.00194663
-0.00227193
-0.0024878
-0.00262334
-0.00270799
-0.00276783
-0.00282348
-0.00288985
-0.00297658
-0.00308917
-0.00322991
-0.00339893
-0.00359442
-0.00381335
-0.00405176
-0.00430556
-0.00457066
-0.00484364
-0.00512152
-0.00540219
-0.00568396
-0.00596584
-0.00624716
-0.00652781
-0.00680783
-0.00708741
-0.00736666
-0.00764572
-0.00792478
-0.00820405
-0.0084837
-0.00876384
-0.00904457
-0.00932616
-0.00960897
-0.00989345
-0.0101799
-0.0104687
-0.0107596
-0.0110521
-0.0113455
-0.0116383
-0.011929
-0.0122156
-0.012496
-0.0127681
-0.0130305
-0.0132833
-0.0135278
-0.0137665
-0.0140025
-0.0142395
-0.0144808
-0.0147288
-0.014984
-0.0152451
-0.0155088
-0.0157715
-0.0160293
-0.0162808
-0.0165265
-0.0167697
-0.0170155
-0.0172697
-0.017537
-0.0178193
-0.0181149
-0.018419
-0.018725
-0.019027
-0.0193216
-0.0196094
-0.0198946
-0.0201834
-0.0204821
-0.0207943
-0.0211198
-0.0214537
-0.0217887
-0.0221184
-0.0224401
-0.0227568
-0.0230748
-0.0234016
-0.0237411
-0.0240928
-0.0244515
-0.0248097
-0.0251626
-0.0255094
-0.025854
-0.0262033
-0.0265626
-0.0269326
-0.0273107
-0.0276901
-0.0280669
-0.0284399
-0.0288117
-0.029188
-0.0295719
-0.0299635
-0.0303611
-0.0307595
-0.0311562
-0.0315532
-0.0319513
-0.0323544
-0.0327648
-0.0331797
-0.0335967
-0.0340138
-0.0344317
-0.0348526
-0.0352779
-0.0357086
-0.0361431
-0.0365769
-0.0370126
-0.037454
-0.0378976
-0.0383439
-0.0387941
-0.0392461
-0.0397002
-0.0401597
-0.0406219
-0.0410852
-0.0415519
-0.0420224
-0.042496
-0.0429729
-0.0434517
-0.0439335
-0.04442
-0.0449098
-0.0453998
-0.0458939
-0.0463945
-0.0468968
-0.047399
-0.0479063
-0.0484198
-0.0489346
-0.0494507
-0.0499724
-0.0504981
-0.0510257
-0.0515565
-0.0520921
-0.052631
-0.0531726
-0.053718
-0.0542672
-0.0548202
-0.0553766
-0.0559363
-0.0564999
-0.0570671
-0.0576382
-0.0582128
-0.058791
-0.059373
-0.0599587
-0.0605479
-0.0611407
-0.061737
-0.0623371
-0.0629404
-0.0635471
-0.0641571
-0.0647701
-0.0653861
-0.0660047
-0.0666254
-0.0672482
-0.067872
-0.0684963
-0.0691198
-0.0697408
-0.070357
-0.0709648
-0.0715585
-0.0721291
-0.0726599
-0.0142768
-0.0136315
-0.00958516
-0.00501782
-0.00121449
0.00148696
0.00305115
0.00358044
0.0033291
0.00260375
0.0016701
0.000711767
-0.000166428
-0.000916029
-0.00152096
-0.00198047
-0.00230705
-0.00252391
-0.00266
-0.00274464
-0.00280385
-0.00285824
-0.00292274
-0.00300699
-0.00311656
-0.00325386
-0.00341913
-0.00361069
-0.00382559
-0.00405995
-0.00430976
-0.00457098
-0.00484019
-0.00511441
-0.00539151
-0.00566973
-0.00594804
-0.00622568
-0.00650244
-0.00677825
-0.0070533
-0.00732773
-0.00760176
-0.00787554
-0.00814933
-0.00842331
-0.00869771
-0.00897273
-0.00924877
-0.00952628
-0.00980588
-0.0100881
-0.0103731
-0.0106611
-0.0109514
-0.0112432
-0.011535
-0.0118251
-0.0121113
-0.0123913
-0.0126631
-0.0129255
-0.0131789
-0.0134249
-0.0136665
-0.013907
-0.0141501
-0.0143988
-0.0146549
-0.0149181
-0.0151864
-0.0154559
-0.0157228
-0.0159835
-0.0162371
-0.0164848
-0.0167308
-0.0169804
-0.0172391
-0.017511
-0.0177972
-0.0180953
-0.0183999
-0.018705
-0.0190053
-0.0192986
-0.0195866
-0.0198738
-0.020166
-0.0204685
-0.0207836
-0.0211103
-0.0214433
-0.0217763
-0.0221038
-0.0224246
-0.0227423
-0.0230628
-0.0233925
-0.0237344
-0.0240864
-0.0244436
-0.0247996
-0.0251508
-0.0254979
-0.0258447
-0.0261968
-0.0265582
-0.0269282
-0.0273043
-0.0276813
-0.0280567
-0.0284307
-0.0288055
-0.0291845
-0.0295691
-0.0299591
-0.0303537
-0.0307506
-0.0311485
-0.0315482
-0.0319489
-0.0323521
-0.0327598
-0.0331725
-0.0335896
-0.0340089
-0.0344289
-0.0348503
-0.0352739
-0.0357025
-0.0361372
-0.0365734
-0.0370101
-0.0374507
-0.0378936
-0.0383395
-0.03879
-0.0392433
-0.0396976
-0.0401564
-0.0406185
-0.0410822
-0.0415491
-0.0420198
-0.0424938
-0.0429704
-0.0434491
-0.0439313
-0.0444185
-0.044908
-0.0453977
-0.0458923
-0.0463935
-0.0468957
-0.0473977
-0.0479053
-0.0484192
-0.048934
-0.0494502
-0.0499721
-0.050498
-0.0510257
-0.0515566
-0.0520923
-0.0526316
-0.0531733
-0.0537187
-0.0542681
-0.0548213
-0.0553779
-0.0559377
-0.0565015
-0.0570689
-0.0576402
-0.058215
-0.0587933
-0.0593756
-0.0599615
-0.060551
-0.0611442
-0.0617409
-0.0623413
-0.0629451
-0.0635524
-0.0641631
-0.0647769
-0.0653938
-0.0660135
-0.0666356
-0.06726
-0.0678858
-0.0685123
-0.0691382
-0.0697619
-0.070381
-0.0709918
-0.0715887
-0.0721625
-0.0726976
-0.0143106
-0.013669
-0.00962321
-0.00505541
-0.00125148
0.00145059
0.00301538
0.00354491
0.00329321
0.002567
0.0016321
0.000672347
-0.000207375
-0.000958535
-0.00156501
-0.00202595
-0.00235361
-0.00257091
-0.00270665
-0.00279018
-0.00284759
-0.00289965
-0.00296137
-0.00304248
-0.00314855
-0.00328193
-0.00344284
-0.00362966
-0.00383956
-0.00406878
-0.00431341
-0.00456951
-0.00483372
-0.00510309
-0.00537545
-0.00564907
-0.00592286
-0.00619601
-0.00646819
-0.00673925
-0.00700927
-0.00727833
-0.00754659
-0.00781421
-0.00808146
-0.00834868
-0.00861627
-0.00888472
-0.00915448
-0.00942619
-0.0097006
-0.00997843
-0.0102602
-0.010546
-0.0108354
-0.0111274
-0.0114202
-0.0117115
-0.0119988
-0.0122797
-0.0125521
-0.0128152
-0.0130697
-0.0133176
-0.0135624
-0.0138078
-0.0140574
-0.0143136
-0.0145774
-0.0148479
-0.0151222
-0.0153963
-0.0156664
-0.0159295
-0.0161853
-0.0164359
-0.0166857
-0.0169402
-0.0172044
-0.0174813
-0.0177711
-0.0180711
-0.0183756
-0.0186794
-0.0189781
-0.0192708
-0.0195596
-0.0198494
-0.0201455
-0.0204518
-0.0207695
-0.0210968
-0.0214288
-0.0217598
-0.0220857
-0.022406
-0.022725
-0.0230482
-0.0233807
-0.0237245
-0.0240767
-0.0244324
-0.0247864
-0.0251363
-0.0254838
-0.0258328
-0.0261876
-0.0265509
-0.026921
-0.0272952
-0.02767
-0.028044
-0.0284189
-0.0287965
-0.0291783
-0.0295639
-0.0299526
-0.0303442
-0.0307395
-0.0311381
-0.0315404
-0.0319438
-0.0323476
-0.0327533
-0.0331635
-0.03358
-0.0340011
-0.0344234
-0.0348458
-0.0352685
-0.0356949
-0.0361289
-0.036567
-0.0370053
-0.0374458
-0.037888
-0.038333
-0.0387835
-0.039238
-0.0396933
-0.0401514
-0.0406129
-0.0410769
-0.0415444
-0.0420155
-0.0424896
-0.0429659
-0.0434446
-0.0439274
-0.0444151
-0.0449045
-0.0453938
-0.0458888
-0.0463906
-0.0468929
-0.0473947
-0.0479026
-0.0484168
-0.0489317
-0.049448
-0.0499701
-0.0504963
-0.0510241
-0.0515551
-0.0520911
-0.0526305
-0.0531724
-0.0537179
-0.0542675
-0.0548209
-0.0553777
-0.0559377
-0.0565016
-0.0570692
-0.0576408
-0.0582158
-0.0587943
-0.0593768
-0.059963
-0.0605528
-0.0611463
-0.0617434
-0.0623443
-0.0629486
-0.0635565
-0.0641679
-0.0647826
-0.0654005
-0.0660215
-0.066645
-0.067271
-0.0678987
-0.0685273
-0.0691557
-0.069782
-0.0704039
-0.0710176
-0.0716174
-0.0721938
-0.0727298
-0.0142437
-0.0136087
-0.00956868
-0.00500644
-0.00120804
0.00148866
0.00304822
0.00357241
0.00331508
0.00258292
0.00164186
0.000675724
-0.000210595
-0.00096836
-0.00158121
-0.00204808
-0.00238095
-0.00260272
-0.00274209
-0.00282832
-0.00288749
-0.00294034
-0.00300195
-0.00308213
-0.0031866
-0.00331783
-0.00347622
-0.00366026
-0.00386724
-0.00409346
-0.00433505
-0.00458807
-0.00484916
-0.00511535
-0.00538447
-0.00565477
-0.00592515
-0.00619479
-0.0064633
-0.00673045
-0.00699626
-0.00726073
-0.00752394
-0.00778595
-0.00804696
-0.00830725
-0.00856734
-0.00882777
-0.00908951
-0.00935366
-0.00962136
-0.0098937
-0.0101713
-0.0104542
-0.0107416
-0.0110323
-0.011324
-0.0116142
-0.0119002
-0.0121796
-0.0124508
-0.0127132
-0.0129679
-0.0132176
-0.0134659
-0.0137164
-0.0139724
-0.0142356
-0.0145062
-0.0147825
-0.0150612
-0.0153385
-0.0156108
-0.015876
-0.0161344
-0.0163887
-0.0166435
-0.0169037
-0.0171737
-0.0174555
-0.0177485
-0.0180495
-0.0183537
-0.0186561
-0.0189539
-0.0192466
-0.0195371
-0.0198299
-0.0201296
-0.0204393
-0.0207593
-0.021087
-0.021418
-0.0217473
-0.0220721
-0.0223927
-0.0227131
-0.0230388
-0.0233739
-0.0237192
-0.0240715
-0.0244258
-0.0247781
-0.025127
-0.025475
-0.0258261
-0.0261836
-0.0265486
-0.0269188
-0.0272915
-0.0276641
-0.028037
-0.0284124
-0.0287923
-0.0291767
-0.0295636
-0.0299514
-0.0303407
-0.0307341
-0.0311328
-0.031537
-0.031943
-0.032348
-0.0327526
-0.0331605
-0.0335757
-0.0339977
-0.0344222
-0.034846
-0.0352686
-0.0356932
-0.0361256
-0.0365645
-0.0370049
-0.0374459
-0.0378877
-0.0383316
-0.0387814
-0.039237
-0.0396938
-0.0401515
-0.0406122
-0.0410761
-0.0415441
-0.0420158
-0.04249
-0.0429659
-0.0434445
-0.0439279
-0.0444161
-0.0449053
-0.0453943
-0.0458896
-0.046392
-0.0468943
-0.047396
-0.047904
-0.0484186
-0.0489336
-0.0494499
-0.0499721
-0.0504987
-0.0510266
-0.0515575
-0.0520937
-0.0526334
-0.0531755
-0.053721
-0.0542707
-0.0548244
-0.0553813
-0.0559415
-0.0565055
-0.0570734
-0.0576451
-0.0582203
-0.0587991
-0.0593818
-0.0599683
-0.0605585
-0.0611523
-0.0617498
-0.0623512
-0.0629561
-0.0635647
-0.0641768
-0.0647924
-0.0654114
-0.0660336
-0.0666585
-0.0672863
-0.0679159
-0.0685467
-0.0691775
-0.0698063
-0.0704309
-0.0710473
-0.0716496
-0.0722286
-0.0727689
-0.0142095
-0.0135767
-0.00954158
-0.00498709
-0.00119776
0.00149001
0.00304116
0.00355834
0.00329596
0.00256078
0.00161866
0.00065352
-0.00022961
-0.000982372
-0.00158885
-0.00204836
-0.00237344
-0.00258744
-0.0027195
-0.00279919
-0.00285273
-0.00290092
-0.00295881
-0.0030361
-0.00313839
-0.003268
-0.0034252
-0.00360834
-0.00381455
-0.00404001
-0.00428072
-0.00453266
-0.00479238
-0.0050569
-0.005324
-0.00559195
-0.00585967
-0.00612637
-0.00639164
-0.00665525
-0.00691724
-0.00717762
-0.00743657
-0.00769422
-0.00795089
-0.00820699
-0.00846317
-0.00872025
-0.00897924
-0.00924129
-0.00950752
-0.00977893
-0.010056
-0.0103387
-0.010626
-0.0109163
-0.0112073
-0.0114964
-0.0117809
-0.0120588
-0.012329
-0.0125915
-0.0128479
-0.013101
-0.0133542
-0.013611
-0.0138739
-0.0141439
-0.0144204
-0.0147012
-0.0149832
-0.0152628
-0.0155372
-0.015805
-0.0160671
-0.0163263
-0.0165869
-0.0168534
-0.0171291
-0.0174153
-0.017711
-0.0180129
-0.0183168
-0.0186187
-0.0189164
-0.0192102
-0.0195029
-0.0197989
-0.0201021
-0.0204149
-0.0207367
-0.0210648
-0.021395
-0.0217234
-0.0220479
-0.0223692
-0.0226915
-0.0230197
-0.0233571
-0.0237035
-0.0240558
-0.024409
-0.0247601
-0.0251086
-0.0254575
-0.0258107
-0.0261705
-0.026537
-0.0269074
-0.0272789
-0.02765
-0.028022
-0.0283979
-0.0287797
-0.0291663
-0.0295546
-0.0299423
-0.0303302
-0.0307219
-0.0311203
-0.0315258
-0.0319338
-0.0323404
-0.032745
-0.0331514
-0.0335651
-0.0339871
-0.0344132
-0.0348387
-0.0352621
-0.0356859
-0.0361164
-0.0365552
-0.0369974
-0.0374396
-0.0378815
-0.0383249
-0.0387737
-0.0392295
-0.0396878
-0.0401461
-0.040606
-0.0410697
-0.0415382
-0.0420105
-0.0424849
-0.0429608
-0.0434392
-0.043923
-0.0444119
-0.0449012
-0.04539
-0.0458853
-0.0463884
-0.0468912
-0.0473926
-0.0479007
-0.0484158
-0.0489311
-0.0494474
-0.0499698
-0.0504967
-0.0510249
-0.0515558
-0.0520922
-0.0526323
-0.0531746
-0.0537202
-0.0542701
-0.054824
-0.0553812
-0.0559415
-0.0565058
-0.0570739
-0.057646
-0.0582214
-0.0588004
-0.0593835
-0.0599703
-0.0605608
-0.0611551
-0.061753
-0.062355
-0.0629605
-0.0635697
-0.0641828
-0.0647993
-0.0654195
-0.0660431
-0.0666697
-0.0672991
-0.0679308
-0.0685637
-0.0691968
-0.0698282
-0.0704554
-0.0710743
-0.0716792
-0.0722602
-0.0728002
-0.0139874
-0.0133637
-0.00934268
-0.00480978
-0.00104758
0.0016091
0.0031254
0.0036046
0.00330329
0.00253102
0.00155588
0.000562882
-0.000342726
-0.00111265
-0.00173109
-0.00219753
-0.00252494
-0.00273745
-0.00286511
-0.00293845
-0.00298457
-0.00302494
-0.0030751
-0.00314507
-0.00324056
-0.00336398
-0.00351556
-0.00369356
-0.00389497
-0.00411581
-0.0043519
-0.0045991
-0.00485381
-0.00511297
-0.00537434
-0.00563619
-0.00589745
-0.00615736
-0.00641555
-0.0066718
-0.00692617
-0.00717875
-0.0074298
-0.00767959
-0.00792857
-0.00817731
-0.0084266
-0.00867747
-0.00893107
-0.00918863
-0.00945121
-0.00971964
-0.00999412
-0.0102743
-0.0105588
-0.0108459
-0.0111331
-0.0114181
-0.0116984
-0.0119728
-0.0122406
-0.0125024
-0.01276
-0.0130161
-0.0132738
-0.0135358
-0.0138039
-0.0140785
-0.0143585
-0.0146416
-0.014925
-0.0152058
-0.0154819
-0.0157525
-0.0160187
-0.016283
-0.0165492
-0.0168212
-0.0171017
-0.0173913
-0.0176889
-0.0179914
-0.0182952
-0.018597
-0.0188951
-0.0191903
-0.0194854
-0.0197843
-0.0200905
-0.0204056
-0.0207287
-0.0210569
-0.0213864
-0.021714
-0.0220385
-0.022361
-0.0226853
-0.0230157
-0.0233548
-0.0237019
-0.0240538
-0.0244059
-0.0247559
-0.0251044
-0.0254543
-0.0258092
-0.0261709
-0.0265384
-0.0269087
-0.0272793
-0.0276493
-0.0280208
-0.028397
-0.0287799
-0.0291679
-0.0295573
-0.0299451
-0.0303323
-0.0307229
-0.0311207
-0.0315263
-0.0319354
-0.0323434
-0.0327487
-0.0331547
-0.0335671
-0.0339881
-0.0344145
-0.0348413
-0.0352661
-0.0356901
-0.0361192
-0.0365566
-0.0369993
-0.0374429
-0.0378855
-0.0383289
-0.0387766
-0.0392316
-0.0396907
-0.0401502
-0.04061
-0.0410731
-0.0415416
-0.0420141
-0.0424888
-0.0429648
-0.0434433
-0.0439269
-0.044416
-0.0449059
-0.0453945
-0.0458893
-0.0463928
-0.0468964
-0.0473976
-0.0479052
-0.0484207
-0.0489366
-0.0494527
-0.049975
-0.0505022
-0.0510306
-0.0515615
-0.052098
-0.0526383
-0.0531808
-0.0537265
-0.0542764
-0.0548305
-0.0553879
-0.0559484
-0.0565128
-0.0570811
-0.0576534
-0.058229
-0.0588082
-0.0593916
-0.0599787
-0.0605696
-0.0611643
-0.0617626
-0.0623652
-0.0629713
-0.0635813
-0.0641952
-0.0648128
-0.065434
-0.0660589
-0.0666869
-0.0673181
-0.0679516
-0.0685865
-0.0692219
-0.0698556
-0.070485
-0.0711063
-0.0717132
-0.0722964
-0.0728405
-0.0137621
-0.0131315
-0.00910362
-0.00456111
-0.000789498
0.0018743
0.00339498
0.00387499
0.00357047
0.00279145
0.00180719
0.000803974
-0.000111959
-0.000891697
-0.00151914
-0.0019936
-0.00232795
-0.00254646
-0.00267946
-0.00275783
-0.00280896
-0.00285454
-0.00291015
-0.00298577
-0.003087
-0.00321611
-0.00337315
-0.00355622
-0.00376211
-0.00398671
-0.00422576
-0.00447509
-0.00473115
-0.00499097
-0.00525239
-0.0055138
-0.00577423
-0.00603298
-0.00628974
-0.00654433
-0.00679685
-0.00704748
-0.00729659
-0.0075446
-0.00779212
-0.00803985
-0.00828873
-0.00853983
-0.00879426
-0.00905314
-0.00931724
-0.00958706
-0.00986246
-0.0101428
-0.0104267
-0.0107124
-0.0109977
-0.0112807
-0.0115597
-0.0118338
-0.0121027
-0.0123674
-0.0126294
-0.0128909
-0.0131543
-0.013422
-0.0136952
-0.013974
-0.0142572
-0.0145429
-0.0148286
-0.015112
-0.0153914
-0.0156663
-0.0159377
-0.0162079
-0.0164802
-0.0167577
-0.0170427
-0.0173359
-0.0176359
-0.01794
-0.0182447
-0.0185475
-0.0188471
-0.0191446
-0.0194427
-0.019745
-0.0200543
-0.0203719
-0.0206965
-0.0210252
-0.0213545
-0.021682
-0.0220073
-0.0223317
-0.0226587
-0.0229917
-0.0233325
-0.0236802
-0.0240318
-0.0243833
-0.0247332
-0.0250823
-0.0254337
-0.0257905
-0.0261538
-0.0265223
-0.0268927
-0.027263
-0.0276328
-0.0280046
-0.0283813
-0.0287649
-0.0291539
-0.0295442
-0.0299328
-0.0303204
-0.030711
-0.0311083
-0.0315135
-0.0319231
-0.0323322
-0.032739
-0.033146
-0.0335578
-0.0339775
-0.0344034
-0.0348311
-0.0352578
-0.0356833
-0.0361118
-0.0365476
-0.0369899
-0.0374346
-0.0378788
-0.038323
-0.03877
-0.039224
-0.0396834
-0.040144
-0.0406045
-0.0410675
-0.041536
-0.0420088
-0.0424834
-0.0429597
-0.0434391
-0.0439226
-0.0444114
-0.0449023
-0.0453914
-0.0458854
-0.0463891
-0.0468941
-0.0473955
-0.0479023
-0.0484182
-0.048935
-0.0494512
-0.0499733
-0.050501
-0.0510298
-0.0515608
-0.0520973
-0.052638
-0.0531808
-0.0537266
-0.0542768
-0.0548311
-0.0553888
-0.0559496
-0.0565142
-0.0570827
-0.0576553
-0.0582313
-0.0588108
-0.0593945
-0.059982
-0.0605734
-0.0611685
-0.0617675
-0.0623706
-0.0629775
-0.0635883
-0.0642032
-0.0648219
-0.0654445
-0.0660708
-0.0667006
-0.0673336
-0.0679691
-0.0686062
-0.0692439
-0.0698799
-0.0705118
-0.0711353
-0.0717444
-0.072329
-0.0728723
-0.0135127
-0.013011
-0.00913379
-0.00474661
-0.00111949
0.00141967
0.00283777
0.00324238
0.00289378
0.00210206
0.00113228
0.000164098
-0.000703054
-0.00142576
-0.00199142
-0.00240221
-0.00267492
-0.00283758
-0.00292324
-0.00296409
-0.00298742
-0.0030138
-0.00305717
-0.00312575
-0.00322353
-0.00335146
-0.00350832
-0.003691
-0.00389537
-0.00411673
-0.00435056
-0.00459276
-0.00484003
-0.00508975
-0.00534019
-0.00559009
-0.00583881
-0.00608592
-0.00633135
-0.00657513
-0.00681753
-0.00705884
-0.00729958
-0.00754028
-0.0077816
-0.00802429
-0.00826917
-0.00851711
-0.00876892
-0.00902531
-0.00928667
-0.00955313
-0.00982435
-0.0100997
-0.0103779
-0.0106577
-0.0109375
-0.0112159
-0.0114916
-0.0117639
-0.0120327
-0.0122986
-0.0125627
-0.0128267
-0.0130927
-0.0133624
-0.0136372
-0.0139172
-0.0142015
-0.0144882
-0.0147752
-0.0150602
-0.0153421
-0.0156202
-0.0158956
-0.0161701
-0.0164466
-0.016728
-0.0170163
-0.0173119
-0.0176136
-0.0179188
-0.0182244
-0.018528
-0.0188288
-0.0191281
-0.0194286
-0.0197336
-0.0200454
-0.0203647
-0.0206901
-0.0210186
-0.0213476
-0.021675
-0.022001
-0.0223272
-0.0226566
-0.0229915
-0.0233333
-0.0236809
-0.0240318
-0.0243828
-0.0247328
-0.0250826
-0.0254352
-0.0257932
-0.0261571
-0.0265259
-0.0268963
-0.0272665
-0.0276365
-0.0280087
-0.0283856
-0.028769
-0.0291578
-0.0295484
-0.029938
-0.0303265
-0.0307176
-0.0311143
-0.0315182
-0.031927
-0.0323369
-0.0327452
-0.0331537
-0.0335654
-0.0339834
-0.0344079
-0.0348356
-0.0352639
-0.0356912
-0.0361197
-0.0365538
-0.0369949
-0.0374399
-0.0378855
-0.0383306
-0.0387774
-0.0392303
-0.0396894
-0.0401505
-0.0406115
-0.0410744
-0.041543
-0.0420162
-0.0424904
-0.0429662
-0.0434463
-0.0439304
-0.0444186
-0.0449096
-0.0453994
-0.0458928
-0.046396
-0.0469022
-0.0474041
-0.0479098
-0.0484257
-0.0489435
-0.0494597
-0.0499814
-0.0505093
-0.0510386
-0.0515694
-0.052106
-0.052647
-0.05319
-0.0537358
-0.0542861
-0.0548406
-0.0553985
-0.0559594
-0.0565242
-0.0570928
-0.0576656
-0.0582419
-0.0588217
-0.0594056
-0.0599935
-0.0605852
-0.0611808
-0.0617802
-0.062384
-0.0629915
-0.0636031
-0.0642188
-0.0648385
-0.0654623
-0.0660898
-0.066721
-0.0673555
-0.0679928
-0.0686318
-0.0692713
-0.0699094
-0.0705431
-0.0711685
-0.0717791
-0.0723656
-0.0729121
-0.011548
-0.0108236
-0.00683162
-0.00248902
0.000971279
0.0032652
0.00437024
0.00444022
0.00378633
0.0027487
0.00159748
0.000504754
-0.00044233
-0.00121117
-0.00179546
-0.00220527
-0.00246684
-0.00261626
-0.00269223
-0.00272959
-0.0027559
-0.00279052
-0.00284562
-0.00292762
-0.00303913
-0.00317996
-0.00334796
-0.00353937
-0.00374982
-0.0039747
-0.00420989
-0.00445178
-0.00469762
-0.00494528
-0.00519343
-0.0054411
-0.00568786
-0.00593344
-0.00617792
-0.00642142
-0.00666425
-0.00690673
-0.0071493
-0.0073924
-0.00763652
-0.00788215
-0.00812984
-0.00838017
-0.00863367
-0.00889087
-0.00915214
-0.00941771
-0.00968749
-0.00996115
-0.0102379
-0.0105168
-0.0107966
-0.0110759
-0.0113535
-0.0116286
-0.0119009
-0.0121705
-0.0124383
-0.0127059
-0.0129751
-0.0132478
-0.0135253
-0.0138079
-0.0140949
-0.0143847
-0.0146751
-0.014964
-0.01525
-0.0155326
-0.0158128
-0.0160922
-0.0163735
-0.0166592
-0.0169512
-0.0172499
-0.0175543
-0.0178619
-0.0181697
-0.0184756
-0.0187789
-0.0190811
-0.0193847
-0.0196929
-0.0200074
-0.0203288
-0.0206554
-0.0209847
-0.0213142
-0.0216427
-0.0219705
-0.0222994
-0.0226314
-0.0229684
-0.0233113
-0.023659
-0.0240098
-0.0243613
-0.0247125
-0.0250641
-0.0254183
-0.0257772
-0.0261415
-0.0265104
-0.0268814
-0.0272527
-0.0276241
-0.0279974
-0.0283747
-0.0287576
-0.0291458
-0.0295368
-0.0299281
-0.0303187
-0.0307109
-0.0311073
-0.0315098
-0.0319176
-0.0323282
-0.0327387
-0.0331491
-0.0335614
-0.0339781
-0.0344011
-0.0348289
-0.0352587
-0.035688
-0.0361172
-0.0365501
-0.0369901
-0.0374356
-0.0378824
-0.0383286
-0.0387753
-0.0392277
-0.0396868
-0.0401488
-0.0406101
-0.0410725
-0.0415413
-0.0420159
-0.0424905
-0.0429652
-0.0434449
-0.0439304
-0.0444194
-0.0449103
-0.0454
-0.0458933
-0.0463967
-0.0469039
-0.0474063
-0.0479113
-0.0484272
-0.048946
-0.0494623
-0.0499837
-0.0505121
-0.051042
-0.0515726
-0.0521091
-0.0526507
-0.053194
-0.0537399
-0.0542902
-0.054845
-0.0554033
-0.0559645
-0.0565294
-0.0570983
-0.0576715
-0.0582482
-0.0588283
-0.0594125
-0.0600008
-0.0605931
-0.0611892
-0.0617893
-0.0623937
-0.0630021
-0.0636146
-0.0642314
-0.0648523
-0.0654775
-0.0661066
-0.0667395
-0.0673759
-0.0680152
-0.0686562
-0.069298
-0.0699382
-0.070574
-0.0712013
-0.0718137
-0.0724014
-0.0729484
-0.0131822
-0.0130072
-0.00957424
-0.00564632
-0.00238568
-6.30857e-05
0.00130064
0.00181407
0.00170222
0.0012189
0.000575606
-8.81991e-05
-0.000696304
-0.00121544
-0.00163611
-0.00196057
-0.00220183
-0.00237949
-0.00251418
-0.00262432
-0.00272456
-0.00282536
-0.00293343
-0.00305287
-0.00318602
-0.00333383
-0.00349634
-0.00367278
-0.00386197
-0.00406231
-0.00427222
-0.00448996
-0.0047141
-0.00494322
-0.00517626
-0.00541228
-0.00565064
-0.00589075
-0.00613229
-0.00637489
-0.00661834
-0.00686238
-0.00710689
-0.00735175
-0.00759696
-0.00784265
-0.00808913
-0.00833688
-0.00858653
-0.00883889
-0.0090947
-0.0093547
-0.00961925
-0.00988845
-0.0101618
-0.0104385
-0.0107171
-0.0109964
-0.0112749
-0.0115514
-0.0118253
-0.0120965
-0.0123658
-0.0126345
-0.0129045
-0.0131777
-0.0134556
-0.0137387
-0.0140266
-0.0143178
-0.0146104
-0.014902
-0.0151913
-0.0154777
-0.0157616
-0.0160448
-0.0163294
-0.0166178
-0.0169119
-0.0172123
-0.0175183
-0.0178275
-0.0181373
-0.0184456
-0.0187516
-0.0190565
-0.0193627
-0.0196729
-0.0199891
-0.0203114
-0.0206386
-0.0209684
-0.0212987
-0.0216285
-0.0219583
-0.0222894
-0.0226234
-0.0229615
-0.0233046
-0.0236519
-0.0240026
-0.0243548
-0.0247077
-0.0250613
-0.0254167
-0.0257757
-0.0261394
-0.0265076
-0.0268789
-0.0272518
-0.0276251
-0.0279998
-0.0283771
-0.0287588
-0.0291455
-0.0295363
-0.0299293
-0.0303224
-0.0307161
-0.031112
-0.0315125
-0.0319187
-0.0323298
-0.0327425
-0.0331548
-0.0335675
-0.0339829
-0.0344043
-0.0348319
-0.0352631
-0.035694
-0.0361238
-0.0365556
-0.0369943
-0.0374401
-0.0378884
-0.0383351
-0.0387814
-0.0392329
-0.0396924
-0.0401558
-0.0406175
-0.0410782
-0.0415461
-0.0420228
-0.0424994
-0.0429728
-0.0434502
-0.0439362
-0.0444277
-0.0449192
-0.0454075
-0.0458997
-0.0464041
-0.0469127
-0.0474148
-0.047919
-0.0484354
-0.0489551
-0.0494712
-0.049992
-0.0505211
-0.0510517
-0.0515821
-0.0521182
-0.0526602
-0.053204
-0.0537499
-0.0543001
-0.0548551
-0.0554136
-0.0559751
-0.0565401
-0.0571091
-0.0576825
-0.0582595
-0.0588398
-0.0594243
-0.060013
-0.0606057
-0.0612022
-0.0618027
-0.0624077
-0.0630167
-0.06363
-0.0642476
-0.0648694
-0.0654956
-0.0661259
-0.0667601
-0.0673979
-0.0680387
-0.0686813
-0.0693248
-0.0699666
-0.0706042
-0.071233
-0.071847
-0.0724353
-0.0729808
0.00905547
0.00913215
0.00572427
0.0020195
-0.000927184
-0.00290404
-0.00391757
-0.00414267
-0.00385899
-0.00333898
-0.00278063
-0.00229737
-0.00193908
-0.00171974
-0.00163658
-0.00167048
-0.0017903
-0.001962
-0.00215795
-0.00235939
-0.00255581
-0.00274296
-0.00292025
-0.0030891
-0.00325229
-0.00341307
-0.00357479
-0.00374028
-0.00391185
-0.00409098
-0.00427862
-0.00447502
-0.00468008
-0.0048932
-0.00511368
-0.00534053
-0.00557287
-0.00580971
-0.0060502
-0.00629349
-0.00653886
-0.00678556
-0.00703302
-0.00728071
-0.00752832
-0.00777572
-0.00802304
-0.00827067
-0.0085192
-0.00876949
-0.00902246
-0.00927908
-0.00954004
-0.00980581
-0.0100763
-0.0103509
-0.0106285
-0.010908
-0.0111878
-0.0114665
-0.0117433
-0.0120177
-0.01229
-0.0125613
-0.0128331
-0.0131073
-0.0133854
-0.0136684
-0.0139564
-0.0142484
-0.0145429
-0.0148377
-0.0151312
-0.0154223
-0.015711
-0.0159984
-0.0162864
-0.0165772
-0.0168728
-0.0171742
-0.0174813
-0.0177923
-0.0181047
-0.0184165
-0.0187262
-0.0190347
-0.0193437
-0.0196557
-0.0199728
-0.0202956
-0.0206232
-0.020954
-0.021286
-0.0216182
-0.0219506
-0.022284
-0.0226196
-0.0229584
-0.0233013
-0.0236484
-0.0239994
-0.0243531
-0.0247083
-0.0250641
-0.0254208
-0.0257796
-0.0261423
-0.0265096
-0.0268813
-0.0272562
-0.0276321
-0.0280086
-0.0283859
-0.028766
-0.029151
-0.0295414
-0.0299361
-0.0303322
-0.0307278
-0.0311233
-0.0315218
-0.0319262
-0.0323375
-0.0327524
-0.033167
-0.0335802
-0.0339943
-0.0344141
-0.0348414
-0.0352739
-0.0357064
-0.0361367
-0.0365677
-0.0370051
-0.0374511
-0.0379009
-0.0383484
-0.0387938
-0.0392443
-0.039704
-0.0401692
-0.040632
-0.0410909
-0.0415565
-0.0420347
-0.0425149
-0.0429881
-0.0434622
-0.0439471
-0.0444412
-0.0449351
-0.0454221
-0.045912
-0.046417
-0.0469278
-0.0474299
-0.0479325
-0.0484492
-0.0489702
-0.049486
-0.0500058
-0.0505355
-0.051067
-0.0515971
-0.0521326
-0.0526748
-0.0532193
-0.0537654
-0.0543154
-0.0548703
-0.0554292
-0.055991
-0.0565561
-0.0571252
-0.0576989
-0.0582763
-0.0588569
-0.0594417
-0.0600307
-0.0606239
-0.061221
-0.0618222
-0.0624279
-0.0630378
-0.063652
-0.0642707
-0.0648938
-0.0655213
-0.0661531
-0.0667888
-0.0674284
-0.0680708
-0.0687154
-0.0693604
-0.0700042
-0.0706432
-0.0712736
-0.0718885
-0.0724791
-0.0730307
-0.0136581
-0.0137824
-0.0103368
-0.00637713
-0.00302561
-0.000569564
0.000967447
0.00167972
0.00176981
0.00146981
0.00097628
0.000424363
-0.000108097
-0.000584186
-0.000991036
-0.00132758
-0.00160127
-0.00182585
-0.00201637
-0.00218596
-0.00234402
-0.00249675
-0.00264846
-0.00280214
-0.00295992
-0.00312322
-0.00329303
-0.00346993
-0.00365429
-0.00384614
-0.00404543
-0.00425181
-0.00446494
-0.00468422
-0.00490911
-0.00513894
-0.00537318
-0.00561122
-0.00585262
-0.00609686
-0.00634357
-0.00659227
-0.00684258
-0.00709408
-0.00734644
-0.00759937
-0.0078527
-0.00810643
-0.00836067
-0.00861579
-0.00887231
-0.00913097
-0.00939248
-0.00965753
-0.0099265
-0.0101995
-0.0104762
-0.0107558
-0.0110372
-0.0113192
-0.0116008
-0.0118809
-0.0121593
-0.0124362
-0.0127124
-0.0129895
-0.0132689
-0.0135522
-0.0138401
-0.0141325
-0.0144287
-0.014727
-0.0150256
-0.0153229
-0.015618
-0.0159111
-0.0162036
-0.0164972
-0.0167944
-0.0170967
-0.0174047
-0.0177176
-0.0180334
-0.0183497
-0.0186647
-0.0189779
-0.0192905
-0.0196046
-0.0199225
-0.0202457
-0.0205741
-0.0209066
-0.0212415
-0.0215772
-0.021913
-0.022249
-0.0225862
-0.0229256
-0.0232688
-0.0236163
-0.0239685
-0.0243243
-0.0246823
-0.0250406
-0.025399
-0.0257582
-0.0261201
-0.026487
-0.0268594
-0.0272365
-0.0276154
-0.0279941
-0.0283722
-0.0287514
-0.0291349
-0.0295251
-0.0299214
-0.0303204
-0.0307184
-0.0311144
-0.0315118
-0.0319147
-0.0323259
-0.0327427
-0.0331597
-0.0335742
-0.0339879
-0.0344064
-0.0348333
-0.0352669
-0.0357013
-0.0361328
-0.0365634
-0.0369998
-0.0374456
-0.0378968
-0.0383462
-0.0387914
-0.0392406
-0.0397001
-0.0401668
-0.0406319
-0.0410908
-0.0415532
-0.042031
-0.0425152
-0.0429906
-0.0434623
-0.0439446
-0.0444396
-0.044937
-0.0454255
-0.0459123
-0.0464156
-0.0469297
-0.0474336
-0.047934
-0.0484499
-0.0489734
-0.0494897
-0.0500081
-0.050538
-0.051071
-0.0516015
-0.0521363
-0.0526786
-0.0532239
-0.0537706
-0.0543206
-0.0548754
-0.0554347
-0.0559971
-0.0565625
-0.0571316
-0.0577056
-0.0582834
-0.0588645
-0.0594495
-0.060039
-0.0606327
-0.0612303
-0.061832
-0.0624382
-0.0630488
-0.0636637
-0.0642833
-0.0649071
-0.0655356
-0.0661684
-0.0668054
-0.067446
-0.0680901
-0.0687357
-0.0693827
-0.0700277
-0.0706685
-0.0713003
-0.0719168
-0.0725065
-0.0730513
0.0131205
0.0127391
0.00930841
0.0052363
0.00177678
-0.0007669
-0.00237055
-0.00313834
-0.00329059
-0.00307569
-0.00269989
-0.00230157
-0.00195759
-0.00170234
-0.0015463
-0.00148842
-0.00151778
-0.00161654
-0.00176454
-0.00194352
-0.00214007
-0.00234495
-0.00255234
-0.00275881
-0.0029628
-0.00316386
-0.00336246
-0.00355949
-0.00375622
-0.00395386
-0.00415365
-0.00435647
-0.00456315
-0.0047741
-0.00498969
-0.00520992
-0.00543481
-0.00566412
-0.00589764
-0.00613497
-0.00637575
-0.00661953
-0.00686591
-0.00711449
-0.00736494
-0.00761695
-0.00787027
-0.0081247
-0.00838008
-0.0086364
-0.00889372
-0.00915234
-0.00941261
-0.00967506
-0.00994017
-0.0102084
-0.0104799
-0.0107547
-0.0110323
-0.0113121
-0.0115932
-0.0118746
-0.0121555
-0.0124356
-0.0127148
-0.0129938
-0.0132737
-0.0135557
-0.0138414
-0.0141312
-0.0144254
-0.0147231
-0.0150229
-0.015323
-0.0156221
-0.0159194
-0.0162154
-0.0165112
-0.0168091
-0.0171108
-0.0174177
-0.01773
-0.0180464
-0.0183649
-0.0186832
-0.0190001
-0.0193155
-0.0196311
-0.019949
-0.0202714
-0.0205992
-0.0209319
-0.0212681
-0.0216059
-0.0219438
-0.0222814
-0.0226193
-0.0229588
-0.0233017
-0.023649
-0.0240014
-0.0243579
-0.0247171
-0.0250768
-0.0254361
-0.0257955
-0.0261569
-0.026523
-0.0268949
-0.0272723
-0.0276525
-0.0280327
-0.0284116
-0.0287906
-0.0291727
-0.0295616
-0.0299575
-0.0303576
-0.0307575
-0.0311544
-0.0315514
-0.0319526
-0.0323622
-0.032779
-0.0331975
-0.0336136
-0.0340276
-0.0344446
-0.0348697
-0.0353027
-0.0357384
-0.0361717
-0.0366023
-0.0370371
-0.0374811
-0.0379323
-0.038384
-0.0388303
-0.0392774
-0.0397348
-0.0402016
-0.0406689
-0.04113
-0.0415897
-0.0420632
-0.0425493
-0.0430291
-0.0435007
-0.0439792
-0.0444717
-0.0449714
-0.0454642
-0.0459495
-0.0464476
-0.0469627
-0.0474713
-0.04797
-0.0484824
-0.0490075
-0.0495261
-0.0500426
-0.050571
-0.0511054
-0.0516367
-0.0521705
-0.0527121
-0.0532576
-0.0538048
-0.0543547
-0.0549091
-0.0554681
-0.0560308
-0.0565965
-0.0571654
-0.0577392
-0.0583173
-0.0588987
-0.0594839
-0.0600735
-0.0606675
-0.0612656
-0.0618677
-0.0624746
-0.0630858
-0.0637016
-0.0643218
-0.0649468
-0.0655763
-0.0662104
-0.0668485
-0.0674907
-0.0681356
-0.0687831
-0.0694309
-0.0700773
-0.070719
-0.0713515
-0.0719688
-0.072562
-0.0731171
-0.0125719
-0.0122984
-0.0089948
-0.00505902
-0.00173124
0.000681553
0.00215299
0.00278076
0.00277803
0.0023882
0.00181561
0.00119864
0.000615154
0.000100589
-0.000333809
-0.000688389
-0.000972789
-0.00120328
-0.00139843
-0.00157416
-0.00174194
-0.001909
-0.0020799
-0.00225717
-0.00244208
-0.0026349
-0.00283537
-0.00304277
-0.00325632
-0.00347506
-0.00369826
-0.00392516
-0.00415529
-0.00438818
-0.0046236
-0.00486128
-0.00510116
-0.00534309
-0.00558703
-0.00583289
-0.00608064
-0.00633022
-0.00658164
-0.00683489
-0.00709002
-0.00734704
-0.00760592
-0.00786662
-0.00812901
-0.00839297
-0.00865834
-0.00892503
-0.00919299
-0.00946233
-0.00973317
-0.0100058
-0.0102804
-0.0105572
-0.0108363
-0.0111174
-0.0114005
-0.011685
-0.0119705
-0.0122565
-0.0125426
-0.0128287
-0.0131153
-0.0134029
-0.0136926
-0.0139849
-0.0142806
-0.0145795
-0.0148811
-0.0151843
-0.0154881
-0.0157916
-0.0160944
-0.016397
-0.0167004
-0.017006
-0.0173152
-0.0176289
-0.0179466
-0.0182674
-0.0185894
-0.0189112
-0.0192319
-0.0195523
-0.0198739
-0.0201987
-0.0205281
-0.0208623
-0.0212004
-0.0215407
-0.0218816
-0.0222224
-0.0225633
-0.0229054
-0.0232505
-0.0235995
-0.0239532
-0.0243109
-0.0246715
-0.0250331
-0.0253949
-0.0257569
-0.0261204
-0.0264876
-0.0268599
-0.0272374
-0.0276186
-0.0280008
-0.0283823
-0.0287636
-0.0291467
-0.0295352
-0.0299305
-0.0303307
-0.0307327
-0.0311327
-0.0315318
-0.0319332
-0.0323412
-0.0327569
-0.0331768
-0.0335958
-0.0340126
-0.0344298
-0.034853
-0.0352847
-0.0357215
-0.0361581
-0.0365911
-0.037025
-0.0374668
-0.0379172
-0.0383715
-0.0388217
-0.0392687
-0.039723
-0.0401884
-0.0406581
-0.0411239
-0.0415844
-0.0420525
-0.0425366
-0.0430219
-0.0434976
-0.043974
-0.044462
-0.0449614
-0.0454599
-0.0459485
-0.0464411
-0.0469532
-0.0474676
-0.0479692
-0.0484769
-0.0490011
-0.0495242
-0.0500411
-0.0505666
-0.0511017
-0.0516354
-0.0521693
-0.0527098
-0.0532557
-0.0538038
-0.0543544
-0.0549088
-0.0554676
-0.0560308
-0.0565973
-0.0571665
-0.0577403
-0.0583188
-0.0589009
-0.0594864
-0.0600764
-0.0606709
-0.0612695
-0.0618722
-0.0624795
-0.0630914
-0.0637077
-0.0643289
-0.0649544
-0.065585
-0.0662197
-0.0668591
-0.067502
-0.0681486
-0.0687969
-0.0694465
-0.0700941
-0.0707376
-0.071372
-0.0719904
-0.0725809
-0.0731253
0.0159134
0.0156855
0.0120584
0.00782843
0.0042121
0.00150938
-0.000254509
-0.00118045
-0.00148496
-0.00141379
-0.00117168
-0.000896291
-0.000664206
-0.000509777
-0.000443516
-0.000464444
-0.000561914
-0.00071844
-0.000914436
-0.0011339
-0.00136581
-0.00160364
-0.00184354
-0.00208324
-0.00232168
-0.00255844
-0.00279365
-0.00302759
-0.00326078
-0.00349365
-0.00372674
-0.00396038
-0.00419496
-0.0044307
-0.00466787
-0.00490658
-0.00514701
-0.00538919
-0.00563322
-0.00587907
-0.00612677
-0.00637627
-0.00662761
-0.00688075
-0.00713575
-0.0073926
-0.00765133
-0.00791196
-0.00817443
-0.00843871
-0.00870468
-0.00897225
-0.00924124
-0.0095116
-0.00978315
-0.0100559
-0.0103299
-0.0106051
-0.0108816
-0.0111597
-0.0114396
-0.0117214
-0.0120051
-0.0122906
-0.0125777
-0.0128661
-0.0131556
-0.0134461
-0.0137377
-0.0140307
-0.0143255
-0.0146223
-0.0149213
-0.0152223
-0.0155253
-0.0158297
-0.0161352
-0.0164417
-0.016749
-0.0170576
-0.017368
-0.017681
-0.017997
-0.0183159
-0.0186371
-0.0189596
-0.0192827
-0.0196062
-0.0199307
-0.0202574
-0.0205873
-0.020921
-0.021258
-0.0215975
-0.0219385
-0.0222801
-0.0226228
-0.0229668
-0.0233135
-0.0236632
-0.0240167
-0.0243734
-0.0247329
-0.0250943
-0.0254569
-0.0258207
-0.026186
-0.026554
-0.0269257
-0.0273016
-0.0276813
-0.0280635
-0.0284465
-0.0288299
-0.0292144
-0.0296022
-0.0299953
-0.0303934
-0.0307954
-0.0311977
-0.0315992
-0.0320013
-0.0324071
-0.0328198
-0.0332386
-0.0336596
-0.0340793
-0.0344975
-0.0349183
-0.0353469
-0.0357827
-0.0362216
-0.0366577
-0.0370915
-0.0375301
-0.0379776
-0.0384323
-0.0388864
-0.0393354
-0.0397863
-0.0402477
-0.0407173
-0.0411871
-0.0416511
-0.0421153
-0.0425929
-0.0430803
-0.0435621
-0.0440388
-0.0445219
-0.0450171
-0.0455185
-0.0460133
-0.0465036
-0.0470079
-0.0475245
-0.0480327
-0.0485371
-0.0490559
-0.0495822
-0.0501022
-0.0506242
-0.0511571
-0.0516931
-0.0522278
-0.0527666
-0.0533117
-0.0538602
-0.054411
-0.0549652
-0.0555235
-0.0560861
-0.0566529
-0.0572224
-0.0577957
-0.0583738
-0.0589561
-0.0595419
-0.0601317
-0.0607262
-0.0613251
-0.0619281
-0.0625357
-0.0631479
-0.0637649
-0.0643864
-0.0650127
-0.0656437
-0.0662793
-0.066919
-0.067563
-0.0682098
-0.0688592
-0.0695089
-0.0701572
-0.0708007
-0.071435
-0.0720545
-0.0726505
-0.073209
-0.00842542
-0.00831043
-0.00498837
-0.00121074
0.00186311
0.00396783
0.00508582
0.00534583
0.0049954
0.00430135
0.0034768
0.00265822
0.00191663
0.00128032
0.000755475
0.000336073
4.30293e-06
-0.000264664
-0.000495458
-0.000707744
-0.000915215
-0.00112602
-0.00134452
-0.00157237
-0.00180954
-0.00205464
-0.00230583
-0.00256113
-0.00281882
-0.00307745
-0.00333602
-0.00359382
-0.00385055
-0.00410605
-0.00436046
-0.00461394
-0.00486682
-0.00511938
-0.00537203
-0.00562507
-0.0058789
-0.00613383
-0.00639023
-0.00664835
-0.00690846
-0.00717071
-0.00743519
-0.00770191
-0.00797077
-0.0082416
-0.00851409
-0.00878801
-0.00906298
-0.00933878
-0.00961514
-0.00989198
-0.0101692
-0.010447
-0.0107256
-0.0110054
-0.0112868
-0.0115702
-0.0118561
-0.0121444
-0.0124352
-0.012728
-0.0130225
-0.0133182
-0.0136149
-0.0139123
-0.0142106
-0.0145099
-0.0148107
-0.0151132
-0.015418
-0.0157251
-0.0160346
-0.016346
-0.0166589
-0.0169728
-0.0172876
-0.0176036
-0.0179211
-0.0182407
-0.0185626
-0.0188868
-0.0192127
-0.0195402
-0.0198692
-0.0201999
-0.0205328
-0.0208682
-0.0212061
-0.0215461
-0.0218879
-0.0222312
-0.0225764
-0.0229235
-0.0232731
-0.0236253
-0.02398
-0.0243372
-0.0246967
-0.0250586
-0.0254225
-0.0257885
-0.0261565
-0.0265267
-0.0268993
-0.0272751
-0.027654
-0.0280363
-0.0284208
-0.0288069
-0.0291939
-0.0295826
-0.0299749
-0.0303717
-0.0307733
-0.0311775
-0.031582
-0.0319861
-0.0323918
-0.0328023
-0.03322
-0.0336422
-0.0340649
-0.0344855
-0.0349059
-0.0353322
-0.0357668
-0.0362069
-0.0366464
-0.0370821
-0.037519
-0.0379641
-0.0384182
-0.0388752
-0.0393279
-0.039778
-0.0402359
-0.0407043
-0.0411766
-0.0416452
-0.0421096
-0.0425817
-0.0430674
-0.0435546
-0.0440348
-0.0445156
-0.0450067
-0.0455077
-0.0460082
-0.0465012
-0.0469995
-0.0475136
-0.0480285
-0.0485347
-0.0490479
-0.0495742
-0.0500992
-0.0506205
-0.0511504
-0.0516877
-0.0522246
-0.0527628
-0.053307
-0.0538561
-0.0544076
-0.0549622
-0.0555205
-0.056083
-0.05665
-0.0572203
-0.0577939
-0.0583718
-0.0589544
-0.0595408
-0.0601309
-0.0607256
-0.0613249
-0.0619284
-0.0625364
-0.063149
-0.0637664
-0.0643885
-0.0650152
-0.065647
-0.066283
-0.0669238
-0.0675681
-0.0682164
-0.0688663
-0.0695176
-0.0701672
-0.0708128
-0.0714491
-0.0720692
-0.0726604
-0.0732054
0.0206914
0.0202734
0.0164252
0.0119157
0.00797282
0.00491534
0.00277425
0.00147273
0.000822428
0.000596528
0.000596221
0.000680055
0.000763461
0.000804145
0.000785759
0.000705103
0.000565676
0.000376315
0.000147943
-0.000108412
-0.000383026
-0.000668019
-0.000957626
-0.00124789
-0.00153649
-0.0018222
-0.00210449
-0.0023831
-0.00265814
-0.00292976
-0.00319835
-0.00346421
-0.00372786
-0.00398964
-0.00425007
-0.00450948
-0.0047683
-0.00502681
-0.00528539
-0.00554428
-0.00580385
-0.00606436
-0.00632616
-0.00658951
-0.00685465
-0.00712177
-0.00739098
-0.00766232
-0.0079357
-0.00821094
-0.00848771
-0.0087657
-0.00904447
-0.00932371
-0.00960311
-0.00988255
-0.0101619
-0.0104415
-0.0107214
-0.0110023
-0.0112846
-0.0115688
-0.0118554
-0.0121445
-0.0124362
-0.0127302
-0.0130263
-0.0133239
-0.0136228
-0.0139226
-0.0142233
-0.0145248
-0.0148275
-0.0151318
-0.0154383
-0.0157473
-0.0160588
-0.0163728
-0.0166886
-0.0170056
-0.0173234
-0.0176419
-0.0179614
-0.0182825
-0.0186056
-0.018931
-0.0192586
-0.0195883
-0.0199198
-0.0202533
-0.0205886
-0.0209259
-0.0212651
-0.0216061
-0.0219489
-0.0222934
-0.0226401
-0.0229891
-0.0233407
-0.0236947
-0.0240509
-0.024409
-0.0247692
-0.0251316
-0.0254964
-0.0258637
-0.0262333
-0.026605
-0.0269788
-0.0273551
-0.0277342
-0.0281166
-0.0285018
-0.028889
-0.0292776
-0.0296674
-0.0300599
-0.0304563
-0.0308575
-0.0312623
-0.0316682
-0.0320736
-0.0324798
-0.0328898
-0.0333065
-0.0337289
-0.0341526
-0.0345746
-0.0349955
-0.0354209
-0.0358544
-0.0362945
-0.0367352
-0.0371722
-0.037609
-0.0380526
-0.0385058
-0.0389633
-0.0394176
-0.0398684
-0.0403246
-0.0407914
-0.0412639
-0.0417342
-0.0421999
-0.0426699
-0.0431529
-0.0436412
-0.0441238
-0.0446043
-0.0450932
-0.0455924
-0.0460942
-0.0465896
-0.0470862
-0.0475969
-0.0481131
-0.0486219
-0.0491327
-0.0496566
-0.0501834
-0.0507056
-0.0512332
-0.0517697
-0.0523076
-0.0528456
-0.0533887
-0.0539374
-0.0544888
-0.0550432
-0.0556012
-0.0561632
-0.0567298
-0.0572999
-0.0578734
-0.0584509
-0.0590331
-0.0596195
-0.0602094
-0.0608039
-0.061403
-0.0620065
-0.0626145
-0.063227
-0.0638445
-0.0644665
-0.0650935
-0.0657249
-0.0663613
-0.0670017
-0.0676462
-0.0682938
-0.0689436
-0.0695942
-0.0702432
-0.070888
-0.0715245
-0.072148
-0.0727496
-0.0733153
)
;

boundaryField
{
    zeroGradientWall
    {
        type            zeroGradient;
    }
    inlet
    {
        type            zeroGradient;
    }
    plate
    {
        type            zeroGradient;
    }
    frontAndBack
    {
        type            empty;
    }
}


// ************************************************************************* //
