/*--------------------------------*- C++ -*----------------------------------*\
| =========                 |                                                 |
| \\      /  F ield         | OpenFOAM: The Open Source CFD Toolbox           |
|  \\    /   O peration     | Version:  v2012                                 |
|   \\  /    A nd           | Website:  www.openfoam.com                      |
|    \\/     M anipulation  |                                                 |
\*---------------------------------------------------------------------------*/
FoamFile
{
    version     2.0;
    format      ascii;
    class       volScalarField;
    location    "0.8";
    object      p;
}
// * * * * * * * * * * * * * * * * * * * * * * * * * * * * * * * * * * * * * //

dimensions      [0 2 -2 0 0 0 0];


internalField   nonuniform List<scalar> 
8800
(
7.74489e-10
0.000703114
0.000725233
0.000704171
0.000489995
0.000367137
0.000139191
-3.72125e-05
-0.000257842
-0.000470509
-0.000693439
-0.000924675
-0.00120436
-0.00150182
-0.00187846
-0.00229093
-0.00281467
-0.00343246
-0.00434701
-0.00608698
3.72902e-06
0.000700634
0.000726198
0.000702578
0.000492477
0.000365383
0.000141249
-3.81105e-05
-0.000255189
-0.000471533
-0.000694561
-0.00093143
-0.00120072
-0.00151142
-0.00186818
-0.00230366
-0.00280677
-0.00351093
-0.00446737
-0.00649697
1.03666e-05
0.000695067
0.000728374
0.000698962
0.000498098
0.000360938
0.000144222
-3.95807e-05
-0.000256867
-0.000471312
-0.000697313
-0.000932067
-0.00120221
-0.00150923
-0.00186891
-0.0023218
-0.00288016
-0.00357779
-0.00443347
-0.00624466
1.72373e-05
0.000689445
0.000728926
0.000698256
0.000501461
0.000362129
0.000140928
-3.04088e-05
-0.000273413
-0.0004603
-0.000714173
-0.000929932
-0.00120926
-0.00150163
-0.00186585
-0.00231183
-0.00303588
-0.00395196
-0.00521399
-0.00629989
2.86865e-05
0.000677115
0.000733844
0.000691063
0.000514514
0.000349226
0.000154815
-4.16328e-05
-0.000259464
-0.00047543
-0.00069873
-0.000945141
-0.00121342
-0.00151629
-0.00186461
-0.00231859
-0.00287891
-0.00359528
-0.00459099
-0.00673867
4.07411e-05
0.000664896
0.00073504
0.000689509
0.000520861
0.000348095
0.000158187
-4.57479e-05
-0.000262788
-0.000478985
-0.000705721
-0.000953405
-0.00121759
-0.00152147
-0.00185032
-0.00230035
-0.00286357
-0.00376659
-0.00510376
-0.00767911
5.66676e-05
0.00064741
0.000738645
0.000685828
0.000529076
0.000350877
0.000157349
-4.48222e-05
-0.000265065
-0.000481635
-0.000715737
-0.000961859
-0.00122922
-0.00151427
-0.00186026
-0.00229174
-0.00288659
-0.00374351
-0.00517361
-0.0078626
7.74462e-05
0.000621904
0.000743619
0.00068107
0.000532882
0.000355752
0.000162443
-4.60833e-05
-0.000262932
-0.000493364
-0.000729301
-0.00097872
-0.00122982
-0.00151946
-0.00185769
-0.00229816
-0.00289623
-0.00381086
-0.00536098
-0.0082432
9.97604e-05
0.000607645
0.000730164
0.000690726
0.000527581
0.000362
0.000169706
-6.37586e-05
-0.000255195
-0.000488281
-0.000748762
-0.000989066
-0.00123968
-0.00152181
-0.00186624
-0.00231169
-0.00293758
-0.00390632
-0.00555839
-0.00858464
0.000129678
0.000577783
0.000727829
0.000677811
0.000537275
0.00037629
0.000173768
-5.53571e-05
-0.000273593
-0.000511842
-0.000757161
-0.000997146
-0.00124776
-0.00153045
-0.00187876
-0.00233641
-0.00299264
-0.00401642
-0.00575426
-0.00888039
0.000160066
0.000559696
0.000711845
0.000667568
0.000553693
0.000376648
0.000163814
-3.49896e-05
-0.000287731
-0.00053201
-0.00076512
-0.0010028
-0.00125722
-0.00154377
-0.00189778
-0.00237207
-0.00306002
-0.00413696
-0.00594586
-0.00914912
0.000196808
0.00054199
0.000682678
0.000663581
0.000555999
0.000379191
0.000185336
-3.72121e-05
-0.000298368
-0.000548958
-0.000780903
-0.00101421
-0.00126942
-0.00156081
-0.00192388
-0.00241676
-0.00313722
-0.00426282
-0.00613251
-0.00939918
0.000238091
0.000526108
0.000650384
0.000650982
0.000547723
0.000401964
0.00020265
-5.25465e-05
-0.000308967
-0.000557053
-0.000795812
-0.00103066
-0.0012852
-0.00158182
-0.00195623
-0.00246924
-0.00322178
-0.00439132
-0.00631356
-0.00963488
0.000280988
0.000514095
0.000622031
0.000625111
0.000538654
0.000415615
0.000213758
-5.52799e-05
-0.000314525
-0.000564649
-0.00080946
-0.00104871
-0.00130497
-0.00160761
-0.00199514
-0.0025295
-0.00331243
-0.00452122
-0.00648731
-0.0098516
0.000320735
0.000513976
0.00059561
0.000593078
0.00052123
0.000413456
0.000231637
-4.17138e-05
-0.000324547
-0.000581578
-0.000824704
-0.00106622
-0.00132669
-0.00163753
-0.00203958
-0.00259557
-0.00340723
-0.00465114
-0.00665429
-0.0100553
0.00035922
0.000518683
0.0005759
0.000557106
0.00049361
0.000395205
0.000240274
-1.55319e-05
-0.000322455
-0.000598782
-0.000843968
-0.00108598
-0.0013508
-0.001671
-0.00208829
-0.00266544
-0.00350419
-0.00477943
-0.00681492
-0.0102482
0.000398318
0.000523918
0.000560525
0.000528722
0.000460958
0.000364407
0.00022481
2.64279e-06
-0.000297408
-0.000599934
-0.000864504
-0.0011114
-0.00137984
-0.00170887
-0.00214092
-0.00273825
-0.0036017
-0.00490481
-0.00696786
-0.0104278
0.000436961
0.000530244
0.000547277
0.000506544
0.000429239
0.000328298
0.000188831
-3.54246e-06
-0.000272752
-0.000580086
-0.000870316
-0.00113602
-0.001414
-0.00175161
-0.0021975
-0.00281335
-0.00369865
-0.00502565
-0.00711248
-0.0105952
0.000471036
0.000539037
0.000537082
0.000484873
0.000397466
0.000293678
0.000153828
-3.10942e-05
-0.000269011
-0.000557422
-0.000857423
-0.00114841
-0.00144615
-0.0017981
-0.0022574
-0.00288958
-0.00379358
-0.00514032
-0.00724707
-0.0107482
0.000499869
0.000549461
0.000531159
0.000462585
0.000366049
0.000258481
0.000120178
-6.11407e-05
-0.000284936
-0.000547852
-0.000840894
-0.0011468
-0.00146936
-0.00184169
-0.00231747
-0.0029649
-0.00388481
-0.00524784
-0.00737105
-0.010888
0.00052518
0.000558746
0.000525485
0.00044157
0.000334762
0.000222323
8.57003e-05
-8.97692e-05
-0.000303696
-0.000552212
-0.000832328
-0.00114204
-0.00148239
-0.00187707
-0.00237148
-0.00303498
-0.00396953
-0.0053466
-0.00748271
-0.0110121
0.000546131
0.000565822
0.000518813
0.000422657
0.00030478
0.000186019
5.03084e-05
-0.000117668
-0.000322397
-0.000561144
-0.000832638
-0.00114041
-0.0014907
-0.00190264
-0.00241604
-0.00309574
-0.00404444
-0.00543412
-0.00758153
-0.0111219
0.000561294
0.000569376
0.000512232
0.000405024
0.000276598
0.000150762
1.48904e-05
-0.000145932
-0.000340988
-0.00057118
-0.000836518
-0.00114198
-0.00149647
-0.00192017
-0.00244894
-0.00314417
-0.00410599
-0.00550683
-0.00766406
-0.0112136
0.00057023
0.000569253
0.000503635
0.000386982
0.000249446
0.000117896
-1.83376e-05
-0.00017378
-0.000359951
-0.000581586
-0.000840341
-0.0011424
-0.00149806
-0.00192847
-0.0024687
-0.00317685
-0.00415045
-0.00556096
-0.00772604
-0.0112824
0.000572743
0.000564921
0.000491224
0.000367049
0.000223258
8.80483e-05
-4.84174e-05
-0.000199835
-0.000378652
-0.000591646
-0.000842493
-0.00113852
-0.00149161
-0.00192427
-0.00247136
-0.00318918
-0.00417321
-0.00559298
-0.00776518
-0.0113276
0.000567002
0.00055426
0.000475809
0.000346226
0.000197492
5.99732e-05
-7.53862e-05
-0.000223107
-0.000395371
-0.000600219
-0.000841818
-0.001129
-0.00147474
-0.0019029
-0.00244974
-0.00317316
-0.00416704
-0.00559776
-0.00778039
-0.0113528
0.000551551
0.000536315
0.000456715
0.000324358
0.000172001
3.24405e-05
-0.000100853
-0.000243291
-0.000408326
-0.000603583
-0.000835086
-0.0011126
-0.001448
-0.00186289
-0.00239362
-0.00310017
-0.0040809
-0.0055057
-0.00769304
-0.0112764
0.000525725
0.00051003
0.000432011
0.000300581
0.000147019
5.72442e-06
-0.000126539
-0.000263741
-0.000417999
-0.000597691
-0.000812321
-0.00107717
-0.00141068
-0.00183541
-0.00238223
-0.00310283
-0.00408886
-0.00550212
-0.00767195
-0.0112443
0.000486953
0.000473516
0.000400534
0.000274065
0.000122963
-1.76796e-05
-0.000151847
-0.000287828
-0.000434167
-0.00059452
-0.000774116
-0.000987962
-0.00125883
-0.00161846
-0.00210986
-0.00279615
-0.00377235
-0.00521018
-0.00741032
-0.0110073
0.000433936
0.000424993
0.000358054
0.00023901
9.80163e-05
-3.46292e-05
-0.000162772
-0.000294843
-0.000439449
-0.000606399
-0.000804495
-0.00104434
-0.0013398
-0.00171167
-0.00219286
-0.00283955
-0.00374299
-0.00510072
-0.00724074
-0.0107989
0.000369688
0.000368888
0.000305435
0.000184885
4.02812e-05
-9.07507e-05
-0.000201363
-0.000292081
-0.000374681
-0.000458982
-0.00055715
-0.000685908
-0.00086863
-0.00113904
-0.00154657
-0.00216227
-0.00308862
-0.00449586
-0.00671319
-0.0104028
0.000271218
0.000298425
0.00027629
0.000176873
2.97299e-05
-0.000124432
-0.000279635
-0.000431743
-0.000588086
-0.000748122
-0.000912709
-0.00108107
-0.00126272
-0.00147556
-0.00175449
-0.00215206
-0.00277773
-0.00380267
-0.00556694
-0.00877665
0.000190239
0.000159959
0.000103063
2.81781e-05
-4.14741e-05
-8.20338e-05
-0.000108685
-0.00012949
-0.000149282
-0.000168885
-0.000189146
-0.000221005
-0.000291774
-0.000442331
-0.000730706
-0.00123669
-0.00208511
-0.00348271
-0.00579168
-0.00973833
0.000135515
0.000127465
8.13768e-05
-1.44184e-05
-0.000168681
-0.000369025
-0.00060974
-0.000882063
-0.00114849
-0.00135405
-0.0014379
-0.0013893
-0.00131387
-0.00130675
-0.00138034
-0.00143087
-0.00123684
-0.000465156
0.00135137
0.00496823
-0.000167812
-0.000197685
-0.000161651
-8.61587e-05
3.16107e-05
0.000167053
0.00026505
0.000307105
0.00032437
0.000351187
0.000395029
0.000428169
0.000410481
0.000287001
1.89746e-06
-0.000527504
-0.00144419
-0.00297781
-0.00548166
-0.00953677
-0.000129102
-0.000111422
-0.000184341
-0.000331641
-0.000534009
-0.000751522
-0.000941313
-0.00104277
-0.0010234
-0.000925788
-0.000806469
-0.000690662
-0.000566287
-0.000389402
-9.35456e-05
0.00042142
0.00132139
0.00284061
0.00534844
0.00951322
-0.000599139
-0.000583999
-0.000424753
-0.000193752
7.633e-05
0.000360931
0.00059752
0.000736301
0.000798655
0.000849682
0.000932775
0.00103899
0.00112527
0.00111726
0.00093015
0.000453526
-0.000470311
-0.00205211
-0.00463287
-0.00885606
-0.000518089
-0.000517506
-0.000597182
-0.000730645
-0.000854294
-0.000899565
-0.000862567
-0.000764613
-0.00062044
-0.000427271
-0.000170992
0.000162209
0.000589153
0.00113103
0.00182568
0.00273597
0.00397121
0.00571918
0.00831923
0.0124337
-0.000976346
-0.000925492
-0.000736166
-0.000489234
-0.000217157
9.00147e-05
0.000414996
0.000729758
0.000989129
0.00117359
0.00135833
0.00162309
0.0019749
0.00233656
0.00257468
0.00254681
0.00209759
0.00101163
-0.0010907
-0.00492399
-0.000976146
-0.000990398
-0.00102315
-0.00109052
-0.00117502
-0.00122547
-0.00120537
-0.00107115
-0.000794131
-0.000351672
0.000266899
0.00106819
0.00205753
0.00324987
0.00465747
0.00629169
0.00818551
0.0104419
0.0133228
0.0174242
-0.00774403
-0.00697686
-0.00426229
-0.00160427
0.000460744
0.00188738
0.00274916
0.00312685
0.0030842
0.00269581
0.00207008
0.00133809
0.000616422
-1.82076e-05
-0.000530294
-0.000915945
-0.00119207
-0.00138737
-0.00153243
-0.00165407
-0.00177216
-0.00189997
-0.00204515
-0.0022113
-0.00239918
-0.00260751
-0.00283414
-0.00307632
-0.00333178
-0.00359834
-0.00387445
-0.00415887
-0.00445093
-0.00475058
-0.00505797
-0.00537396
-0.00569924
-0.00603506
-0.00638243
-0.00674231
-0.00711587
-0.00750331
-0.00790569
-0.00832269
-0.00875463
-0.00920195
-0.0096632
-0.010139
-0.0106253
-0.0111184
-0.0116122
-0.0120974
-0.012566
-0.0130069
-0.0134118
-0.0137731
-0.0140855
-0.014348
-0.0145589
-0.0147232
-0.0148479
-0.0149405
-0.015013
-0.0150766
-0.0151394
-0.015209
-0.0152903
-0.0153859
-0.0154968
-0.0156237
-0.0157695
-0.0159356
-0.0161208
-0.0163244
-0.0165427
-0.0167719
-0.017009
-0.0172527
-0.0175047
-0.0177648
-0.0180338
-0.018311
-0.0185943
-0.018883
-0.0191756
-0.0194716
-0.0197711
-0.0200723
-0.0203745
-0.0206779
-0.0209846
-0.0212964
-0.0216143
-0.0219389
-0.0222658
-0.0225934
-0.0229203
-0.0232469
-0.0235781
-0.0239165
-0.0242604
-0.0246099
-0.0249583
-0.025306
-0.0256556
-0.0260089
-0.0263686
-0.026734
-0.0271007
-0.027469
-0.0278368
-0.0282074
-0.028584
-0.0289624
-0.0293455
-0.0297358
-0.0301241
-0.0305122
-0.0309039
-0.0312977
-0.031697
-0.032103
-0.0325074
-0.0329155
-0.0333234
-0.0337277
-0.0341443
-0.0345776
-0.0350017
-0.0354138
-0.035828
-0.0362534
-0.0366991
-0.0371534
-0.0375803
-0.0379964
-0.0384436
-0.0389076
-0.0393488
-0.0397872
-0.0402457
-0.0407117
-0.0411675
-0.041626
-0.0420924
-0.0425631
-0.0430326
-0.0435068
-0.0439852
-0.0444671
-0.0449493
-0.045438
-0.0459289
-0.0464233
-0.0469183
-0.0474216
-0.0479261
-0.0484343
-0.0489436
-0.0494596
-0.0499766
-0.0504995
-0.0510243
-0.0515559
-0.0520872
-0.0526252
-0.0531634
-0.0537092
-0.0542552
-0.0548087
-0.0553626
-0.0559242
-0.0564857
-0.0570553
-0.0576239
-0.0582016
-0.0587779
-0.0593634
-0.0599476
-0.0605408
-0.0611323
-0.0617332
-0.0623314
-0.06294
-0.0635445
-0.0641599
-0.0647701
-0.0653907
-0.0660045
-0.0666281
-0.0672416
-0.0678639
-0.0684708
-0.0690831
-0.0696713
-0.0702567
-0.0707997
-0.0713232
-0.0717546
-0.0721481
-0.00833242
-0.00741125
-0.00453668
-0.00178901
0.000374656
0.00190672
0.00283629
0.00322291
0.0031464
0.00271544
0.00206256
0.00132081
0.000599218
-3.26479e-05
-0.000543301
-0.000929576
-0.00120732
-0.00140406
-0.00154965
-0.00167091
-0.00178799
-0.00191463
-0.00205876
-0.00222414
-0.00241159
-0.00261973
-0.00284637
-0.00308857
-0.00334408
-0.0036106
-0.00388664
-0.00417092
-0.00446274
-0.0047621
-0.00506908
-0.00538461
-0.00570932
-0.00604443
-0.00639105
-0.00674994
-0.00712244
-0.00750868
-0.00790954
-0.00832514
-0.00875508
-0.00920038
-0.00965933
-0.0101317
-0.0106146
-0.0111036
-0.0115934
-0.0120749
-0.01254
-0.0129788
-0.0133831
-0.0137456
-0.0140597
-0.0143245
-0.0145381
-0.0147046
-0.0148317
-0.0149266
-0.0150007
-0.0150662
-0.0151306
-0.0152017
-0.015284
-0.0153803
-0.0154922
-0.0156196
-0.0157656
-0.0159323
-0.0161177
-0.0163213
-0.0165396
-0.0167689
-0.0170061
-0.0172498
-0.017502
-0.0177622
-0.0180313
-0.0183087
-0.018592
-0.0188806
-0.0191732
-0.0194691
-0.0197687
-0.02007
-0.0203724
-0.0206759
-0.0209827
-0.0212945
-0.0216125
-0.021937
-0.022264
-0.0225917
-0.0229186
-0.0232454
-0.0235767
-0.0239151
-0.0242591
-0.0246085
-0.024957
-0.0253047
-0.0256544
-0.0260078
-0.0263675
-0.026733
-0.0270997
-0.027468
-0.0278358
-0.0282065
-0.0285832
-0.0289615
-0.0293446
-0.0297351
-0.0301234
-0.0305116
-0.0309033
-0.031297
-0.0316964
-0.0321024
-0.0325068
-0.032915
-0.0333229
-0.0337271
-0.0341438
-0.0345773
-0.0350014
-0.0354135
-0.0358276
-0.0362529
-0.0366988
-0.0371532
-0.0375801
-0.037996
-0.0384433
-0.0389076
-0.0393486
-0.0397869
-0.0402455
-0.0407116
-0.0411673
-0.0416259
-0.0420923
-0.042563
-0.0430325
-0.0435067
-0.0439851
-0.0444671
-0.0449492
-0.045438
-0.0459288
-0.0464232
-0.0469182
-0.0474216
-0.047926
-0.0484343
-0.0489435
-0.0494595
-0.0499766
-0.0504995
-0.0510242
-0.0515559
-0.0520872
-0.0526251
-0.0531634
-0.0537092
-0.0542552
-0.0548087
-0.0553626
-0.0559242
-0.0564857
-0.0570553
-0.0576239
-0.0582016
-0.0587779
-0.0593634
-0.0599476
-0.0605408
-0.0611323
-0.0617332
-0.0623314
-0.06294
-0.0635445
-0.0641599
-0.0647701
-0.0653907
-0.0660045
-0.0666281
-0.0672416
-0.0678639
-0.0684708
-0.0690832
-0.0696714
-0.0702568
-0.0707997
-0.0713236
-0.071756
-0.0721486
-0.00832732
-0.00782619
-0.00519497
-0.00239041
3.26451e-05
0.00183749
0.00295114
0.00338813
0.00326099
0.00275219
0.00204571
0.00128479
0.000565128
-5.85029e-05
-0.000562742
-0.000946499
-0.00122467
-0.00142274
-0.00156914
-0.00169012
-0.00180608
-0.00193121
-0.00207394
-0.00223832
-0.00242531
-0.00263349
-0.00286046
-0.00310319
-0.00335918
-0.00362616
-0.00390251
-0.00418701
-0.00447887
-0.00477812
-0.00508486
-0.00539996
-0.0057241
-0.00605839
-0.00640397
-0.00676158
-0.00713242
-0.0075168
-0.00791525
-0.00832815
-0.00875487
-0.00919611
-0.00965036
-0.0101164
-0.0105919
-0.0110723
-0.0115526
-0.0120249
-0.0124812
-0.0129129
-0.0133118
-0.0136713
-0.0139855
-0.0142523
-0.0144712
-0.0146446
-0.0147792
-0.0148831
-0.0149653
-0.0150379
-0.015109
-0.0151854
-0.0152719
-0.0153714
-0.015486
-0.0156162
-0.0157647
-0.0159334
-0.0161204
-0.0163244
-0.016542
-0.0167707
-0.0170075
-0.0172512
-0.0175033
-0.0177638
-0.0180332
-0.0183106
-0.0185936
-0.0188818
-0.0191737
-0.019469
-0.0197679
-0.0200689
-0.0203714
-0.0206754
-0.0209828
-0.0212948
-0.0216124
-0.0219364
-0.0222626
-0.02259
-0.0229172
-0.0232445
-0.0235764
-0.0239149
-0.0242585
-0.0246073
-0.0249554
-0.0253031
-0.0256533
-0.026007
-0.026367
-0.0267321
-0.0270984
-0.0274666
-0.0278345
-0.0282054
-0.0285823
-0.0289607
-0.0293436
-0.0297338
-0.0301221
-0.0305104
-0.0309023
-0.031296
-0.0316954
-0.0321014
-0.0325057
-0.0329139
-0.033322
-0.0337263
-0.0341428
-0.0345763
-0.0350004
-0.0354125
-0.0358269
-0.0362522
-0.0366978
-0.0371523
-0.0375793
-0.0379953
-0.0384426
-0.038907
-0.039348
-0.0397863
-0.040245
-0.0407111
-0.0411667
-0.0416254
-0.0420918
-0.0425625
-0.0430321
-0.0435063
-0.0439847
-0.0444667
-0.0449489
-0.0454377
-0.0459286
-0.046423
-0.046918
-0.0474214
-0.0479258
-0.0484341
-0.0489434
-0.0494594
-0.0499765
-0.0504994
-0.0510241
-0.0515557
-0.052087
-0.0526251
-0.0531633
-0.0537091
-0.0542551
-0.0548086
-0.0553626
-0.0559242
-0.0564856
-0.0570553
-0.0576239
-0.0582016
-0.0587779
-0.0593634
-0.0599476
-0.0605408
-0.0611323
-0.0617333
-0.0623315
-0.06294
-0.0635446
-0.0641599
-0.0647702
-0.0653908
-0.0660047
-0.0666282
-0.0672418
-0.0678642
-0.0684712
-0.0690836
-0.0696721
-0.0702578
-0.0708013
-0.0713258
-0.0717638
-0.0721562
-0.00619832
-0.00642612
-0.00566323
-0.00337264
-0.000598502
0.0016353
0.00299685
0.00348623
0.00330513
0.00272611
0.00197526
0.0012015
0.000489392
-0.000119764
-0.000611246
-0.000987064
-0.00126185
-0.00145887
-0.00160467
-0.00172429
-0.00183807
-0.00196049
-0.00210059
-0.00226281
-0.00244835
-0.00265582
-0.0028826
-0.00312551
-0.00338175
-0.00364905
-0.00392558
-0.00421015
-0.00450192
-0.00480087
-0.00510719
-0.0054216
-0.00574489
-0.00607801
-0.00642209
-0.00677793
-0.00714642
-0.00752812
-0.00792323
-0.00833219
-0.00875443
-0.00919
-0.00963785
-0.0100962
-0.010563
-0.0110338
-0.0115034
-0.0119651
-0.0124114
-0.0128348
-0.0132276
-0.0135837
-0.0138981
-0.0141678
-0.0143929
-0.0145746
-0.0147181
-0.0148318
-0.0149235
-0.0150042
-0.0150826
-0.015165
-0.0152566
-0.0153601
-0.0154781
-0.0156121
-0.0157636
-0.0159342
-0.0161224
-0.0163266
-0.0165436
-0.0167713
-0.0170076
-0.0172511
-0.0175032
-0.0177641
-0.0180339
-0.0183114
-0.0185944
-0.0188818
-0.0191728
-0.019467
-0.0197648
-0.0200654
-0.0203683
-0.0206731
-0.0209814
-0.0212939
-0.0216113
-0.0219343
-0.0222594
-0.0225861
-0.0229137
-0.023242
-0.0235748
-0.0239138
-0.0242569
-0.0246048
-0.0249521
-0.0252999
-0.0256507
-0.0260053
-0.0263655
-0.0267303
-0.027096
-0.0274637
-0.0278318
-0.0282033
-0.0285806
-0.0289592
-0.0293416
-0.0297314
-0.0301197
-0.0305083
-0.0309004
-0.0312944
-0.0316937
-0.0320993
-0.0325034
-0.0329118
-0.0333203
-0.033725
-0.0341413
-0.0345741
-0.034998
-0.0354108
-0.0358259
-0.0362513
-0.0366962
-0.03715
-0.0375774
-0.0379942
-0.0384415
-0.0389054
-0.0393465
-0.0397852
-0.0402439
-0.0407098
-0.0411655
-0.0416243
-0.0420908
-0.0425615
-0.0430311
-0.0435055
-0.0439839
-0.0444659
-0.0449482
-0.045437
-0.0459279
-0.0464223
-0.0469174
-0.0474208
-0.0479253
-0.0484336
-0.0489429
-0.049459
-0.049976
-0.050499
-0.0510237
-0.0515554
-0.0520867
-0.0526247
-0.053163
-0.0537089
-0.0542549
-0.0548084
-0.0553624
-0.055924
-0.0564855
-0.0570551
-0.0576238
-0.0582014
-0.0587778
-0.0593633
-0.0599476
-0.0605407
-0.0611323
-0.0617332
-0.0623315
-0.0629399
-0.0635447
-0.0641599
-0.0647704
-0.0653908
-0.066005
-0.0666284
-0.0672423
-0.0678645
-0.0684721
-0.0690844
-0.0696737
-0.0702597
-0.0708051
-0.0713304
-0.071778
-0.0721718
-0.00909954
-0.00872369
-0.00606696
-0.00295179
-0.000126575
0.0019723
0.00320943
0.00360992
0.0033678
0.00274566
0.00196599
0.00117736
0.000461476
-0.000145276
-0.000632672
-0.00100548
-0.00127943
-0.00147719
-0.00162412
-0.00174424
-0.00185757
-0.00197879
-0.00211738
-0.00227829
-0.00246299
-0.00267031
-0.00289744
-0.00314114
-0.00339827
-0.00366649
-0.0039438
-0.00422897
-0.0045211
-0.00482011
-0.00512627
-0.00544019
-0.0057627
-0.00609471
-0.00643726
-0.00679122
-0.00715725
-0.00753597
-0.00792751
-0.00833207
-0.00874927
-0.00917859
-0.00961914
-0.0100691
-0.0105262
-0.0109867
-0.0114452
-0.0118961
-0.0123325
-0.0127474
-0.0131343
-0.0134872
-0.0138017
-0.014075
-0.0143061
-0.0144967
-0.0146497
-0.0147734
-0.0148751
-0.0149646
-0.0150508
-0.01514
-0.0152374
-0.0153459
-0.0154683
-0.0156064
-0.0157611
-0.0159337
-0.0161229
-0.0163273
-0.0165438
-0.0167705
-0.0170062
-0.0172496
-0.017502
-0.0177635
-0.018034
-0.018312
-0.0185949
-0.0188816
-0.0191715
-0.0194644
-0.019761
-0.0200611
-0.0203645
-0.0206704
-0.02098
-0.0212932
-0.0216101
-0.0219319
-0.0222556
-0.0225815
-0.0229095
-0.023239
-0.0235732
-0.0239128
-0.0242553
-0.0246018
-0.0249482
-0.0252959
-0.0256476
-0.0260033
-0.0263639
-0.0267283
-0.027093
-0.0274602
-0.0278285
-0.0282005
-0.0285785
-0.0289573
-0.0293391
-0.0297281
-0.0301165
-0.0305053
-0.0308978
-0.0312923
-0.0316913
-0.0320963
-0.0325003
-0.032909
-0.033318
-0.0337232
-0.0341389
-0.0345707
-0.0349947
-0.0354083
-0.0358242
-0.03625
-0.0366938
-0.0371464
-0.0375745
-0.0379928
-0.0384398
-0.0389028
-0.0393442
-0.0397837
-0.0402422
-0.0407077
-0.0411635
-0.0416226
-0.0420892
-0.0425599
-0.0430296
-0.043504
-0.0439825
-0.0444646
-0.0449469
-0.0454357
-0.0459267
-0.0464212
-0.0469164
-0.0474198
-0.0479243
-0.0484326
-0.0489421
-0.0494582
-0.0499753
-0.0504983
-0.0510231
-0.0515547
-0.0520861
-0.0526241
-0.0531625
-0.0537083
-0.0542545
-0.0548079
-0.0553621
-0.0559236
-0.0564852
-0.0570547
-0.0576235
-0.0582011
-0.0587776
-0.059363
-0.0599475
-0.0605404
-0.0611323
-0.0617329
-0.0623315
-0.0629398
-0.0635448
-0.0641598
-0.0647707
-0.0653908
-0.0660055
-0.0666286
-0.0672432
-0.067865
-0.0684736
-0.0690855
-0.0696765
-0.0702622
-0.0708114
-0.0713376
-0.0717972
-0.0721954
-0.00995743
-0.00912539
-0.00573867
-0.00227379
0.000479804
0.00236955
0.00339984
0.00367686
0.00337989
0.00273193
0.00193861
0.00114251
0.000423333
-0.000183613
-0.00066924
-0.00103959
-0.00131141
-0.00150772
-0.00165351
-0.00177244
-0.00188421
-0.00200355
-0.00214014
-0.00229924
-0.00248258
-0.00268913
-0.00291613
-0.00316013
-0.00341789
-0.0036868
-0.00396478
-0.00425043
-0.00454283
-0.0048418
-0.0051476
-0.00546086
-0.00578233
-0.00611295
-0.00645366
-0.00680538
-0.00716865
-0.007544
-0.00793156
-0.00833129
-0.00874287
-0.00916549
-0.00959824
-0.0100395
-0.0104866
-0.0109365
-0.0113841
-0.0118243
-0.012251
-0.0126578
-0.0130388
-0.0133885
-0.0137031
-0.0139796
-0.0142168
-0.0144157
-0.0145785
-0.0147121
-0.014824
-0.0149227
-0.0150169
-0.0151133
-0.0152169
-0.0153309
-0.015458
-0.0156002
-0.0157582
-0.0159328
-0.016123
-0.0163276
-0.0165436
-0.0167695
-0.0170045
-0.0172479
-0.0175007
-0.017763
-0.0180343
-0.0183128
-0.0185956
-0.0188815
-0.0191701
-0.0194616
-0.0197569
-0.0200565
-0.0203606
-0.0206678
-0.0209787
-0.0212926
-0.0216089
-0.0219293
-0.0222514
-0.0225763
-0.0229048
-0.023236
-0.0235716
-0.0239119
-0.0242535
-0.0245983
-0.0249436
-0.0252913
-0.0256441
-0.0260011
-0.0263622
-0.026726
-0.0270896
-0.027456
-0.0278247
-0.0281975
-0.0285762
-0.0289552
-0.0293362
-0.0297243
-0.0301128
-0.030502
-0.030895
-0.0312898
-0.0316884
-0.0320929
-0.0324969
-0.0329057
-0.0333153
-0.0337209
-0.034136
-0.0345669
-0.034991
-0.0354053
-0.0358222
-0.0362483
-0.0366908
-0.0371421
-0.0375713
-0.0379911
-0.0384377
-0.0388997
-0.0393416
-0.0397818
-0.0402401
-0.0407052
-0.0411612
-0.0416206
-0.0420872
-0.0425579
-0.0430277
-0.0435023
-0.0439807
-0.0444629
-0.0449454
-0.0454342
-0.0459252
-0.0464198
-0.0469152
-0.0474185
-0.047923
-0.0484314
-0.048941
-0.0494571
-0.0499744
-0.0504973
-0.0510222
-0.0515538
-0.0520853
-0.0526233
-0.0531619
-0.0537076
-0.054254
-0.0548073
-0.0553616
-0.055923
-0.0564848
-0.0570542
-0.0576232
-0.0582006
-0.0587774
-0.0593625
-0.0599473
-0.06054
-0.0611322
-0.0617326
-0.0623316
-0.0629395
-0.063545
-0.0641596
-0.0647711
-0.0653908
-0.0660061
-0.0666287
-0.0672443
-0.0678656
-0.0684755
-0.0690869
-0.0696801
-0.0702656
-0.0708195
-0.0713473
-0.0718189
-0.0722244
-0.0103306
-0.00960187
-0.00603693
-0.00234921
0.000539581
0.00246913
0.00346054
0.00367314
0.00333527
0.00267498
0.00188074
0.00108492
0.00036527
-0.000241903
-0.000726483
-0.00109411
-0.00136189
-0.00155386
-0.00169559
-0.00181108
-0.00191977
-0.00203634
-0.00217027
-0.00232698
-0.0025083
-0.00271339
-0.0029396
-0.00318335
-0.00344132
-0.00371063
-0.00398911
-0.00427512
-0.00456765
-0.00486645
-0.0051717
-0.00548408
-0.00580425
-0.00613319
-0.00647175
-0.00682085
-0.007181
-0.00755256
-0.00793566
-0.00833012
-0.00873555
-0.00915111
-0.00957575
-0.0100079
-0.0104452
-0.0108844
-0.0113213
-0.011751
-0.0121682
-0.0125669
-0.012942
-0.0132887
-0.0136031
-0.0138826
-0.0141254
-0.0143321
-0.0145045
-0.0146482
-0.0147701
-0.0148783
-0.0149809
-0.0150848
-0.015195
-0.0153149
-0.015447
-0.0155934
-0.0157546
-0.0159315
-0.0161227
-0.0163273
-0.0165429
-0.0167681
-0.0170025
-0.0172459
-0.0174993
-0.0177626
-0.0180349
-0.0183139
-0.0185966
-0.0188816
-0.0191687
-0.0194585
-0.0197525
-0.0200517
-0.0203565
-0.0206652
-0.0209776
-0.021292
-0.0216075
-0.0219262
-0.0222467
-0.0225708
-0.0229
-0.0232329
-0.0235701
-0.0239108
-0.0242515
-0.0245944
-0.0249384
-0.0252863
-0.0256404
-0.0259989
-0.0263604
-0.0267234
-0.0270857
-0.0274514
-0.0278205
-0.0281943
-0.0285737
-0.0289529
-0.029333
-0.0297202
-0.0301088
-0.0304986
-0.0308919
-0.031287
-0.0316853
-0.0320892
-0.0324932
-0.0329022
-0.0333124
-0.0337184
-0.0341329
-0.0345629
-0.034987
-0.0354022
-0.03582
-0.0362463
-0.0366876
-0.0371376
-0.0375679
-0.0379893
-0.0384354
-0.0388963
-0.0393387
-0.0397797
-0.0402378
-0.0407024
-0.0411587
-0.0416184
-0.0420851
-0.0425556
-0.0430257
-0.0435003
-0.0439788
-0.044461
-0.0449437
-0.0454325
-0.0459235
-0.0464183
-0.0469138
-0.047417
-0.0479216
-0.04843
-0.0489398
-0.0494559
-0.0499734
-0.0504962
-0.0510213
-0.0515527
-0.0520845
-0.0526223
-0.0531612
-0.0537068
-0.0542534
-0.0548066
-0.0553611
-0.0559223
-0.0564844
-0.0570535
-0.0576229
-0.0582
-0.0587772
-0.059362
-0.0599472
-0.0605395
-0.0611322
-0.0617322
-0.0623317
-0.0629392
-0.0635453
-0.0641594
-0.0647716
-0.0653907
-0.066007
-0.0666289
-0.0672457
-0.0678663
-0.0684779
-0.0690886
-0.0696845
-0.0702697
-0.0708286
-0.071359
-0.0718416
-0.0722564
-0.0108511
-0.0101872
-0.00651863
-0.00258789
0.000516536
0.00257455
0.00360352
0.00379054
0.00340443
0.00270116
0.00187733
0.00106299
0.000332144
-0.000281411
-0.000768631
-0.00113588
-0.00140112
-0.0015895
-0.00172755
-0.00183982
-0.00194589
-0.00206027
-0.00219234
-0.0023474
-0.00252738
-0.00273152
-0.00295731
-0.00320115
-0.00345964
-0.00372972
-0.00400906
-0.00429584
-0.00458887
-0.00488784
-0.0051928
-0.00550449
-0.00582348
-0.00615076
-0.00648716
-0.00683353
-0.0071904
-0.00755798
-0.00793637
-0.00832532
-0.00872437
-0.0091327
-0.00954912
-0.00997215
-0.0103995
-0.0108281
-0.0112544
-0.0116738
-0.0120814
-0.0124723
-0.0128415
-0.013185
-0.0134991
-0.0137813
-0.0140293
-0.0142434
-0.014425
-0.0145787
-0.0147108
-0.0148287
-0.0149402
-0.0150519
-0.0151692
-0.0152954
-0.0154329
-0.0155838
-0.0157486
-0.015928
-0.0161205
-0.0163252
-0.0165404
-0.0167651
-0.0169991
-0.0172427
-0.0174969
-0.0177614
-0.0180348
-0.0183144
-0.0185969
-0.0188809
-0.0191664
-0.0194546
-0.0197472
-0.0200461
-0.0203519
-0.0206622
-0.0209759
-0.021291
-0.0216055
-0.0219224
-0.0222413
-0.0225646
-0.0228948
-0.0232296
-0.0235682
-0.0239093
-0.0242488
-0.0245899
-0.0249328
-0.025281
-0.0256365
-0.0259965
-0.0263583
-0.0267205
-0.0270815
-0.0274463
-0.0278161
-0.0281909
-0.0285709
-0.0289502
-0.0293294
-0.0297156
-0.0301045
-0.030495
-0.0308885
-0.0312838
-0.0316819
-0.0320853
-0.0324892
-0.0328985
-0.033309
-0.0337156
-0.0341296
-0.0345586
-0.0349829
-0.0353989
-0.0358173
-0.036244
-0.0366842
-0.037133
-0.0375641
-0.0379871
-0.0384329
-0.0388927
-0.0393356
-0.0397774
-0.0402352
-0.0406995
-0.0411559
-0.0416159
-0.0420827
-0.0425532
-0.0430235
-0.0434981
-0.0439767
-0.044459
-0.0449418
-0.0454306
-0.0459217
-0.0464166
-0.0469123
-0.0474154
-0.0479201
-0.0484285
-0.0489385
-0.0494545
-0.0499723
-0.0504951
-0.0510203
-0.0515516
-0.0520835
-0.0526213
-0.0531604
-0.0537059
-0.0542528
-0.0548057
-0.0553606
-0.0559215
-0.0564839
-0.0570528
-0.0576226
-0.0581994
-0.058777
-0.0593614
-0.059947
-0.060539
-0.0611322
-0.0617318
-0.0623319
-0.0629388
-0.0635457
-0.0641592
-0.0647722
-0.0653907
-0.066008
-0.0666292
-0.0672473
-0.0678672
-0.0684805
-0.0690907
-0.0696892
-0.0702747
-0.0708384
-0.0713725
-0.0718649
-0.07229
-0.0112668
-0.0106169
-0.006868
-0.00277442
0.000496982
0.00268176
0.00377539
0.00395734
0.00352257
0.00276064
0.00188875
0.00104217
0.000292281
-0.000331292
-0.000822131
-0.00118861
-0.00145041
-0.00163412
-0.00176738
-0.0018753
-0.00197774
-0.00208908
-0.00221862
-0.00237156
-0.00254986
-0.0027528
-0.0029779
-0.00322156
-0.00348031
-0.00375095
-0.00403098
-0.00431841
-0.00461187
-0.00491093
-0.00521554
-0.0055264
-0.00584406
-0.00616949
-0.00650346
-0.00684679
-0.00719999
-0.00756323
-0.00793654
-0.00831961
-0.00871197
-0.00911273
-0.00952068
-0.00993433
-0.0103516
-0.0107697
-0.0111853
-0.0115943
-0.0119926
-0.0123756
-0.0127391
-0.0130795
-0.0133932
-0.0136775
-0.0139304
-0.0141515
-0.0143421
-0.0145057
-0.014648
-0.0147758
-0.0148964
-0.0150164
-0.015141
-0.0152739
-0.0154174
-0.0155732
-0.015742
-0.015924
-0.0161178
-0.0163226
-0.0165374
-0.0167615
-0.0169952
-0.0172391
-0.0174943
-0.0177601
-0.0180348
-0.0183149
-0.0185973
-0.0188803
-0.019164
-0.0194503
-0.0197417
-0.0200403
-0.0203473
-0.0206593
-0.0209744
-0.0212899
-0.0216035
-0.0219184
-0.0222357
-0.0225583
-0.0228893
-0.0232262
-0.0235663
-0.0239076
-0.0242461
-0.0245852
-0.0249271
-0.0252755
-0.0256324
-0.025994
-0.0263561
-0.0267173
-0.027077
-0.0274412
-0.0278115
-0.0281874
-0.028568
-0.0289474
-0.0293258
-0.029711
-0.0301
-0.0304911
-0.030885
-0.0312806
-0.0316783
-0.0320812
-0.0324851
-0.0328945
-0.0333056
-0.0337126
-0.0341261
-0.0345541
-0.0349785
-0.0353952
-0.0358145
-0.0362416
-0.0366808
-0.0371282
-0.0375601
-0.0379847
-0.0384302
-0.0388889
-0.0393323
-0.0397749
-0.0402326
-0.0406963
-0.0411531
-0.0416134
-0.0420802
-0.0425507
-0.0430211
-0.0434959
-0.0439746
-0.0444568
-0.0449399
-0.0454286
-0.0459199
-0.0464148
-0.0469108
-0.0474138
-0.0479185
-0.048427
-0.0489373
-0.0494532
-0.0499711
-0.0504938
-0.0510193
-0.0515503
-0.0520826
-0.0526202
-0.0531597
-0.0537049
-0.0542521
-0.0548049
-0.0553601
-0.0559207
-0.0564835
-0.0570521
-0.0576223
-0.0581987
-0.0587768
-0.0593608
-0.059947
-0.0605385
-0.0611322
-0.0617313
-0.0623321
-0.0629385
-0.0635461
-0.064159
-0.0647729
-0.0653907
-0.0660091
-0.0666296
-0.067249
-0.0678683
-0.0684833
-0.0690933
-0.0696941
-0.0702807
-0.0708488
-0.0713875
-0.0718884
-0.0723243
-0.011615
-0.0109706
-0.00716622
-0.00296515
0.000426875
0.00271093
0.00386973
0.00406886
0.00361121
0.00280761
0.00189314
0.00101267
0.000240072
-0.000396188
-0.000891489
-0.0012566
-0.00151372
-0.00169124
-0.00181813
-0.00192011
-0.00201743
-0.00212445
-0.00225045
-0.0024005
-0.00257655
-0.00277786
-0.0030019
-0.00324503
-0.00350368
-0.0037746
-0.00405506
-0.00434298
-0.00463675
-0.00493579
-0.00523994
-0.00554983
-0.00586597
-0.0061893
-0.00652055
-0.0068605
-0.00720967
-0.00756818
-0.00793603
-0.00831285
-0.00869815
-0.009091
-0.00949021
-0.00989431
-0.0103014
-0.010709
-0.011114
-0.0115129
-0.011902
-0.0122775
-0.0126354
-0.0129726
-0.0132856
-0.0135718
-0.0138291
-0.0140568
-0.0142559
-0.0144292
-0.0145816
-0.0147194
-0.0148493
-0.0149779
-0.0151102
-0.0152502
-0.0154
-0.0155613
-0.0157345
-0.0159193
-0.0161144
-0.0163193
-0.0165334
-0.016757
-0.0169905
-0.0172349
-0.0174912
-0.0177584
-0.0180345
-0.0183154
-0.0185976
-0.0188795
-0.0191613
-0.0194458
-0.0197359
-0.0200343
-0.0203424
-0.0206562
-0.0209727
-0.0212886
-0.0216012
-0.0219141
-0.0222297
-0.0225518
-0.0228837
-0.0232225
-0.0235642
-0.0239058
-0.0242431
-0.0245803
-0.024921
-0.0252697
-0.0256279
-0.0259911
-0.0263537
-0.0267141
-0.0270725
-0.0274357
-0.0278065
-0.0281835
-0.0285649
-0.0289444
-0.029322
-0.029706
-0.0300952
-0.030487
-0.0308814
-0.0312771
-0.0316745
-0.0320768
-0.0324806
-0.0328903
-0.0333019
-0.0337094
-0.0341224
-0.0345495
-0.034974
-0.0353914
-0.0358115
-0.0362389
-0.0366771
-0.0371232
-0.037556
-0.0379822
-0.0384273
-0.038885
-0.0393289
-0.0397723
-0.0402297
-0.040693
-0.0411501
-0.0416106
-0.0420776
-0.042548
-0.0430187
-0.0434934
-0.0439723
-0.0444545
-0.0449379
-0.0454265
-0.0459179
-0.0464129
-0.0469092
-0.047412
-0.0479169
-0.0484253
-0.0489359
-0.0494517
-0.04997
-0.0504925
-0.0510183
-0.0515491
-0.0520817
-0.0526191
-0.0531589
-0.0537039
-0.0542515
-0.054804
-0.0553596
-0.0559199
-0.0564831
-0.0570513
-0.057622
-0.058198
-0.0587766
-0.0593602
-0.0599469
-0.060538
-0.0611323
-0.0617309
-0.0623323
-0.0629382
-0.0635465
-0.0641589
-0.0647736
-0.0653909
-0.0660102
-0.0666303
-0.0672508
-0.0678699
-0.0684862
-0.0690966
-0.0696994
-0.0702878
-0.0708598
-0.0714036
-0.0719124
-0.072359
-0.0119254
-0.0112844
-0.00743786
-0.0031617
0.000313291
0.00267436
0.00389757
0.00413323
0.00367864
0.00285331
0.00190721
0.000996785
0.000200847
-0.000451127
-0.000954887
-0.00132237
-0.00157755
-0.00175044
-0.0018714
-0.00196719
-0.00205874
-0.0021607
-0.00228242
-0.00242896
-0.00260227
-0.00280162
-0.0030244
-0.0032669
-0.00352535
-0.00379646
-0.00407733
-0.00436573
-0.00465985
-0.00495893
-0.00526268
-0.00557161
-0.00588622
-0.00620736
-0.00653577
-0.00687218
-0.0072171
-0.0075706
-0.0079327
-0.00830296
-0.00868092
-0.00906561
-0.00945589
-0.00985035
-0.0102472
-0.0106444
-0.011039
-0.0114281
-0.0118083
-0.0121765
-0.012529
-0.0128629
-0.013175
-0.0134627
-0.013724
-0.0139581
-0.0141653
-0.0143479
-0.0145101
-0.0146578
-0.0147972
-0.0149347
-0.0150751
-0.0152225
-0.0153793
-0.0155467
-0.0157245
-0.0159124
-0.0161091
-0.0163142
-0.0165277
-0.0167506
-0.0169839
-0.0172289
-0.0174866
-0.0177555
-0.0180333
-0.0183152
-0.0185972
-0.018878
-0.0191579
-0.0194402
-0.0197292
-0.0200274
-0.0203368
-0.0206526
-0.0209705
-0.0212868
-0.0215983
-0.0219091
-0.0222231
-0.0225446
-0.0228774
-0.0232184
-0.0235617
-0.0239035
-0.0242397
-0.0245749
-0.0249144
-0.0252633
-0.025623
-0.0259878
-0.026351
-0.0267105
-0.0270676
-0.0274298
-0.027801
-0.0281792
-0.0285614
-0.0289411
-0.0293179
-0.0297007
-0.0300899
-0.0304826
-0.0308775
-0.0312732
-0.0316702
-0.0320721
-0.032476
-0.0328859
-0.0332979
-0.0337058
-0.0341183
-0.0345445
-0.0349692
-0.0353874
-0.0358082
-0.0362357
-0.0366731
-0.037118
-0.0375517
-0.0379793
-0.0384242
-0.0388808
-0.0393253
-0.0397693
-0.0402267
-0.0406896
-0.0411469
-0.0416077
-0.0420748
-0.0425451
-0.0430161
-0.0434908
-0.0439699
-0.0444521
-0.0449357
-0.0454242
-0.0459158
-0.0464108
-0.0469074
-0.04741
-0.0479152
-0.0484235
-0.0489345
-0.0494501
-0.0499687
-0.0504911
-0.0510172
-0.0515477
-0.0520807
-0.0526179
-0.053158
-0.0537029
-0.0542508
-0.0548031
-0.055359
-0.055919
-0.0564827
-0.0570505
-0.0576217
-0.0581973
-0.0587764
-0.0593597
-0.0599468
-0.0605375
-0.0611323
-0.0617305
-0.0623325
-0.062938
-0.0635469
-0.064159
-0.0647743
-0.0653913
-0.0660113
-0.0666313
-0.0672526
-0.0678718
-0.0684893
-0.0691005
-0.0697051
-0.0702959
-0.0708715
-0.0714207
-0.0719368
-0.0723941
-0.0122097
-0.0115698
-0.0076898
-0.00335878
0.000179269
0.00260362
0.00388634
0.00416502
0.00372798
0.00289672
0.00193118
0.000996468
0.000177462
-0.000493257
-0.00101019
-0.00138475
-0.00164167
-0.00181227
-0.00192852
-0.00201845
-0.002104
-0.00220033
-0.00231711
-0.00245946
-0.00262938
-0.00282625
-0.00304737
-0.003289
-0.00354707
-0.00381823
-0.00409936
-0.00438817
-0.0046826
-0.0049817
-0.00528504
-0.00559298
-0.005906
-0.00622484
-0.00655029
-0.00688297
-0.00722342
-0.00757165
-0.00792767
-0.00829106
-0.00866137
-0.00903766
-0.00941878
-0.00980349
-0.0101901
-0.0105769
-0.0109613
-0.0113408
-0.0117125
-0.0120735
-0.0124208
-0.0127513
-0.0130624
-0.0133516
-0.0136168
-0.0138569
-0.0140716
-0.0142631
-0.0144347
-0.0145922
-0.0147412
-0.0148878
-0.0150367
-0.015192
-0.0153561
-0.0155298
-0.0157129
-0.0159042
-0.0161026
-0.0163081
-0.0165211
-0.0167432
-0.0169762
-0.0172218
-0.0174811
-0.017752
-0.0180317
-0.0183148
-0.0185968
-0.0188764
-0.0191541
-0.0194342
-0.0197219
-0.0200202
-0.020331
-0.0206489
-0.0209683
-0.021285
-0.0215953
-0.0219039
-0.0222162
-0.0225372
-0.022871
-0.0232141
-0.0235591
-0.0239012
-0.0242362
-0.0245694
-0.0249076
-0.0252568
-0.0256178
-0.0259844
-0.0263482
-0.0267069
-0.0270625
-0.0274237
-0.0277952
-0.0281746
-0.0285577
-0.0289376
-0.0293137
-0.0296952
-0.0300843
-0.0304779
-0.0308734
-0.0312691
-0.0316658
-0.0320672
-0.0324713
-0.0328813
-0.0332936
-0.033702
-0.0341142
-0.0345393
-0.0349643
-0.0353833
-0.0358046
-0.0362323
-0.0366691
-0.0371128
-0.0375472
-0.0379763
-0.038421
-0.0388765
-0.0393215
-0.0397662
-0.0402235
-0.040686
-0.0411436
-0.0416046
-0.0420719
-0.0425422
-0.0430134
-0.0434882
-0.0439674
-0.0444496
-0.0449335
-0.0454219
-0.0459137
-0.0464087
-0.0469057
-0.047408
-0.0479135
-0.0484217
-0.048933
-0.0494485
-0.0499674
-0.0504896
-0.051016
-0.0515463
-0.0520796
-0.0526167
-0.0531572
-0.0537018
-0.0542501
-0.0548021
-0.0553584
-0.0559182
-0.0564822
-0.0570498
-0.0576213
-0.0581967
-0.0587761
-0.0593591
-0.0599466
-0.0605371
-0.0611323
-0.0617303
-0.0623327
-0.062938
-0.0635473
-0.0641592
-0.0647749
-0.065392
-0.0660124
-0.0666326
-0.0672545
-0.0678743
-0.0684927
-0.069105
-0.0697114
-0.0703048
-0.0708841
-0.0714387
-0.0719619
-0.0724293
-0.0124727
-0.0118329
-0.00792593
-0.00355226
3.6912e-05
0.00251436
0.00384955
0.00417067
0.0037578
0.00293093
0.00195537
0.00100272
0.000163397
-0.000526309
-0.00105892
-0.00144408
-0.00170604
-0.00187695
-0.00199015
-0.00207499
-0.00215455
-0.00224486
-0.00235605
-0.0024935
-0.0026593
-0.00285297
-0.00307186
-0.00331215
-0.00356953
-0.00384044
-0.00412159
-0.0044106
-0.00470521
-0.00500425
-0.0053071
-0.00561397
-0.00592532
-0.00624174
-0.00656407
-0.00689284
-0.00722861
-0.00757132
-0.00792099
-0.00827722
-0.00863957
-0.00900723
-0.00937901
-0.00975385
-0.0101302
-0.0105068
-0.0108812
-0.0112515
-0.011615
-0.0119691
-0.0123112
-0.0126386
-0.0129489
-0.0132394
-0.013508
-0.0137535
-0.0139751
-0.0141748
-0.0143554
-0.0145224
-0.014681
-0.0148368
-0.0149946
-0.0151581
-0.01533
-0.0155105
-0.015699
-0.0158942
-0.0160947
-0.0163008
-0.0165132
-0.0167344
-0.0169671
-0.0172133
-0.0174743
-0.0177476
-0.0180294
-0.0183139
-0.018596
-0.0188742
-0.0191497
-0.0194275
-0.019714
-0.0200125
-0.0203248
-0.0206449
-0.0209658
-0.0212827
-0.0215918
-0.021898
-0.0222086
-0.0225294
-0.0228643
-0.0232095
-0.0235562
-0.0238985
-0.0242323
-0.0245635
-0.0249004
-0.0252498
-0.0256123
-0.0259806
-0.026345
-0.0267029
-0.0270571
-0.0274172
-0.027789
-0.0281698
-0.0285538
-0.0289337
-0.0293092
-0.0296895
-0.0300784
-0.0304729
-0.030869
-0.0312647
-0.0316612
-0.0320622
-0.0324662
-0.0328762
-0.033289
-0.0336979
-0.0341098
-0.0345341
-0.0349592
-0.0353787
-0.0358006
-0.0362287
-0.0366648
-0.0371073
-0.0375424
-0.0379729
-0.0384175
-0.038872
-0.0393175
-0.0397629
-0.0402201
-0.0406821
-0.0411402
-0.0416013
-0.0420687
-0.042539
-0.0430105
-0.0434853
-0.0439647
-0.0444469
-0.0449311
-0.0454193
-0.0459115
-0.0464065
-0.0469038
-0.047406
-0.0479116
-0.0484198
-0.0489315
-0.0494468
-0.0499661
-0.0504881
-0.0510148
-0.0515449
-0.0520785
-0.0526154
-0.0531563
-0.0537008
-0.0542494
-0.0548012
-0.0553578
-0.0559174
-0.0564817
-0.0570491
-0.0576209
-0.0581962
-0.0587759
-0.0593587
-0.0599465
-0.0605368
-0.0611323
-0.0617302
-0.0623328
-0.0629382
-0.0635477
-0.0641597
-0.0647756
-0.0653929
-0.0660136
-0.0666342
-0.0672566
-0.0678772
-0.0684964
-0.0691102
-0.0697184
-0.0703146
-0.0708976
-0.0714576
-0.0719875
-0.0724646
-0.012716
-0.0120779
-0.00814842
-0.00373938
-0.000108204
0.00241362
0.00379392
0.00415403
0.0037674
0.00295127
0.00197218
0.00100745
0.000151991
-0.000554603
-0.00110289
-0.00150033
-0.00176985
-0.00194364
-0.00205575
-0.00213668
-0.00221063
-0.00229469
-0.00239968
-0.00253149
-0.00269237
-0.00288206
-0.00309798
-0.00333632
-0.00359258
-0.00386288
-0.00414378
-0.00443269
-0.00472729
-0.00502612
-0.0053284
-0.00563412
-0.00594368
-0.00625759
-0.00657663
-0.00690133
-0.0072322
-0.00756919
-0.00791226
-0.00826109
-0.00861523
-0.00897404
-0.00933636
-0.0097013
-0.0100675
-0.0104339
-0.0107988
-0.01116
-0.0115156
-0.0118632
-0.0122006
-0.0125251
-0.0128345
-0.0131261
-0.0133977
-0.0136478
-0.0138756
-0.0140828
-0.014272
-0.0144483
-0.0146163
-0.0147814
-0.0149483
-0.0151205
-0.0153005
-0.0154883
-0.0156826
-0.0158821
-0.0160849
-0.0162918
-0.0165036
-0.0167239
-0.0169562
-0.0172031
-0.0174662
-0.017742
-0.0180261
-0.0183122
-0.0185944
-0.0188713
-0.0191445
-0.0194199
-0.0197053
-0.0200043
-0.0203181
-0.0206406
-0.020963
-0.0212799
-0.0215877
-0.0218915
-0.0222005
-0.0225211
-0.0228572
-0.0232046
-0.0235531
-0.0238953
-0.0242279
-0.0245571
-0.0248927
-0.0252424
-0.0256065
-0.0259764
-0.0263415
-0.0266985
-0.0270514
-0.0274106
-0.0277826
-0.0281645
-0.0285494
-0.0289295
-0.0293044
-0.0296836
-0.0300723
-0.0304676
-0.0308644
-0.03126
-0.0316562
-0.0320568
-0.0324608
-0.032871
-0.033284
-0.0336935
-0.0341052
-0.0345285
-0.0349537
-0.0353739
-0.0357965
-0.0362247
-0.0366603
-0.0371017
-0.0375374
-0.0379692
-0.0384137
-0.0388673
-0.0393133
-0.0397593
-0.0402165
-0.0406782
-0.0411366
-0.0415978
-0.0420654
-0.0425357
-0.0430076
-0.0434822
-0.0439619
-0.0444441
-0.0449287
-0.0454168
-0.0459091
-0.0464042
-0.0469018
-0.0474038
-0.0479097
-0.0484178
-0.0489299
-0.0494451
-0.0499646
-0.0504866
-0.0510135
-0.0515436
-0.0520774
-0.0526142
-0.0531553
-0.0536998
-0.0542486
-0.0548004
-0.0553572
-0.0559167
-0.0564811
-0.0570485
-0.0576205
-0.0581957
-0.0587755
-0.0593584
-0.0599463
-0.0605366
-0.0611322
-0.0617302
-0.0623329
-0.0629385
-0.063548
-0.0641603
-0.0647763
-0.065394
-0.0660149
-0.0666361
-0.0672589
-0.0678804
-0.0685006
-0.069116
-0.0697262
-0.0703253
-0.070912
-0.0714773
-0.0720137
-0.0724998
-0.0129426
-0.0123054
-0.00835671
-0.00391798
-0.000252106
0.00230671
0.00372523
0.00411975
0.0037584
0.00295573
0.00197848
0.00100681
0.000139619
-0.00058077
-0.00114326
-0.00155327
-0.00183189
-0.00201038
-0.00212318
-0.00220159
-0.00227074
-0.00234883
-0.00244742
-0.0025731
-0.00272844
-0.00291345
-0.00312568
-0.00336139
-0.00361596
-0.00388522
-0.00416552
-0.00445401
-0.00474835
-0.00504678
-0.00534838
-0.00565285
-0.00596053
-0.00627185
-0.0065875
-0.00690799
-0.00723377
-0.00756487
-0.00790114
-0.00824236
-0.00858809
-0.00893791
-0.00929074
-0.00964579
-0.0100019
-0.0103584
-0.0107138
-0.0110664
-0.0114145
-0.011756
-0.0120889
-0.0124108
-0.0127192
-0.0130117
-0.0132858
-0.01354
-0.0137733
-0.0139874
-0.0141848
-0.0143697
-0.0145469
-0.0147212
-0.0148975
-0.0150788
-0.0152673
-0.0154627
-0.0156633
-0.0158674
-0.0160729
-0.0162807
-0.0164921
-0.0167114
-0.0169435
-0.0171914
-0.0174566
-0.0177352
-0.0180217
-0.0183095
-0.0185919
-0.0188674
-0.0191383
-0.0194114
-0.0196959
-0.0199955
-0.0203111
-0.0206358
-0.0209597
-0.0212763
-0.0215828
-0.0218844
-0.0221918
-0.0225125
-0.0228499
-0.0231995
-0.0235495
-0.0238916
-0.0242228
-0.0245503
-0.0248848
-0.0252348
-0.0256005
-0.0259719
-0.0263375
-0.0266936
-0.0270453
-0.0274037
-0.0277759
-0.0281588
-0.0285447
-0.0289249
-0.0292992
-0.0296775
-0.0300659
-0.0304619
-0.0308595
-0.0312551
-0.0316508
-0.0320511
-0.0324554
-0.0328655
-0.0332788
-0.0336887
-0.0341003
-0.0345226
-0.034948
-0.0353691
-0.0357921
-0.0362204
-0.0366556
-0.037096
-0.0375323
-0.0379653
-0.0384097
-0.0388625
-0.0393089
-0.0397555
-0.0402127
-0.0406741
-0.0411328
-0.0415941
-0.042062
-0.0425323
-0.0430044
-0.0434791
-0.043959
-0.0444412
-0.0449261
-0.0454141
-0.0459066
-0.0464018
-0.0468998
-0.0474016
-0.0479077
-0.0484158
-0.0489282
-0.0494433
-0.0499631
-0.0504851
-0.0510122
-0.0515422
-0.0520761
-0.0526131
-0.0531543
-0.0536988
-0.0542478
-0.0547996
-0.0553564
-0.055916
-0.0564805
-0.057048
-0.05762
-0.0581954
-0.0587751
-0.0593582
-0.059946
-0.0605366
-0.0611321
-0.0617304
-0.0623331
-0.0629389
-0.0635485
-0.0641611
-0.0647772
-0.0653953
-0.0660165
-0.0666383
-0.0672617
-0.0678841
-0.0685054
-0.0691225
-0.0697347
-0.0703369
-0.0709274
-0.0714978
-0.0720405
-0.0725349
-0.0131517
-0.0125155
-0.00855017
-0.00408645
-0.00039201
0.00219752
0.00364809
0.00407216
0.00373375
0.00294512
0.00197285
0.000998699
0.000123856
-0.000606978
-0.00118136
-0.00160304
-0.00189115
-0.00207567
-0.00219052
-0.00226774
-0.00233318
-0.00240598
-0.00249845
-0.00261789
-0.00276732
-0.0029471
-0.00315503
-0.00338737
-0.00363961
-0.00390728
-0.00418658
-0.0044743
-0.00476805
-0.00506586
-0.00536658
-0.00566974
-0.00597543
-0.00628409
-0.00659624
-0.00691242
-0.00723297
-0.00755803
-0.00788737
-0.00822086
-0.00855811
-0.00889882
-0.00924215
-0.00958738
-0.00993366
-0.0102803
-0.0106266
-0.010971
-0.0113121
-0.0116479
-0.0119766
-0.012296
-0.0126034
-0.0128966
-0.0131726
-0.0134304
-0.0136687
-0.0138891
-0.0140939
-0.0142869
-0.0144728
-0.0146563
-0.0148421
-0.0150329
-0.0152303
-0.0154337
-0.0156409
-0.0158499
-0.0160584
-0.016267
-0.0164784
-0.016697
-0.0169292
-0.0171783
-0.0174455
-0.0177271
-0.0180161
-0.0183055
-0.0185881
-0.0188622
-0.019131
-0.0194021
-0.0196858
-0.0199865
-0.0203038
-0.0206306
-0.0209557
-0.0212719
-0.0215769
-0.0218766
-0.0221826
-0.0225037
-0.0228426
-0.0231939
-0.0235453
-0.0238872
-0.024217
-0.0245431
-0.0248768
-0.0252272
-0.0255941
-0.0259668
-0.0263328
-0.0266884
-0.0270391
-0.0273968
-0.0277691
-0.0281527
-0.0285393
-0.0289199
-0.029294
-0.0296712
-0.0300593
-0.0304559
-0.0308543
-0.0312497
-0.031645
-0.0320452
-0.0324498
-0.0328598
-0.0332732
-0.0336836
-0.0340952
-0.0345167
-0.0349422
-0.035364
-0.0357874
-0.0362157
-0.0366507
-0.0370903
-0.037527
-0.0379611
-0.0384055
-0.0388576
-0.0393044
-0.0397515
-0.0402087
-0.0406699
-0.041129
-0.0415904
-0.0420585
-0.0425288
-0.0430012
-0.0434759
-0.043956
-0.0444383
-0.0449234
-0.0454114
-0.0459041
-0.0463994
-0.0468976
-0.0473994
-0.0479055
-0.0484138
-0.0489264
-0.0494416
-0.0499615
-0.0504837
-0.0510107
-0.0515409
-0.0520749
-0.052612
-0.0531532
-0.0536979
-0.0542469
-0.0547988
-0.0553557
-0.0559154
-0.0564799
-0.0570476
-0.0576195
-0.0581951
-0.0587748
-0.0593581
-0.0599458
-0.0605366
-0.0611321
-0.0617306
-0.0623333
-0.0629394
-0.0635491
-0.064162
-0.0647783
-0.0653968
-0.0660184
-0.0666408
-0.0672648
-0.0678883
-0.0685108
-0.0691297
-0.0697441
-0.0703494
-0.0709437
-0.0715191
-0.0720677
-0.0725698
-0.0133484
-0.0127104
-0.0087295
-0.00424434
-0.000526115
0.00208873
0.00356564
0.0040145
0.00369617
0.00292107
0.00195541
0.000981789
0.000102859
-0.000635308
-0.00121894
-0.00165062
-0.00194766
-0.00213866
-0.00225667
-0.00233383
-0.00239668
-0.00246506
-0.00255202
-0.00266539
-0.00280883
-0.00298296
-0.00318604
-0.0034144
-0.00366363
-0.00392911
-0.00420687
-0.00449346
-0.00478621
-0.00508311
-0.00538273
-0.00568444
-0.00598806
-0.00629398
-0.00660258
-0.00691438
-0.00722965
-0.00754856
-0.00787095
-0.00819664
-0.00852537
-0.00885693
-0.00919077
-0.0095263
-0.00986291
-0.0102002
-0.0105377
-0.0108743
-0.0112087
-0.0115393
-0.0118641
-0.0121811
-0.0124875
-0.012781
-0.0130589
-0.0133197
-0.0135625
-0.0137882
-0.0139995
-0.0141998
-0.0143941
-0.0145867
-0.0147821
-0.0149828
-0.0151894
-0.0154012
-0.0156151
-0.0158292
-0.0160408
-0.0162507
-0.0164622
-0.0166806
-0.0169132
-0.0171638
-0.0174332
-0.0177176
-0.0180092
-0.0183
-0.0185827
-0.0188553
-0.0191224
-0.0193921
-0.0196754
-0.0199773
-0.0202963
-0.0206248
-0.0209507
-0.0212662
-0.0215699
-0.0218682
-0.0221733
-0.0224949
-0.0228352
-0.0231879
-0.0235402
-0.0238819
-0.0242106
-0.0245357
-0.024869
-0.0252195
-0.0255873
-0.0259608
-0.0263272
-0.0266827
-0.0270328
-0.0273899
-0.0277622
-0.0281461
-0.0285332
-0.0289144
-0.0292886
-0.029665
-0.0300524
-0.0304494
-0.0308485
-0.0312441
-0.0316391
-0.0320392
-0.032444
-0.0328538
-0.0332672
-0.0336782
-0.03409
-0.0345106
-0.0349361
-0.0353585
-0.0357823
-0.0362107
-0.0366455
-0.0370844
-0.0375215
-0.0379566
-0.0384011
-0.0388525
-0.0392997
-0.0397473
-0.0402044
-0.0406655
-0.041125
-0.0415865
-0.0420547
-0.0425251
-0.0429978
-0.0434725
-0.0439528
-0.0444353
-0.0449205
-0.0454086
-0.0459014
-0.0463969
-0.0468953
-0.0473972
-0.0479033
-0.0484119
-0.0489245
-0.04944
-0.0499598
-0.0504823
-0.0510093
-0.0515396
-0.0520735
-0.0526109
-0.0531521
-0.053697
-0.054246
-0.0547982
-0.0553549
-0.0559149
-0.0564793
-0.0570472
-0.057619
-0.0581949
-0.0587745
-0.059358
-0.0599457
-0.0605367
-0.0611322
-0.061731
-0.0623337
-0.0629401
-0.0635499
-0.0641631
-0.0647797
-0.0653985
-0.0660205
-0.0666436
-0.0672684
-0.067893
-0.0685168
-0.0691377
-0.0697545
-0.0703629
-0.070961
-0.0715412
-0.0720953
-0.0726044
-0.0135273
-0.0128892
-0.00889511
-0.00439168
-0.000653549
0.00198218
0.00348082
0.00395018
0.00364904
0.00288626
0.00192776
0.000956399
7.58633e-05
-0.000666959
-0.00125734
-0.00169697
-0.00200174
-0.00219891
-0.00232065
-0.00239869
-0.00245996
-0.0025248
-0.00260701
-0.00271477
-0.00285235
-0.00302072
-0.00321856
-0.00344245
-0.00368802
-0.00395073
-0.00422634
-0.00451134
-0.00480269
-0.00509832
-0.00539656
-0.00569662
-0.00599811
-0.0063012
-0.00660625
-0.00691361
-0.00722363
-0.00753637
-0.00785179
-0.0081697
-0.00848992
-0.00881239
-0.00913678
-0.00946277
-0.00978996
-0.0101182
-0.0104472
-0.0107764
-0.0111047
-0.0114303
-0.0117516
-0.0120663
-0.0123718
-0.0126655
-0.0129449
-0.0132083
-0.0134547
-0.0136849
-0.0139016
-0.0141086
-0.0143108
-0.0145128
-0.0147179
-0.0149286
-0.0151446
-0.0153648
-0.0155858
-0.0158048
-0.0160196
-0.0162309
-0.0164429
-0.0166619
-0.0168953
-0.0171477
-0.0174197
-0.0177069
-0.0180008
-0.0182926
-0.018575
-0.0188462
-0.0191119
-0.0193811
-0.0196649
-0.0199682
-0.0202888
-0.0206182
-0.0209443
-0.0212589
-0.0215614
-0.0218591
-0.0221641
-0.0224863
-0.0228278
-0.0231811
-0.0235338
-0.0238754
-0.0242036
-0.0245281
-0.0248614
-0.025212
-0.02558
-0.0259538
-0.0263208
-0.0266767
-0.0270267
-0.0273832
-0.0277552
-0.0281388
-0.0285263
-0.0289082
-0.029283
-0.0296591
-0.0300456
-0.0304422
-0.030842
-0.0312383
-0.0316332
-0.032033
-0.0324378
-0.0328474
-0.0332608
-0.0336727
-0.0340846
-0.0345043
-0.0349297
-0.0353529
-0.0357772
-0.0362055
-0.03664
-0.0370785
-0.0375159
-0.0379518
-0.0383964
-0.0388473
-0.0392949
-0.0397429
-0.0402
-0.0406611
-0.0411209
-0.0415825
-0.0420507
-0.0425214
-0.0429943
-0.0434691
-0.0439495
-0.0444322
-0.0449176
-0.0454058
-0.0458986
-0.0463945
-0.046893
-0.047395
-0.0479011
-0.0484099
-0.0489226
-0.0494383
-0.0499581
-0.0504809
-0.0510078
-0.0515384
-0.0520723
-0.0526099
-0.0531511
-0.0536962
-0.0542452
-0.0547976
-0.0553543
-0.0559145
-0.0564788
-0.0570469
-0.0576187
-0.0581947
-0.0587744
-0.059358
-0.0599458
-0.0605369
-0.0611325
-0.0617314
-0.0623343
-0.0629408
-0.0635509
-0.0641643
-0.0647813
-0.0654005
-0.0660231
-0.0666469
-0.0672726
-0.0678984
-0.0685236
-0.0691465
-0.0697657
-0.0703773
-0.0709791
-0.071564
-0.0721233
-0.0726389
-0.0136924
-0.0130529
-0.00904717
-0.00452835
-0.000773518
0.00187957
0.00339608
0.00388225
0.00359543
0.0028434
0.00189181
0.000923613
4.30242e-05
-0.000702415
-0.0012975
-0.00174306
-0.00205409
-0.0022566
-0.00238202
-0.00246148
-0.002522
-0.00258417
-0.00266232
-0.00276511
-0.00289714
-0.00305987
-0.00325226
-0.00347133
-0.00371274
-0.00397209
-0.00424497
-0.00452781
-0.00481734
-0.00511127
-0.00540784
-0.00570599
-0.00600523
-0.00630541
-0.00660688
-0.00690985
-0.00721464
-0.00752129
-0.00782975
-0.00813996
-0.00845176
-0.00876525
-0.00908032
-0.00939696
-0.00971502
-0.0100345
-0.0103555
-0.0106777
-0.0110001
-0.0113212
-0.0116393
-0.011952
-0.0122567
-0.0125506
-0.0128311
-0.0130963
-0.0133454
-0.0135792
-0.0138006
-0.0140139
-0.0142238
-0.0144347
-0.0146495
-0.0148701
-0.0150957
-0.0153244
-0.0155524
-0.0157763
-0.0159943
-0.0162073
-0.0164203
-0.0166404
-0.0168756
-0.0171305
-0.0174054
-0.0176951
-0.0179908
-0.0182828
-0.0185644
-0.0188345
-0.0190996
-0.0193693
-0.0196544
-0.0199593
-0.0202812
-0.0206108
-0.0209363
-0.0212498
-0.0215516
-0.0218494
-0.0221551
-0.0224782
-0.0228203
-0.0231737
-0.023526
-0.0238674
-0.0241957
-0.0245204
-0.0248542
-0.0252049
-0.0255723
-0.0259459
-0.0263131
-0.0266697
-0.0270205
-0.0273768
-0.0277482
-0.0281313
-0.0285185
-0.0289011
-0.0292771
-0.0296534
-0.030039
-0.0304345
-0.0308348
-0.0312321
-0.0316272
-0.0320266
-0.0324314
-0.0328407
-0.0332542
-0.0336669
-0.034079
-0.0344978
-0.0349231
-0.0353471
-0.0357718
-0.0362
-0.0366343
-0.0370725
-0.0375102
-0.0379468
-0.0383915
-0.0388421
-0.03929
-0.0397384
-0.0401953
-0.0406566
-0.0411167
-0.0415783
-0.0420465
-0.0425176
-0.0429907
-0.0434656
-0.043946
-0.0444291
-0.0449146
-0.045403
-0.0458958
-0.046392
-0.0468906
-0.0473927
-0.0478988
-0.048408
-0.0489207
-0.0494367
-0.0499565
-0.0504795
-0.0510064
-0.0515372
-0.0520711
-0.0526088
-0.0531501
-0.0536954
-0.0542444
-0.054797
-0.0553537
-0.0559141
-0.0564784
-0.0570466
-0.0576185
-0.0581946
-0.0587744
-0.0593581
-0.059946
-0.0605372
-0.0611329
-0.061732
-0.0623351
-0.0629418
-0.0635521
-0.0641659
-0.0647832
-0.0654029
-0.066026
-0.0666506
-0.0672772
-0.0679044
-0.0685312
-0.0691562
-0.0697779
-0.0703927
-0.0709982
-0.0715874
-0.0721517
-0.0726729
-0.0138404
-0.0132007
-0.00918555
-0.00465389
-0.00088513
0.00178237
0.00331352
0.0038133
0.00353807
0.00279504
0.0018496
0.000884834
5.09782e-06
-0.000741571
-0.0013397
-0.00178954
-0.00210532
-0.00231215
-0.00244075
-0.00252175
-0.00258196
-0.00264219
-0.00271695
-0.00281541
-0.00294237
-0.00309971
-0.00328667
-0.00350069
-0.00373762
-0.00399311
-0.00426277
-0.00454285
-0.00483009
-0.0051219
-0.00541644
-0.0057124
-0.00600916
-0.00630639
-0.00660422
-0.00690286
-0.00720247
-0.00750314
-0.00780476
-0.00810737
-0.00841091
-0.00871559
-0.00902157
-0.00932905
-0.00963824
-0.00994934
-0.0102627
-0.0105782
-0.0108952
-0.0112122
-0.0115274
-0.0118385
-0.0121425
-0.0124364
-0.0127175
-0.0129839
-0.0132349
-0.0134717
-0.0136973
-0.0139163
-0.0141335
-0.0143529
-0.0145772
-0.0148075
-0.0150427
-0.0152799
-0.0155147
-0.0157434
-0.0159642
-0.0161791
-0.0163937
-0.016616
-0.016854
-0.0171121
-0.0173902
-0.0176822
-0.0179786
-0.01827
-0.0185505
-0.0188199
-0.0190853
-0.0193566
-0.019644
-0.0199507
-0.0202736
-0.0206026
-0.0209266
-0.0212388
-0.02154
-0.0218387
-0.0221461
-0.0224704
-0.022813
-0.0231658
-0.0235169
-0.0238578
-0.0241868
-0.0245126
-0.0248475
-0.0251982
-0.0255644
-0.025937
-0.0263041
-0.0266616
-0.0270141
-0.027371
-0.0277416
-0.0281236
-0.0285098
-0.0288928
-0.0292707
-0.029648
-0.0300328
-0.0304269
-0.0308267
-0.0312251
-0.0316212
-0.0320204
-0.032425
-0.0328338
-0.0332471
-0.0336605
-0.0340733
-0.0344914
-0.0349164
-0.0353411
-0.0357661
-0.0361943
-0.0366285
-0.0370664
-0.0375043
-0.0379417
-0.0383864
-0.0388368
-0.039285
-0.0397337
-0.0401905
-0.0406521
-0.0411125
-0.0415742
-0.0420423
-0.0425139
-0.0429871
-0.0434621
-0.0439425
-0.0444261
-0.0449116
-0.0454001
-0.045893
-0.0463896
-0.0468882
-0.0473906
-0.0478966
-0.0484061
-0.0489189
-0.0494351
-0.0499549
-0.0504781
-0.0510051
-0.051536
-0.0520701
-0.0526079
-0.0531494
-0.0536947
-0.0542439
-0.0547965
-0.0553533
-0.0559137
-0.0564782
-0.0570464
-0.0576185
-0.0581946
-0.0587746
-0.0593583
-0.0599463
-0.0605377
-0.0611335
-0.0617327
-0.062336
-0.062943
-0.0635535
-0.0641677
-0.0647853
-0.0654057
-0.0660294
-0.0666549
-0.0672825
-0.0679111
-0.0685396
-0.0691667
-0.069791
-0.070409
-0.0710182
-0.0716115
-0.0721803
-0.0727068
-0.0139731
-0.0133326
-0.00930902
-0.00476661
-0.000986534
0.00169262
0.00323548
0.0037461
0.00347998
0.00274412
0.00180377
0.00084214
-3.63745e-05
-0.000783516
-0.00138355
-0.00183638
-0.0021556
-0.00236573
-0.00249681
-0.00257915
-0.00263923
-0.00269794
-0.00276992
-0.00286459
-0.002987
-0.00313925
-0.00332097
-0.00352987
-0.00376215
-0.00401344
-0.00427944
-0.00455629
-0.00484072
-0.00513001
-0.00542212
-0.00571562
-0.00600967
-0.00630384
-0.00659802
-0.00689237
-0.00718692
-0.00748176
-0.00777674
-0.00807195
-0.00836746
-0.00866357
-0.00896068
-0.00925925
-0.00955982
-0.00986285
-0.0101689
-0.0104781
-0.0107901
-0.0111034
-0.0114161
-0.0117257
-0.0120289
-0.0123227
-0.0126041
-0.0128713
-0.0131238
-0.013363
-0.0135922
-0.0138162
-0.0140401
-0.0142677
-0.0145013
-0.0147414
-0.014986
-0.0152315
-0.0154726
-0.0157055
-0.0159289
-0.0161457
-0.0163628
-0.0165884
-0.0168303
-0.0170926
-0.0173741
-0.017668
-0.0179647
-0.0182548
-0.0185336
-0.0188023
-0.0190687
-0.0193426
-0.0196331
-0.0199422
-0.0202657
-0.0205935
-0.0209153
-0.0212256
-0.0215266
-0.0218268
-0.0221369
-0.0224631
-0.0228059
-0.0231574
-0.0235065
-0.0238465
-0.0241766
-0.0245044
-0.0248411
-0.0251921
-0.0255566
-0.0259272
-0.0262937
-0.0266524
-0.0270073
-0.0273657
-0.0277356
-0.0281158
-0.0285004
-0.0288834
-0.0292634
-0.0296426
-0.0300273
-0.0304195
-0.0308178
-0.031217
-0.0316148
-0.0320145
-0.0324187
-0.0328268
-0.0332393
-0.0336536
-0.0340676
-0.0344852
-0.0349094
-0.0353347
-0.0357602
-0.0361884
-0.0366226
-0.0370604
-0.0374983
-0.0379363
-0.0383811
-0.0388315
-0.0392799
-0.0397288
-0.0401855
-0.0406475
-0.0411083
-0.0415699
-0.0420378
-0.0425101
-0.0429835
-0.0434585
-0.0439389
-0.044423
-0.0449086
-0.0453972
-0.0458901
-0.0463872
-0.0468859
-0.0473884
-0.0478945
-0.0484042
-0.0489171
-0.0494335
-0.0499535
-0.0504768
-0.051004
-0.0515349
-0.0520692
-0.052607
-0.0531487
-0.0536941
-0.0542434
-0.0547961
-0.0553531
-0.0559136
-0.0564782
-0.0570465
-0.0576187
-0.0581949
-0.058775
-0.0593588
-0.0599469
-0.0605384
-0.0611344
-0.0617338
-0.0623373
-0.0629445
-0.0635554
-0.0641699
-0.064788
-0.0654089
-0.0660333
-0.0666598
-0.0672885
-0.0679185
-0.0685489
-0.0691783
-0.0698051
-0.0704262
-0.071039
-0.0716363
-0.0722092
-0.0727403
-0.0140882
-0.0134466
-0.00941568
-0.00486439
-0.00107539
0.00161277
0.00316461
0.00368349
0.00342428
0.00269377
0.00175726
0.000798036
-7.9382e-05
-0.000826703
-0.00142797
-0.0018829
-0.0022046
-0.00241715
-0.00255008
-0.00263337
-0.0026933
-0.00275068
-0.0028203
-0.00291165
-0.00303001
-0.00317758
-0.00335433
-0.00355823
-0.00378578
-0.00403271
-0.00429473
-0.00456799
-0.00484916
-0.00513552
-0.00542483
-0.00571558
-0.0060067
-0.00629768
-0.00658823
-0.00687832
-0.00716797
-0.00745715
-0.00774576
-0.00803383
-0.00832155
-0.00860937
-0.0088979
-0.00918789
-0.00948014
-0.00977545
-0.0100746
-0.0103779
-0.0106851
-0.0109949
-0.0113053
-0.0116134
-0.0119159
-0.0122094
-0.0124908
-0.0127585
-0.013012
-0.0132531
-0.0134852
-0.0137137
-0.0139437
-0.0141795
-0.0144227
-0.0146728
-0.0149267
-0.0151797
-0.0154262
-0.0156627
-0.0158886
-0.0161078
-0.016328
-0.0165577
-0.0168045
-0.0170717
-0.0173569
-0.0176525
-0.0179486
-0.0182367
-0.0185135
-0.0187816
-0.0190497
-0.0193271
-0.0196214
-0.0199333
-0.0202572
-0.0205833
-0.0209023
-0.0212105
-0.0215117
-0.0218141
-0.0221274
-0.0224561
-0.0227989
-0.0231485
-0.0234951
-0.0238337
-0.0241651
-0.0244957
-0.0248347
-0.0251864
-0.025549
-0.0259168
-0.0262822
-0.0266421
-0.0269999
-0.0273607
-0.0277301
-0.0281078
-0.0284904
-0.0288732
-0.0292554
-0.0296371
-0.0300222
-0.0304125
-0.0308087
-0.0312082
-0.031608
-0.0320089
-0.0324127
-0.0328197
-0.0332313
-0.0336464
-0.0340618
-0.0344793
-0.0349025
-0.0353279
-0.0357541
-0.0361826
-0.0366166
-0.0370545
-0.0374924
-0.0379308
-0.0383757
-0.0388263
-0.0392749
-0.0397239
-0.0401804
-0.040643
-0.0411042
-0.0415657
-0.0420334
-0.0425063
-0.0429801
-0.043455
-0.0439353
-0.04442
-0.0449059
-0.0453944
-0.0458874
-0.0463848
-0.0468837
-0.0473862
-0.0478925
-0.0484024
-0.0489156
-0.049432
-0.0499522
-0.0504755
-0.0510029
-0.0515339
-0.0520684
-0.0526063
-0.0531481
-0.0536937
-0.0542431
-0.0547959
-0.0553529
-0.0559135
-0.0564782
-0.0570465
-0.0576189
-0.0581951
-0.0587753
-0.0593593
-0.0599475
-0.0605393
-0.0611353
-0.061735
-0.0623387
-0.0629462
-0.0635573
-0.0641723
-0.0647909
-0.0654125
-0.0660377
-0.0666652
-0.0672951
-0.0679267
-0.068559
-0.0691906
-0.0698202
-0.0704442
-0.0710603
-0.0716615
-0.0722382
-0.0727733
-0.0141845
-0.0135409
-0.00950345
-0.00494506
-0.00114936
0.00154534
0.00310361
0.00362833
0.00337392
0.00264697
0.00171291
0.000755126
-0.000121707
-0.000869268
-0.00147152
-0.00192799
-0.00225152
-0.00246579
-0.00260005
-0.00268394
-0.00274362
-0.00279979
-0.0028673
-0.00295573
-0.00307046
-0.00321384
-0.00338598
-0.00358513
-0.00380799
-0.00405051
-0.00430839
-0.00457781
-0.00485541
-0.00513845
-0.00542466
-0.00571236
-0.00600039
-0.00628804
-0.0065749
-0.00686082
-0.0071457
-0.00742945
-0.00771194
-0.00799319
-0.00827345
-0.00855333
-0.00883366
-0.00911547
-0.00939987
-0.00968794
-0.00998061
-0.0102785
-0.0105813
-0.0108878
-0.0111958
-0.0115022
-0.0118035
-0.0120962
-0.012377
-0.0126443
-0.012898
-0.0131403
-0.0133751
-0.0136079
-0.0138443
-0.0140885
-0.0143415
-0.0146014
-0.0148639
-0.0151234
-0.0153745
-0.015614
-0.0158424
-0.0160645
-0.0162887
-0.0165237
-0.0167764
-0.017049
-0.0173379
-0.0176347
-0.0179296
-0.0182152
-0.0184899
-0.0187579
-0.0190285
-0.0193101
-0.0196088
-0.0199235
-0.0202477
-0.0205716
-0.0208876
-0.0211937
-0.0214953
-0.0218006
-0.0221176
-0.0224488
-0.0227914
-0.0231386
-0.0234823
-0.0238194
-0.0241523
-0.0244864
-0.0248285
-0.0251809
-0.0255414
-0.0259058
-0.0262697
-0.0266308
-0.0269918
-0.0273555
-0.0277248
-0.0281
-0.0284801
-0.0288626
-0.0292467
-0.0296312
-0.030017
-0.0304057
-0.0307997
-0.0311987
-0.0316003
-0.032003
-0.0324067
-0.0328128
-0.0332234
-0.0336388
-0.0340556
-0.0344735
-0.0348957
-0.0353212
-0.0357479
-0.0361767
-0.0366107
-0.0370486
-0.0374865
-0.0379252
-0.0383703
-0.0388212
-0.0392701
-0.0397191
-0.0401753
-0.0406385
-0.0411004
-0.0415615
-0.042029
-0.0425027
-0.0429769
-0.0434515
-0.043932
-0.0444172
-0.0449034
-0.0453917
-0.045885
-0.0463826
-0.0468819
-0.0473844
-0.0478909
-0.0484008
-0.0489143
-0.0494308
-0.0499513
-0.0504747
-0.0510023
-0.0515334
-0.052068
-0.0526061
-0.053148
-0.0536937
-0.0542432
-0.0547961
-0.0553533
-0.055914
-0.0564788
-0.0570473
-0.0576198
-0.0581962
-0.0587764
-0.0593606
-0.0599488
-0.0605408
-0.061137
-0.0617369
-0.0623408
-0.0629487
-0.0635602
-0.0641756
-0.0647947
-0.065417
-0.066043
-0.0666715
-0.0673027
-0.067936
-0.0685701
-0.0692041
-0.0698363
-0.0704638
-0.0710827
-0.0716872
-0.0722675
-0.0728063
-0.0142572
-0.0136125
-0.00957
-0.00500641
-0.00120605
0.00149302
0.00305541
0.00358368
0.00333197
0.00260681
0.00167376
0.000716354
-0.000160634
-0.000908806
-0.00151211
-0.00196994
-0.00229488
-0.00251037
-0.00264547
-0.00272964
-0.00278891
-0.00284397
-0.00290963
-0.00299554
-0.00310712
-0.00324683
-0.00341486
-0.00360964
-0.00382806
-0.00406625
-0.00432001
-0.0045855
-0.00485938
-0.00513891
-0.00542182
-0.00570633
-0.00599115
-0.00627543
-0.00655863
-0.00684051
-0.00712085
-0.00739949
-0.00767624
-0.00795112
-0.00822444
-0.0084969
-0.0087696
-0.00904384
-0.00932105
-0.00960258
-0.00988959
-0.0101827
-0.0104818
-0.0107855
-0.0110912
-0.0113957
-0.0116951
-0.0119857
-0.0122644
-0.0125298
-0.0127825
-0.0130252
-0.0132624
-0.0134999
-0.0137433
-0.0139962
-0.0142587
-0.0145278
-0.0147977
-0.0150625
-0.015317
-0.015559
-0.0157901
-0.016016
-0.0162453
-0.0164868
-0.0167464
-0.0170247
-0.0173169
-0.017614
-0.017907
-0.0181897
-0.0184628
-0.0187316
-0.0190055
-0.0192922
-0.0195955
-0.0199127
-0.0202365
-0.0205577
-0.0208707
-0.0211752
-0.0214779
-0.0217866
-0.0221075
-0.0224411
-0.0227832
-0.0231275
-0.0234683
-0.0238043
-0.0241388
-0.0244769
-0.0248221
-0.0251752
-0.0255335
-0.0258943
-0.0262562
-0.0266187
-0.0269831
-0.0273499
-0.0277196
-0.0280922
-0.0284696
-0.0288514
-0.0292371
-0.0296242
-0.0300115
-0.0303992
-0.0307909
-0.031189
-0.0315917
-0.0319964
-0.0324009
-0.0328062
-0.0332154
-0.0336304
-0.0340483
-0.0344676
-0.0348893
-0.0353141
-0.0357411
-0.0361704
-0.0366045
-0.0370424
-0.0374803
-0.0379193
-0.0383646
-0.0388158
-0.0392651
-0.0397139
-0.0401699
-0.0406337
-0.0410963
-0.0415571
-0.0420243
-0.0424987
-0.0429736
-0.0434478
-0.0439283
-0.0444141
-0.0449006
-0.0453887
-0.0458823
-0.0463802
-0.0468798
-0.0473823
-0.047889
-0.0483991
-0.0489127
-0.0494294
-0.0499501
-0.0504736
-0.0510012
-0.0515326
-0.0520673
-0.0526055
-0.0531474
-0.0536934
-0.054243
-0.0547961
-0.0553533
-0.0559141
-0.056479
-0.0570476
-0.0576201
-0.0581966
-0.0587769
-0.0593613
-0.0599497
-0.0605419
-0.0611383
-0.0617384
-0.0623426
-0.0629508
-0.0635627
-0.0641787
-0.0647984
-0.0654215
-0.0660484
-0.0666781
-0.0673109
-0.0679458
-0.0685819
-0.0692183
-0.0698531
-0.0704833
-0.0711054
-0.0717133
-0.0722967
-0.0728386
-0.0143054
-0.0136596
-0.00961315
-0.00504577
-0.00124237
0.00145927
0.00302376
0.00355345
0.00330254
0.00257765
0.00164443
0.000686562
-0.000191168
-0.000940318
-0.00154481
-0.00200394
-0.00233012
-0.00254656
-0.00268215
-0.00276627
-0.00282486
-0.0028786
-0.00294229
-0.00302563
-0.00313412
-0.0032703
-0.00343451
-0.00362526
-0.00383959
-0.00407372
-0.00432356
-0.00458527
-0.00485551
-0.00513154
-0.00541111
-0.00569242
-0.00597402
-0.00625494
-0.00653447
-0.00681223
-0.00708795
-0.00736149
-0.00763275
-0.00790173
-0.00816883
-0.00843486
-0.00870113
-0.00896923
-0.00924088
-0.00951769
-0.00980091
-0.0100912
-0.0103882
-0.0106904
-0.0109948
-0.0112978
-0.0115951
-0.0118832
-0.0121589
-0.0124214
-0.0126718
-0.0129138
-0.0131527
-0.0133946
-0.0136446
-0.0139056
-0.0141766
-0.0144533
-0.0147291
-0.0149976
-0.0152544
-0.0154984
-0.0157326
-0.0159632
-0.0161992
-0.0164483
-0.0167153
-0.0169991
-0.0172937
-0.0175902
-0.0178809
-0.0181611
-0.0184335
-0.0187042
-0.0189823
-0.0192742
-0.0195819
-0.0199009
-0.0202236
-0.0205421
-0.0208526
-0.0211565
-0.0214609
-0.0217733
-0.0220978
-0.0224333
-0.0227746
-0.0231161
-0.0234541
-0.0237893
-0.0241257
-0.0244676
-0.0248161
-0.0251698
-0.0255261
-0.0258837
-0.0262436
-0.0266072
-0.0269747
-0.0273445
-0.027715
-0.0280857
-0.0284603
-0.0288413
-0.0292281
-0.0296176
-0.0300067
-0.0303942
-0.0307839
-0.0311805
-0.0315836
-0.0319902
-0.0323961
-0.0328012
-0.0332088
-0.0336228
-0.0340419
-0.0344628
-0.0348845
-0.0353083
-0.0357351
-0.0361652
-0.0365998
-0.0370376
-0.0374754
-0.0379145
-0.0383602
-0.0388117
-0.0392613
-0.03971
-0.0401658
-0.0406302
-0.0410937
-0.0415541
-0.042021
-0.0424961
-0.0429717
-0.0434455
-0.043926
-0.0444124
-0.0448994
-0.0453872
-0.0458809
-0.0463792
-0.0468791
-0.0473816
-0.0478884
-0.0483988
-0.0489126
-0.0494296
-0.0499504
-0.0504741
-0.0510018
-0.0515334
-0.0520682
-0.0526066
-0.0531486
-0.0536947
-0.0542445
-0.0547976
-0.055355
-0.0559159
-0.0564809
-0.0570496
-0.0576222
-0.058199
-0.0587794
-0.0593639
-0.0599524
-0.0605446
-0.0611413
-0.0617415
-0.062346
-0.0629546
-0.0635669
-0.0641834
-0.0648037
-0.0654275
-0.0660554
-0.0666863
-0.0673204
-0.067957
-0.0685952
-0.0692338
-0.0698712
-0.0705042
-0.0711291
-0.07174
-0.0723262
-0.072871
-0.0143387
-0.0136966
-0.00965077
-0.00508295
-0.001279
0.00142322
0.00298825
0.00351814
0.00326684
0.00254104
0.00160655
0.000647189
-0.000232107
-0.000982833
-0.00158885
-0.00204935
-0.00237654
-0.00259338
-0.00272858
-0.00281152
-0.00286824
-0.00291954
-0.00298037
-0.0030605
-0.00316545
-0.00329766
-0.0034574
-0.00364326
-0.00385243
-0.00408132
-0.00432597
-0.00458265
-0.00484805
-0.00511947
-0.00539465
-0.00567179
-0.00594934
-0.00622617
-0.00650143
-0.00677456
-0.00704518
-0.00731299
-0.00757784
-0.00783981
-0.0080994
-0.00835771
-0.00861642
-0.00887758
-0.00914316
-0.00941499
-0.0096944
-0.00998201
-0.0102774
-0.0105787
-0.0108829
-0.0111859
-0.0114827
-0.0117694
-0.0120431
-0.0123037
-0.0125533
-0.0127965
-0.013039
-0.0132869
-0.0135446
-0.0138137
-0.0140922
-0.0143748
-0.0146545
-0.0149251
-0.0151832
-0.0154291
-0.0156671
-0.0159042
-0.0161481
-0.0164058
-0.0166799
-0.0169682
-0.0172642
-0.0175596
-0.017848
-0.0181268
-0.0183996
-0.0186733
-0.0189562
-0.019253
-0.0195641
-0.019884
-0.0202053
-0.0205214
-0.0208303
-0.0211346
-0.0214414
-0.0217572
-0.022085
-0.0224218
-0.0227621
-0.023101
-0.0234368
-0.0237718
-0.0241102
-0.0244555
-0.0248069
-0.0251611
-0.0255157
-0.0258707
-0.0262289
-0.0265932
-0.0269632
-0.0273356
-0.0277073
-0.0280771
-0.0284494
-0.028829
-0.0292164
-0.0296078
-0.0299987
-0.0303866
-0.030775
-0.03117
-0.031573
-0.0319809
-0.0323885
-0.032794
-0.0332005
-0.0336135
-0.0340328
-0.0344552
-0.0348776
-0.0353006
-0.035727
-0.0361577
-0.0365929
-0.0370306
-0.0374685
-0.0379077
-0.0383537
-0.0388056
-0.0392556
-0.039704
-0.0401597
-0.0406248
-0.041089
-0.0415491
-0.0420157
-0.0424915
-0.0429679
-0.0434414
-0.0439217
-0.0444088
-0.0448962
-0.045384
-0.0458777
-0.0463765
-0.0468766
-0.0473794
-0.0478862
-0.0483969
-0.0489108
-0.0494281
-0.0499489
-0.0504727
-0.0510006
-0.0515324
-0.0520674
-0.0526059
-0.053148
-0.0536943
-0.0542442
-0.0547975
-0.0553549
-0.055916
-0.0564812
-0.0570501
-0.0576227
-0.0581995
-0.0587801
-0.0593647
-0.0599536
-0.060546
-0.061143
-0.0617435
-0.0623484
-0.0629574
-0.0635702
-0.0641872
-0.0648083
-0.065433
-0.0660621
-0.0666943
-0.0673299
-0.0679684
-0.0686086
-0.0692495
-0.0698895
-0.0705251
-0.0711528
-0.0717661
-0.0723551
-0.0729025
-0.0142721
-0.0136366
-0.00959648
-0.00503426
-0.00123583
0.00146104
0.00302094
0.00354561
0.00328882
0.00255721
0.00161659
0.00065068
-0.000235426
-0.000992918
-0.0016054
-0.00207182
-0.00240419
-0.00262542
-0.00276418
-0.00284975
-0.00290814
-0.00296014
-0.00302077
-0.00309989
-0.00320315
-0.00333315
-0.00349029
-0.0036733
-0.00387945
-0.00410529
-0.00434691
-0.00460061
-0.00486306
-0.00513152
-0.00540373
-0.00567786
-0.00595238
-0.00622603
-0.00649783
-0.00676706
-0.00703318
-0.00729586
-0.00755488
-0.00781032
-0.00806272
-0.00831326
-0.00856382
-0.00881684
-0.00907503
-0.00934079
-0.00961569
-0.00990018
-0.0101933
-0.0104928
-0.0107948
-0.0110946
-0.0113874
-0.0116695
-0.0119389
-0.012196
-0.0124442
-0.0126886
-0.0129353
-0.0131897
-0.013455
-0.0137314
-0.0140156
-0.0143017
-0.0145829
-0.0148539
-0.0151127
-0.0153612
-0.0156042
-0.0158487
-0.0161015
-0.0163674
-0.0166478
-0.0169393
-0.0172358
-0.0175299
-0.0178167
-0.0180952
-0.0183698
-0.0186473
-0.0189351
-0.0192362
-0.0195498
-0.0198699
-0.0201896
-0.0205037
-0.020812
-0.0211177
-0.0214273
-0.0217464
-0.0220767
-0.0224144
-0.0227535
-0.0230903
-0.0234244
-0.0237596
-0.0241
-0.0244481
-0.0248018
-0.0251568
-0.02551
-0.0258632
-0.0262202
-0.0265846
-0.0269564
-0.0273309
-0.0277038
-0.0280735
-0.0284443
-0.0288224
-0.0292099
-0.0296025
-0.029995
-0.0303839
-0.0307717
-0.0311654
-0.0315676
-0.031976
-0.032385
-0.0327917
-0.0331978
-0.0336095
-0.0340285
-0.0344516
-0.0348751
-0.0352981
-0.035724
-0.0361549
-0.0365906
-0.0370282
-0.037466
-0.0379055
-0.0383517
-0.0388039
-0.0392544
-0.0397025
-0.0401579
-0.0406238
-0.0410888
-0.0415485
-0.0420147
-0.0424912
-0.0429682
-0.0434415
-0.0439216
-0.0444094
-0.0448972
-0.045385
-0.0458785
-0.0463778
-0.0468782
-0.0473811
-0.0478879
-0.0483988
-0.0489129
-0.0494304
-0.0499515
-0.0504754
-0.0510034
-0.0515353
-0.0520705
-0.0526091
-0.0531514
-0.0536977
-0.0542478
-0.0548012
-0.0553587
-0.0559198
-0.056485
-0.057054
-0.0576267
-0.0582037
-0.0587844
-0.0593691
-0.059958
-0.0605506
-0.0611476
-0.0617485
-0.0623535
-0.0629629
-0.0635761
-0.0641937
-0.0648155
-0.0654411
-0.0660711
-0.0667045
-0.0673416
-0.0679818
-0.0686239
-0.069267
-0.0699094
-0.0705475
-0.0711778
-0.0717937
-0.0723847
-0.0729341
-0.0142398
-0.0136059
-0.00957017
-0.00501526
-0.00122554
0.00146276
0.0030146
0.00353251
0.00327079
0.00253621
0.00159467
0.000630198
-0.000252289
-0.00100449
-0.00161046
-0.00206955
-0.00239424
-0.00260788
-0.00273952
-0.00281873
-0.00287167
-0.00291916
-0.00297616
-0.00305246
-0.00315358
-0.00328201
-0.00343803
-0.0036202
-0.0038257
-0.00405091
-0.00429186
-0.00454473
-0.0048061
-0.00507317
-0.00534365
-0.00561573
-0.00588789
-0.00615884
-0.00642748
-0.006693
-0.00695481
-0.00721262
-0.00746637
-0.0077164
-0.00796355
-0.00820937
-0.00845611
-0.00870654
-0.00896349
-0.00922918
-0.00950483
-0.00979029
-0.0100839
-0.0103828
-0.0106827
-0.0109792
-0.0112677
-0.0115454
-0.0118113
-0.0120669
-0.0123162
-0.0125646
-0.0128176
-0.0130796
-0.0133525
-0.013635
-0.013923
-0.0142109
-0.0144926
-0.0147641
-0.0150247
-0.0152771
-0.0155266
-0.0157795
-0.0160411
-0.0163146
-0.0166
-0.0168939
-0.0171906
-0.0174839
-0.0177704
-0.0180501
-0.0183277
-0.0186097
-0.0189022
-0.019207
-0.0195224
-0.0198422
-0.0201606
-0.0204736
-0.0207821
-0.02109
-0.021403
-0.0217253
-0.0220577
-0.0223958
-0.0227339
-0.0230689
-0.0234023
-0.0237382
-0.0240808
-0.0244312
-0.0247867
-0.0251422
-0.0254948
-0.025847
-0.0262036
-0.0265683
-0.026941
-0.0273168
-0.0276908
-0.0280613
-0.0284319
-0.028809
-0.029196
-0.029589
-0.0299825
-0.0303728
-0.0307613
-0.0311543
-0.0315557
-0.0319637
-0.0323736
-0.0327818
-0.0331885
-0.0335995
-0.034018
-0.0344413
-0.0348655
-0.0352891
-0.0357151
-0.0361461
-0.0365822
-0.0370195
-0.0374574
-0.0378977
-0.0383442
-0.0387965
-0.0392475
-0.0396958
-0.0401507
-0.0406171
-0.0410833
-0.041543
-0.0420085
-0.0424858
-0.0429636
-0.0434368
-0.0439167
-0.0444052
-0.0448936
-0.0453813
-0.0458748
-0.0463745
-0.0468753
-0.0473784
-0.0478854
-0.0483965
-0.0489109
-0.0494286
-0.0499499
-0.0504739
-0.0510021
-0.0515342
-0.0520696
-0.0526084
-0.0531508
-0.0536973
-0.0542475
-0.0548011
-0.0553588
-0.0559201
-0.0564855
-0.0570547
-0.0576276
-0.0582047
-0.0587856
-0.0593705
-0.0599596
-0.0605525
-0.0611499
-0.0617512
-0.0623567
-0.0629665
-0.0635804
-0.0641987
-0.0648213
-0.0654479
-0.0660791
-0.066714
-0.0673527
-0.0679947
-0.0686389
-0.0692842
-0.0699289
-0.0705695
-0.0712022
-0.0718201
-0.0724135
-0.0729647
-0.0140172
-0.0133929
-0.00937178
-0.00483876
-0.00107641
0.00158048
0.00309703
0.00357661
0.00327581
0.00250419
0.00152976
0.000537479
-0.000367444
-0.00113673
-0.00175454
-0.00222036
-0.00254713
-0.00275899
-0.00288594
-0.00295853
-0.00300377
-0.00304317
-0.00309216
-0.00316084
-0.00325487
-0.00337683
-0.00352698
-0.00370385
-0.00390448
-0.00412513
-0.00436168
-0.00461016
-0.00486701
-0.00512927
-0.00539454
-0.00566097
-0.00592697
-0.00619122
-0.00645255
-0.00671012
-0.00696334
-0.00721208
-0.00745656
-0.00769749
-0.00793616
-0.0081745
-0.0084151
-0.0086609
-0.00891467
-0.00917838
-0.00945265
-0.00973657
-0.0100277
-0.0103224
-0.0106166
-0.010906
-0.0111872
-0.0114584
-0.0117198
-0.0119737
-0.0122243
-0.0124766
-0.0127352
-0.013003
-0.0132806
-0.013566
-0.0138548
-0.0141421
-0.014423
-0.0146949
-0.0149578
-0.0152147
-0.0154707
-0.015731
-0.0159998
-0.0162792
-0.0165682
-0.0168635
-0.0171602
-0.0174531
-0.01774
-0.0180216
-0.0183027
-0.0185889
-0.0188855
-0.0191932
-0.0195096
-0.0198289
-0.0201461
-0.0204582
-0.0207672
-0.0210774
-0.0213938
-0.0217191
-0.022053
-0.0223911
-0.022728
-0.0230616
-0.0233945
-0.0237313
-0.0240758
-0.0244282
-0.0247845
-0.0251402
-0.0254924
-0.0258442
-0.026201
-0.026566
-0.0269388
-0.0273149
-0.0276893
-0.0280608
-0.0284323
-0.028809
-0.029195
-0.0295875
-0.0299813
-0.0303727
-0.0307624
-0.0311553
-0.0315559
-0.0319633
-0.032373
-0.0327819
-0.0331897
-0.0336009
-0.0340191
-0.0344419
-0.0348655
-0.0352893
-0.0357164
-0.0361482
-0.0365841
-0.0370205
-0.0374578
-0.0378993
-0.0383468
-0.0387984
-0.0392493
-0.0396984
-0.0401528
-0.0406189
-0.0410862
-0.0415464
-0.0420112
-0.0424885
-0.0429672
-0.0434405
-0.04392
-0.0444089
-0.0448979
-0.0453855
-0.0458788
-0.0463789
-0.0468802
-0.0473832
-0.0478903
-0.0484015
-0.0489161
-0.0494339
-0.0499554
-0.0504796
-0.0510078
-0.0515401
-0.0520756
-0.0526145
-0.0531569
-0.0537035
-0.0542538
-0.0548074
-0.0553651
-0.0559264
-0.0564918
-0.057061
-0.0576339
-0.0582111
-0.058792
-0.059377
-0.0599662
-0.0605592
-0.0611567
-0.0617581
-0.0623639
-0.062974
-0.0635883
-0.0642072
-0.0648305
-0.065458
-0.0660902
-0.0667264
-0.0673665
-0.0680102
-0.0686562
-0.0693035
-0.0699503
-0.0705931
-0.0712278
-0.071848
-0.0724433
-0.0729964
-0.0137909
-0.0131591
-0.00913059
-0.00458768
-0.000815787
0.00184832
0.00336934
0.00384976
0.0035457
0.0027672
0.00178345
0.000780738
-0.000134711
-0.000913984
-0.00154095
-0.0020149
-0.0023487
-0.00256663
-0.00269898
-0.00277665
-0.00282696
-0.00287158
-0.00292601
-0.0030003
-0.00309999
-0.00322755
-0.00338312
-0.00356506
-0.00377028
-0.00399492
-0.00423479
-0.00448592
-0.00474472
-0.00500824
-0.00527408
-0.00554038
-0.00580554
-0.00606823
-0.00632735
-0.00658211
-0.00683218
-0.0070777
-0.0073193
-0.00755815
-0.00779591
-0.0080347
-0.00827704
-0.00852555
-0.00878243
-0.00904901
-0.00932524
-0.00960968
-0.00989957
-0.0101914
-0.0104814
-0.0107663
-0.0110439
-0.0113134
-0.0115755
-0.0118328
-0.0120887
-0.0123475
-0.0126124
-0.0128856
-0.013167
-0.0134545
-0.0137444
-0.0140323
-0.0143146
-0.0145891
-0.0148564
-0.0151194
-0.0153823
-0.0156499
-0.0159255
-0.0162103
-0.0165031
-0.0168004
-0.0170981
-0.017392
-0.0176807
-0.0179655
-0.0182508
-0.0185417
-0.0188424
-0.019153
-0.0194707
-0.0197901
-0.0201069
-0.0204192
-0.0207296
-0.0210426
-0.0213625
-0.021691
-0.0220264
-0.0223647
-0.0227012
-0.0230345
-0.0233677
-0.0237059
-0.0240524
-0.0244065
-0.0247637
-0.0251197
-0.0254723
-0.0258246
-0.0261822
-0.0265479
-0.0269208
-0.0272968
-0.0276717
-0.0280444
-0.0284175
-0.0287949
-0.0291802
-0.029572
-0.029966
-0.0303584
-0.0307495
-0.0311431
-0.0315436
-0.0319509
-0.0323603
-0.032769
-0.0331779
-0.0335904
-0.0340093
-0.0344323
-0.0348547
-0.0352775
-0.0357061
-0.0361403
-0.0365767
-0.0370117
-0.0374478
-0.0378903
-0.0383399
-0.0387916
-0.0392416
-0.0396914
-0.0401466
-0.0406123
-0.0410799
-0.0415413
-0.0420061
-0.0424831
-0.0429625
-0.0434363
-0.0439156
-0.0444048
-0.0448948
-0.0453824
-0.0458755
-0.046376
-0.0468781
-0.0473812
-0.0478883
-0.0483998
-0.0489148
-0.0494328
-0.0499544
-0.0504789
-0.0510072
-0.0515397
-0.0520756
-0.0526147
-0.0531573
-0.0537041
-0.0542547
-0.0548084
-0.0553664
-0.0559279
-0.0564936
-0.057063
-0.0576361
-0.0582135
-0.0587947
-0.0593799
-0.0599694
-0.0605627
-0.0611606
-0.0617625
-0.0623687
-0.0629794
-0.0635943
-0.064214
-0.0648381
-0.0654667
-0.0661
-0.0667376
-0.0673793
-0.0680247
-0.0686726
-0.069322
-0.0699708
-0.0706157
-0.0712526
-0.0718746
-0.0724712
-0.0730253
-0.0135461
-0.0130431
-0.00916476
-0.00477642
-0.00114818
0.00139209
0.00281126
0.00321692
0.0028693
0.00207851
0.00110954
0.000142101
-0.000724387
-0.00144649
-0.00201156
-0.0024218
-0.00269395
-0.00285604
-0.00294105
-0.00298117
-0.00300361
-0.00302893
-0.003071
-0.00313812
-0.00323429
-0.00336067
-0.00351617
-0.00369794
-0.00390198
-0.00412382
-0.004359
-0.00460353
-0.00485402
-0.00510779
-0.00536274
-0.00561726
-0.00587
-0.0061199
-0.00636621
-0.00660857
-0.00684711
-0.00708243
-0.00731563
-0.00754816
-0.00778174
-0.00801826
-0.00825958
-0.00850743
-0.00876302
-0.00902691
-0.00929867
-0.00957689
-0.00985925
-0.0101429
-0.0104251
-0.0107033
-0.0109761
-0.0112432
-0.0115052
-0.0117641
-0.0120227
-0.012284
-0.0125508
-0.0128248
-0.0131061
-0.013393
-0.0136822
-0.0139701
-0.014253
-0.0145295
-0.0147998
-0.0150669
-0.0153345
-0.0156071
-0.0158874
-0.0161759
-0.0164712
-0.0167697
-0.0170678
-0.0173623
-0.0176526
-0.0179403
-0.0182294
-0.0185242
-0.0188278
-0.01914
-0.0194581
-0.0197771
-0.0200938
-0.0204067
-0.0207187
-0.0210338
-0.0213561
-0.0216864
-0.0220227
-0.0223609
-0.0226972
-0.0230309
-0.0233648
-0.0237039
-0.0240511
-0.0244056
-0.024763
-0.0251194
-0.0254729
-0.025826
-0.0261841
-0.0265498
-0.0269222
-0.0272977
-0.0276728
-0.0280465
-0.028421
-0.0287989
-0.0291835
-0.0295745
-0.0299682
-0.0303611
-0.0307531
-0.0311472
-0.0315476
-0.0319549
-0.0323643
-0.0327724
-0.0331808
-0.0335939
-0.0340141
-0.0344381
-0.0348599
-0.0352802
-0.035708
-0.036145
-0.0365838
-0.0370177
-0.0374512
-0.0378932
-0.0383449
-0.0387982
-0.0392472
-0.0396961
-0.0401518
-0.0406179
-0.0410855
-0.0415473
-0.0420122
-0.0424891
-0.042969
-0.043443
-0.0439219
-0.0444113
-0.0449022
-0.04539
-0.0458824
-0.046383
-0.0468858
-0.0473892
-0.047896
-0.0484076
-0.0489228
-0.0494411
-0.0499628
-0.0504874
-0.0510157
-0.0515483
-0.0520843
-0.0526234
-0.0531659
-0.0537127
-0.0542633
-0.0548171
-0.0553749
-0.0559364
-0.0565019
-0.0570713
-0.0576443
-0.0582217
-0.0588028
-0.059388
-0.0599776
-0.0605709
-0.0611689
-0.0617709
-0.0623774
-0.0629885
-0.0636039
-0.0642241
-0.064849
-0.0654784
-0.0661129
-0.0667516
-0.0673947
-0.0680417
-0.0686913
-0.0693425
-0.0699932
-0.0706399
-0.0712786
-0.0719021
-0.0725003
-0.0730563
-0.0115781
-0.0108529
-0.00686061
-0.00251756
0.000943314
0.00323796
0.00434383
0.00441475
0.00376179
0.00272504
0.00157465
0.000482704
-0.000463649
-0.00123182
-0.00181548
-0.00222473
-0.00248575
-0.00263462
-0.00270992
-0.00274647
-0.00277173
-0.00280508
-0.00285862
-0.00293892
-0.00304866
-0.00318796
-0.00335478
-0.00354565
-0.00375625
-0.00398216
-0.00421918
-0.00446375
-0.00471289
-0.00496437
-0.00521644
-0.00546783
-0.00571754
-0.00596489
-0.0062095
-0.00645132
-0.00669065
-0.00692817
-0.00716478
-0.00740163
-0.00763991
-0.00788089
-0.00812575
-0.00837563
-0.00863147
-0.00889387
-0.00916291
-0.00943788
-0.0097173
-0.00999901
-0.0102805
-0.0105596
-0.0108345
-0.0111046
-0.0113702
-0.0116329
-0.011895
-0.0121593
-0.0124284
-0.0127043
-0.0129873
-0.0132761
-0.0135676
-0.0138582
-0.0141446
-0.0144249
-0.0146996
-0.0149715
-0.0152444
-0.0155222
-0.0158076
-0.0161005
-0.0163991
-0.0167
-0.0169998
-0.0172964
-0.0175899
-0.0178818
-0.0181759
-0.0184751
-0.0187819
-0.0190957
-0.0194143
-0.0197339
-0.0200519
-0.0203674
-0.0206826
-0.0210007
-0.0213251
-0.0216565
-0.0219932
-0.0223319
-0.0226697
-0.0230057
-0.0233419
-0.0236823
-0.0240296
-0.0243837
-0.0247413
-0.025099
-0.025455
-0.0258105
-0.0261693
-0.0265344
-0.026906
-0.0272815
-0.0276579
-0.0280335
-0.0284095
-0.0287878
-0.0291718
-0.0295623
-0.0299568
-0.0303509
-0.0307439
-0.0311381
-0.031538
-0.0319458
-0.0323569
-0.0327655
-0.0331728
-0.0335851
-0.0340063
-0.0344329
-0.0348563
-0.0352748
-0.0356995
-0.0361374
-0.0365805
-0.0370164
-0.0374474
-0.0378868
-0.0383395
-0.0387958
-0.0392462
-0.0396935
-0.0401479
-0.040615
-0.0410846
-0.0415464
-0.0420101
-0.0424874
-0.0429691
-0.0434432
-0.0439208
-0.0444106
-0.044903
-0.0453912
-0.0458829
-0.0463835
-0.0468872
-0.0473912
-0.047898
-0.0484096
-0.048925
-0.0494437
-0.0499657
-0.0504905
-0.0510189
-0.0515517
-0.0520881
-0.0526274
-0.0531702
-0.0537172
-0.0542681
-0.0548222
-0.0553802
-0.055942
-0.0565078
-0.0570775
-0.0576508
-0.0582283
-0.0588097
-0.0593952
-0.0599849
-0.0605786
-0.0611768
-0.0617792
-0.062386
-0.0629975
-0.0636134
-0.0642342
-0.0648598
-0.0654901
-0.0661255
-0.0667653
-0.0674097
-0.0680582
-0.0687094
-0.0693622
-0.0700146
-0.070663
-0.0713032
-0.0719283
-0.0725276
-0.0730838
-0.0132204
-0.0130411
-0.00960365
-0.00567198
-0.00240839
-8.35029e-05
0.0012819
0.00179652
0.00168553
0.0012029
0.000560142
-0.000103242
-0.000711041
-0.00122998
-0.00165052
-0.0019749
-0.00221606
-0.00239358
-0.00252799
-0.00263772
-0.00273736
-0.00283738
-0.0029445
-0.00306291
-0.00319496
-0.00334178
-0.00350348
-0.00367946
-0.00386851
-0.00406916
-0.00427969
-0.0044985
-0.00472403
-0.004955
-0.00519027
-0.00542893
-0.00567013
-0.00591307
-0.00615691
-0.0064009
-0.00664432
-0.00688674
-0.00712792
-0.00736804
-0.00760754
-0.00784731
-0.00808852
-0.00833265
-0.00858132
-0.00883598
-0.00909759
-0.00936625
-0.00964102
-0.00992001
-0.0102006
-0.0104803
-0.0107566
-0.0110285
-0.0112957
-0.0115596
-0.0118222
-0.0120864
-0.0123549
-0.01263
-0.0129122
-0.0132009
-0.0134931
-0.0137854
-0.0140742
-0.0143577
-0.014636
-0.0149115
-0.0151879
-0.0154691
-0.0157572
-0.0160524
-0.0163527
-0.0166548
-0.0169561
-0.0172548
-0.0175515
-0.0178475
-0.0181458
-0.0184484
-0.0187569
-0.0190708
-0.0193889
-0.0197087
-0.0200284
-0.0203471
-0.020666
-0.0209869
-0.0213122
-0.0216431
-0.0219788
-0.0223175
-0.022657
-0.0229963
-0.0233357
-0.0236774
-0.0240236
-0.0243756
-0.0247322
-0.0250914
-0.0254506
-0.0258093
-0.0261689
-0.0265324
-0.0269018
-0.0272767
-0.027655
-0.0280333
-0.0284108
-0.0287888
-0.0291711
-0.0295605
-0.029956
-0.0303524
-0.0307464
-0.03114
-0.0315381
-0.0319455
-0.0323588
-0.0327697
-0.0331763
-0.0335861
-0.034006
-0.0344348
-0.0348619
-0.0352809
-0.0357016
-0.0361364
-0.0365825
-0.0370237
-0.0374546
-0.0378895
-0.0383403
-0.0387994
-0.0392535
-0.0397008
-0.0401515
-0.0406177
-0.0410913
-0.0415548
-0.0420151
-0.0424913
-0.0429765
-0.0434519
-0.0439269
-0.044416
-0.0449107
-0.0453998
-0.0458904
-0.0463906
-0.0468948
-0.0473993
-0.0479063
-0.0484177
-0.0489331
-0.0494518
-0.0499743
-0.0504991
-0.0510274
-0.05156
-0.0520965
-0.052636
-0.0531785
-0.0537253
-0.0542762
-0.0548302
-0.0553881
-0.0559497
-0.0565154
-0.0570849
-0.0576581
-0.0582355
-0.0588169
-0.0594024
-0.0599922
-0.060586
-0.0611844
-0.061787
-0.0623943
-0.0630062
-0.0636228
-0.0642443
-0.0648708
-0.0655021
-0.0661387
-0.0667798
-0.0674256
-0.0680755
-0.0687283
-0.0693828
-0.0700368
-0.0706868
-0.0713286
-0.071955
-0.0725554
-0.0731131
0.00901021
0.00909272
0.00569587
0.00199334
-0.000951995
-0.00292748
-0.00393937
-0.00416255
-0.00387684
-0.00335486
-0.00279472
-0.00230991
-0.00195034
-0.00173
-0.0016461
-0.00167952
-0.00179907
-0.00197072
-0.00216685
-0.00236873
-0.00256581
-0.00275377
-0.00293183
-0.00310134
-0.0032649
-0.00342577
-0.00358718
-0.00375205
-0.0039226
-0.00410049
-0.00428671
-0.00448183
-0.00468597
-0.00489893
-0.00512019
-0.00534901
-0.00558437
-0.00582507
-0.00606969
-0.00631677
-0.00656479
-0.00681247
-0.00705877
-0.00730318
-0.00754565
-0.00778674
-0.0080275
-0.00826949
-0.00851454
-0.00876448
-0.00902079
-0.00928418
-0.00955438
-0.00983011
-0.0101092
-0.0103892
-0.0106677
-0.010943
-0.0112142
-0.0114818
-0.0117472
-0.0120129
-0.0122815
-0.0125554
-0.012836
-0.0131233
-0.0134153
-0.0137091
-0.0140012
-0.0142894
-0.014573
-0.0148536
-0.0151341
-0.0154181
-0.0157078
-0.0160037
-0.0163047
-0.0166081
-0.0169118
-0.0172141
-0.0175153
-0.0178162
-0.0181187
-0.018424
-0.0187334
-0.019047
-0.0193647
-0.0196852
-0.0200076
-0.0203305
-0.0206537
-0.0209777
-0.0213037
-0.0216333
-0.0219675
-0.0223061
-0.0226481
-0.0229916
-0.0233351
-0.0236785
-0.0240233
-0.0243726
-0.0247276
-0.0250882
-0.0254516
-0.0258142
-0.0261752
-0.0265368
-0.0269034
-0.0272774
-0.0276576
-0.0280394
-0.028419
-0.0287965
-0.0291768
-0.0295646
-0.029961
-0.0303604
-0.0307563
-0.0311493
-0.0315451
-0.031951
-0.0323662
-0.0327808
-0.0331883
-0.0335951
-0.0340119
-0.0344416
-0.0348736
-0.0352956
-0.0357132
-0.0361423
-0.0365886
-0.0370363
-0.0374707
-0.0379012
-0.0383473
-0.0388078
-0.0392667
-0.0397159
-0.040163
-0.0406257
-0.0411026
-0.0415705
-0.0420277
-0.0425001
-0.0429887
-0.0434675
-0.0439397
-0.0444263
-0.0449234
-0.0454144
-0.0459039
-0.0464031
-0.046908
-0.047413
-0.0479202
-0.0484319
-0.048947
-0.0494656
-0.0499886
-0.050514
-0.0510421
-0.0515746
-0.0521115
-0.0526514
-0.0531941
-0.053741
-0.0542921
-0.0548465
-0.0554045
-0.0559662
-0.0565321
-0.0571017
-0.057675
-0.0582525
-0.0588339
-0.0594194
-0.0600091
-0.0606028
-0.0612011
-0.0618036
-0.0624108
-0.0630227
-0.0636392
-0.0642608
-0.0648874
-0.0655189
-0.0661558
-0.0667975
-0.067444
-0.0680947
-0.0687484
-0.0694039
-0.070059
-0.0707102
-0.0713529
-0.0719801
-0.0725813
-0.0731388
-0.0136323
-0.0137624
-0.0103267
-0.00636822
-0.00301716
-0.000561696
0.000974388
0.00168535
0.00177382
0.00147208
0.000976839
0.00042331
-0.000110656
-0.000588167
-0.000996332
-0.00133403
-0.00160862
-0.00183382
-0.00202462
-0.00219421
-0.00235197
-0.00250421
-0.00265528
-0.00280834
-0.00296552
-0.00312836
-0.00329786
-0.00347468
-0.00365912
-0.00385128
-0.00405098
-0.00425791
-0.00447162
-0.00469164
-0.00491742
-0.00514845
-0.00538418
-0.00562411
-0.00586761
-0.00611403
-0.00636263
-0.00661266
-0.00686336
-0.0071141
-0.00736445
-0.0076142
-0.00786353
-0.00811299
-0.0083635
-0.00861627
-0.00887259
-0.0091336
-0.00939991
-0.00967158
-0.00994784
-0.0102274
-0.0105083
-0.0107888
-0.0110672
-0.0113427
-0.0116153
-0.0118864
-0.0121577
-0.0124318
-0.0127108
-0.0129959
-0.0132868
-0.0135817
-0.0138779
-0.0141726
-0.0144639
-0.0147519
-0.0150381
-0.0153254
-0.0156162
-0.0159122
-0.0162134
-0.0165185
-0.0168258
-0.0171335
-0.0174408
-0.0177475
-0.0180542
-0.018362
-0.0186723
-0.018986
-0.0193043
-0.0196267
-0.0199527
-0.0202804
-0.0206084
-0.0209356
-0.0212628
-0.0215918
-0.0219251
-0.0222642
-0.0226089
-0.022957
-0.0233049
-0.0236509
-0.0239954
-0.0243427
-0.0246965
-0.0250583
-0.0254255
-0.0257925
-0.0261559
-0.026517
-0.0268814
-0.0272543
-0.0276359
-0.0280212
-0.0284041
-0.0287823
-0.0291612
-0.0295473
-0.0299438
-0.0303462
-0.0307454
-0.031139
-0.0315331
-0.0319367
-0.0323525
-0.0327713
-0.0331819
-0.0335876
-0.0340004
-0.0344286
-0.0348647
-0.0352921
-0.0357097
-0.0361336
-0.0365765
-0.0370287
-0.03747
-0.0378996
-0.0383398
-0.0387991
-0.0392622
-0.0397156
-0.040162
-0.0406199
-0.0410967
-0.0415709
-0.042029
-0.0424957
-0.0429846
-0.0434695
-0.0439415
-0.0444238
-0.0449219
-0.0454165
-0.0459058
-0.0464035
-0.046909
-0.047415
-0.0479223
-0.0484344
-0.0489498
-0.0494681
-0.0499912
-0.0505173
-0.0510456
-0.0515777
-0.0521146
-0.0526549
-0.0531975
-0.0537441
-0.0542951
-0.0548495
-0.0554074
-0.055969
-0.0565347
-0.0571043
-0.0576775
-0.058255
-0.0588364
-0.0594221
-0.060012
-0.060606
-0.0612047
-0.0618077
-0.0624155
-0.0630282
-0.0636456
-0.0642682
-0.0648959
-0.0655287
-0.0661671
-0.0668102
-0.0674583
-0.0681106
-0.068766
-0.0694231
-0.0700797
-0.0707322
-0.0713764
-0.0720049
-0.0726069
-0.0731659
0.0131459
0.012765
0.00932881
0.00525158
0.00178786
-0.00075919
-0.0023654
-0.00313496
-0.00328837
-0.00307421
-0.00269894
-0.00230107
-0.0019575
-0.00170263
-0.00154693
-0.00148933
-0.00151892
-0.00161787
-0.00176602
-0.00194523
-0.00214213
-0.0023476
-0.00255572
-0.0027631
-0.00296799
-0.00316991
-0.00336913
-0.00356658
-0.00376344
-0.00396104
-0.00416058
-0.00436316
-0.00456956
-0.00478039
-0.00499595
-0.00521642
-0.00544172
-0.00567171
-0.00590611
-0.00614458
-0.00638665
-0.00663183
-0.00687955
-0.00712922
-0.00738028
-0.00763223
-0.00788469
-0.00813746
-0.0083906
-0.00864446
-0.00889966
-0.0091571
-0.00941768
-0.00968225
-0.00995119
-0.0102244
-0.0105012
-0.0107801
-0.0110597
-0.0113385
-0.0116154
-0.0118903
-0.0121638
-0.0124378
-0.0127142
-0.0129951
-0.0132814
-0.0135732
-0.0138686
-0.0141654
-0.0144611
-0.0147543
-0.0150448
-0.0153343
-0.0156251
-0.0159195
-0.0162189
-0.0165235
-0.016832
-0.0171426
-0.0174537
-0.0177638
-0.018073
-0.0183819
-0.0186923
-0.0190057
-0.019324
-0.0196471
-0.0199746
-0.0203045
-0.0206348
-0.020964
-0.0212922
-0.021621
-0.0219536
-0.0222922
-0.0226373
-0.0229871
-0.0233374
-0.0236854
-0.0240306
-0.0243768
-0.024729
-0.0250898
-0.0254577
-0.0258271
-0.0261929
-0.026555
-0.026918
-0.0272885
-0.027669
-0.0280552
-0.0284409
-0.0288212
-0.0291995
-0.0295831
-0.0299772
-0.03038
-0.0307824
-0.0311782
-0.0315716
-0.0319719
-0.0323848
-0.0328055
-0.0332205
-0.0336276
-0.0340371
-0.0344605
-0.0348966
-0.0353294
-0.0357506
-0.0361713
-0.0366077
-0.0370589
-0.0375071
-0.0379406
-0.0383758
-0.03883
-0.039294
-0.0397521
-0.0402011
-0.0406545
-0.0411262
-0.041605
-0.0420686
-0.0425301
-0.043014
-0.0435041
-0.0439798
-0.0444573
-0.0449529
-0.0454509
-0.0459415
-0.046437
-0.0469418
-0.0474486
-0.0479559
-0.0484679
-0.0489835
-0.0495014
-0.050024
-0.0505506
-0.0510793
-0.0516109
-0.0521476
-0.0526882
-0.0532311
-0.0537776
-0.0543284
-0.054883
-0.0554409
-0.0560023
-0.0565679
-0.0571374
-0.0577104
-0.0582876
-0.0588686
-0.0594537
-0.0600431
-0.0606365
-0.0612345
-0.0618368
-0.0624438
-0.0630556
-0.0636722
-0.064294
-0.0649209
-0.065553
-0.0661906
-0.0668332
-0.0674808
-0.0681329
-0.0687881
-0.0694454
-0.0701021
-0.070755
-0.0713994
-0.0720281
-0.0726305
-0.0731888
-0.0125618
-0.0122913
-0.00898454
-0.00504596
-0.00171649
0.000697117
0.00216852
0.00279554
0.00279156
0.00240023
0.00182604
0.00120749
0.000622495
0.000106498
-0.000329223
-0.000685016
-0.000970481
-0.00120193
-0.00139789
-0.00157433
-0.00174268
-0.00191022
-0.00208144
-0.00225896
-0.00244397
-0.00263685
-0.0028373
-0.00304478
-0.00325848
-0.00347767
-0.00370154
-0.00392946
-0.00416078
-0.00439499
-0.00463163
-0.00487038
-0.00511099
-0.00535336
-0.00559743
-0.00584325
-0.00609089
-0.00634045
-0.006592
-0.0068456
-0.00710125
-0.00735887
-0.0076183
-0.0078793
-0.00814162
-0.00840506
-0.00866956
-0.00893527
-0.00920252
-0.00947181
-0.00974356
-0.0100181
-0.0102954
-0.0105751
-0.0108565
-0.011139
-0.0114216
-0.0117039
-0.0119857
-0.0122674
-0.0125499
-0.0128347
-0.0131227
-0.013415
-0.013711
-0.0140098
-0.0143094
-0.0146085
-0.014906
-0.0152023
-0.0154988
-0.0157974
-0.0160998
-0.0164066
-0.0167176
-0.0170312
-0.0173461
-0.0176605
-0.0179744
-0.0182878
-0.0186025
-0.0189196
-0.0192408
-0.0195663
-0.0198959
-0.0202278
-0.0205608
-0.0208933
-0.0212256
-0.0215583
-0.0218936
-0.0222337
-0.0225795
-0.02293
-0.0232823
-0.0236337
-0.0239831
-0.0243325
-0.0246856
-0.0250457
-0.0254129
-0.0257839
-0.0261535
-0.0265199
-0.0268854
-0.0272551
-0.0276336
-0.0280195
-0.028408
-0.028793
-0.0291742
-0.0295573
-0.0299488
-0.0303503
-0.0307555
-0.0311563
-0.0315523
-0.0319511
-0.0323602
-0.0327802
-0.0332001
-0.0336123
-0.0340222
-0.0344409
-0.0348736
-0.0353102
-0.0357385
-0.0361608
-0.0365919
-0.0370382
-0.0374903
-0.037932
-0.0383674
-0.0388156
-0.0392774
-0.0397397
-0.0401943
-0.0406472
-0.0411124
-0.0415914
-0.0420635
-0.0425253
-0.0430018
-0.0434931
-0.0439761
-0.0444526
-0.0449433
-0.0454432
-0.0459377
-0.0464325
-0.0469357
-0.0474437
-0.0479518
-0.0484636
-0.0489799
-0.0494982
-0.0500204
-0.0505471
-0.0510767
-0.0516084
-0.0521445
-0.0526852
-0.0532286
-0.0537749
-0.0543255
-0.05488
-0.055438
-0.0559994
-0.0565649
-0.0571343
-0.0577074
-0.0582847
-0.0588658
-0.0594512
-0.0600409
-0.0606347
-0.0612333
-0.0618362
-0.062444
-0.0630567
-0.0636743
-0.0642973
-0.0649255
-0.065559
-0.0661983
-0.0668425
-0.0674919
-0.0681457
-0.0688027
-0.0694615
-0.0701198
-0.0707738
-0.0714194
-0.0720493
-0.0726525
-0.0732128
0.0159389
0.015709
0.0120794
0.0078472
0.00422874
0.0015242
-0.000241228
-0.00116838
-0.00147384
-0.00140342
-0.00116195
-0.000887137
-0.000655608
-0.000501737
-0.000436027
-0.000457537
-0.000555609
-0.000712797
-0.000909495
-0.00112975
-0.00136248
-0.00160119
-0.00184199
-0.00208266
-0.00232205
-0.00255974
-0.00279574
-0.00303041
-0.00326417
-0.00349757
-0.00373104
-0.00396502
-0.00419981
-0.00443571
-0.00467292
-0.00491167
-0.00515212
-0.0053944
-0.00563859
-0.00588473
-0.00613277
-0.00638272
-0.00663454
-0.00688824
-0.00714387
-0.00740145
-0.00766101
-0.00792251
-0.00818582
-0.00845077
-0.00871715
-0.00898481
-0.00925363
-0.00952362
-0.00979478
-0.0100672
-0.0103411
-0.0106165
-0.0108936
-0.0111727
-0.0114537
-0.0117366
-0.0120209
-0.0123064
-0.0125926
-0.0128798
-0.0131683
-0.0134587
-0.0137513
-0.0140464
-0.0143434
-0.0146419
-0.0149411
-0.0152408
-0.0155413
-0.0158432
-0.0161475
-0.0164546
-0.0167644
-0.0170764
-0.01739
-0.0177044
-0.0180196
-0.0183356
-0.0186533
-0.0189731
-0.0192959
-0.0196215
-0.01995
-0.0202805
-0.0206128
-0.0209462
-0.0212807
-0.0216165
-0.0219542
-0.0222949
-0.0226392
-0.0229874
-0.0233385
-0.0236909
-0.0240435
-0.0243962
-0.0247504
-0.0251088
-0.0254728
-0.0258419
-0.026213
-0.026583
-0.0269516
-0.0273211
-0.0276964
-0.0280791
-0.0284673
-0.0288555
-0.0292405
-0.029624
-0.0300125
-0.03041
-0.0308146
-0.0312191
-0.0316189
-0.0320177
-0.0324225
-0.0328383
-0.0332594
-0.0336769
-0.0340896
-0.0345051
-0.0349316
-0.0353671
-0.035801
-0.0362279
-0.0366563
-0.0370957
-0.0375458
-0.0379939
-0.0384339
-0.0388775
-0.0393337
-0.0397965
-0.040256
-0.0407115
-0.0411716
-0.0416453
-0.0421225
-0.0425898
-0.0430602
-0.0435465
-0.0440351
-0.044515
-0.0450005
-0.045498
-0.045996
-0.0464917
-0.0469925
-0.0475
-0.048009
-0.0485204
-0.0490363
-0.049555
-0.0500768
-0.0506027
-0.0511327
-0.0516648
-0.0522003
-0.0527405
-0.053284
-0.0538305
-0.0543806
-0.0549347
-0.0554926
-0.0560536
-0.0566185
-0.0571873
-0.0577597
-0.0583361
-0.0589163
-0.0595006
-0.060089
-0.0606814
-0.0612785
-0.0618798
-0.0624858
-0.0630967
-0.0637123
-0.0643333
-0.0649595
-0.065591
-0.0662282
-0.0668705
-0.0675181
-0.0681703
-0.0688259
-0.0694836
-0.070141
-0.0707947
-0.0714398
-0.0720691
-0.0726718
-0.0732307
-0.0084131
-0.00829668
-0.0049725
-0.00119315
0.00188167
0.00398671
0.00510437
0.00536359
0.00501206
0.00431679
0.003491
0.0026712
0.00192844
0.00129102
0.000765151
0.000344799
1.2177e-05
-0.000257572
-0.000489046
-0.000701952
-0.000909954
-0.0011213
-0.00134028
-0.00156864
-0.00180634
-0.00205209
-0.00230403
-0.00256028
-0.00281909
-0.00307906
-0.00333907
-0.00359836
-0.00385641
-0.00411297
-0.00436797
-0.00462158
-0.00487411
-0.00512597
-0.00537767
-0.00562973
-0.00588268
-0.00613705
-0.00639332
-0.00665189
-0.00691308
-0.00717703
-0.00744373
-0.00771294
-0.00798422
-0.00825704
-0.00853081
-0.00880506
-0.00907946
-0.00935387
-0.00962831
-0.009903
-0.0101783
-0.0104547
-0.0107328
-0.0110134
-0.0112968
-0.0115831
-0.011872
-0.012163
-0.012455
-0.0127477
-0.0130406
-0.013334
-0.0136283
-0.0139243
-0.0142223
-0.0145227
-0.0148252
-0.0151298
-0.0154361
-0.015744
-0.0160535
-0.0163643
-0.0166764
-0.0169897
-0.0173043
-0.0176203
-0.0179382
-0.018258
-0.0185803
-0.0189046
-0.0192312
-0.0195592
-0.0198889
-0.02022
-0.0205532
-0.0208883
-0.0212258
-0.0215655
-0.021907
-0.0222503
-0.0225956
-0.0229434
-0.0232941
-0.0236478
-0.0240034
-0.0243602
-0.0247174
-0.0250766
-0.0254393
-0.0258072
-0.0261792
-0.0265525
-0.0269249
-0.0272965
-0.027671
-0.0280518
-0.0284392
-0.0288296
-0.0292185
-0.0296047
-0.0299927
-0.0303876
-0.0307908
-0.0311976
-0.0316015
-0.0320026
-0.0324061
-0.0328183
-0.0332387
-0.0336599
-0.034077
-0.034493
-0.0349155
-0.035348
-0.0357848
-0.0362172
-0.0366469
-0.0370823
-0.0375286
-0.0379795
-0.0384255
-0.0388692
-0.0393209
-0.0397821
-0.0402448
-0.0407045
-0.0411639
-0.0416325
-0.0421103
-0.0425842
-0.0430544
-0.0435346
-0.0440247
-0.0445103
-0.0449944
-0.0454882
-0.045988
-0.0464864
-0.0469862
-0.0474928
-0.0480028
-0.0485146
-0.0490302
-0.0495494
-0.0500715
-0.050597
-0.0511269
-0.0516597
-0.0521952
-0.0527349
-0.0532785
-0.0538253
-0.0543752
-0.0549291
-0.055487
-0.056048
-0.0566129
-0.0571817
-0.0577542
-0.0583308
-0.0589111
-0.0594956
-0.0600844
-0.0606772
-0.0612747
-0.0618766
-0.0624833
-0.063095
-0.0637115
-0.0643335
-0.0649609
-0.0655935
-0.0662321
-0.0668759
-0.0675251
-0.0681788
-0.0688358
-0.0694949
-0.0701535
-0.0708083
-0.0714546
-0.0720852
-0.0726892
-0.0732492
0.0207229
0.0203042
0.0164537
0.0119417
0.00799647
0.00493697
0.00279419
0.00149129
0.000839814
0.000612918
0.000611737
0.000694831
0.000777623
0.000817798
0.000798984
0.000717905
0.000578037
0.000388153
0.000159193
-9.78867e-05
-0.000373349
-0.000659415
-0.000950282
-0.00124205
-0.00153227
-0.00181972
-0.00210372
-0.00238407
-0.00266072
-0.00293387
-0.00320376
-0.00347071
-0.00373503
-0.00399709
-0.00425726
-0.00451598
-0.00477371
-0.00503093
-0.00528813
-0.00554579
-0.00580437
-0.00606434
-0.00632613
-0.00659014
-0.0068567
-0.007126
-0.00739802
-0.00767251
-0.00794898
-0.00822677
-0.00850518
-0.00878362
-0.00906166
-0.00933914
-0.00961606
-0.00989273
-0.0101695
-0.0104472
-0.0107264
-0.011008
-0.0112923
-0.0115797
-0.0118697
-0.012162
-0.0124557
-0.0127501
-0.0130449
-0.0133402
-0.0136361
-0.0139335
-0.0142328
-0.0145345
-0.0148388
-0.0151456
-0.0154547
-0.0157657
-0.0160783
-0.016392
-0.0167064
-0.0170214
-0.0173375
-0.0176549
-0.0179745
-0.0182965
-0.0186213
-0.0189483
-0.0192775
-0.0196077
-0.0199391
-0.0202714
-0.0206056
-0.0209421
-0.0212813
-0.0216231
-0.021967
-0.0223124
-0.0226592
-0.0230078
-0.023359
-0.0237134
-0.0240705
-0.0244294
-0.0247888
-0.0251493
-0.0255125
-0.0258802
-0.0262525
-0.0266272
-0.0270016
-0.027375
-0.0277501
-0.0281305
-0.0285175
-0.0289084
-0.0292991
-0.0296871
-0.0300758
-0.0304701
-0.0308723
-0.0312793
-0.031685
-0.0320878
-0.0324916
-0.0329026
-0.0333217
-0.0337436
-0.0341628
-0.0345801
-0.0350016
-0.0354319
-0.0358685
-0.0363031
-0.0367345
-0.0371689
-0.0376127
-0.0380629
-0.0385113
-0.0389566
-0.0394065
-0.0398657
-0.0403285
-0.04079
-0.0412503
-0.0417166
-0.0421924
-0.0426685
-0.0431405
-0.043618
-0.0441062
-0.0445941
-0.0450792
-0.0455707
-0.0460697
-0.0465694
-0.0470693
-0.0475747
-0.0480847
-0.0485967
-0.0491118
-0.0496308
-0.050153
-0.0506781
-0.0512076
-0.0517404
-0.0522758
-0.052815
-0.0533581
-0.0539047
-0.0544542
-0.0550073
-0.0555645
-0.0561248
-0.0566887
-0.0572563
-0.0578274
-0.0584024
-0.058981
-0.0595635
-0.0601501
-0.0607405
-0.0613354
-0.0619345
-0.0625383
-0.0631468
-0.06376
-0.0643786
-0.0650023
-0.0656315
-0.0662664
-0.0669066
-0.0675524
-0.0682029
-0.0688572
-0.0695137
-0.0701703
-0.0708234
-0.0714686
-0.0720989
-0.0727038
-0.0732658
)
;

boundaryField
{
    zeroGradientWall
    {
        type            zeroGradient;
    }
    inlet
    {
        type            zeroGradient;
    }
    plate
    {
        type            zeroGradient;
    }
    frontAndBack
    {
        type            empty;
    }
}


// ************************************************************************* //
