/*--------------------------------*- C++ -*----------------------------------*\
| =========                 |                                                 |
| \\      /  F ield         | OpenFOAM: The Open Source CFD Toolbox           |
|  \\    /   O peration     | Version:  v2012                                 |
|   \\  /    A nd           | Website:  www.openfoam.com                      |
|    \\/     M anipulation  |                                                 |
\*---------------------------------------------------------------------------*/
FoamFile
{
    version     2.0;
    format      ascii;
    class       volScalarField;
    location    "0.4";
    object      p;
}
// * * * * * * * * * * * * * * * * * * * * * * * * * * * * * * * * * * * * * //

dimensions      [0 2 -2 0 0 0 0];


internalField   nonuniform List<scalar> 
8800
(
5.58381e-11
0.000692206
0.00078491
0.000859846
0.000851277
0.00085478
0.000740341
0.000709246
0.000569288
0.000376187
0.000109668
-0.000236383
-0.000579542
-0.00097209
-0.00144491
-0.00192644
-0.00254415
-0.00324794
-0.00420276
-0.00595913
3.30756e-06
0.000689766
0.00078525
0.00085821
0.000853772
0.000852627
0.000744538
0.000706286
0.000571188
0.000375699
0.000111873
-0.000240089
-0.000576568
-0.000974272
-0.0014448
-0.00194028
-0.00254216
-0.00334207
-0.0043333
-0.00637555
9.29151e-06
0.000684339
0.000786971
0.000854513
0.000859043
0.000845424
0.000751279
0.000700764
0.000570416
0.000382401
0.000102135
-0.000233259
-0.000576635
-0.000974897
-0.00144461
-0.00197148
-0.00261526
-0.00340405
-0.00430045
-0.00612685
1.53178e-05
0.000678732
0.000786097
0.000853521
0.000861395
0.000849264
0.00075266
0.0007073
0.000558573
0.000400373
7.90189e-05
-0.000214311
-0.000587575
-0.000979068
-0.0014377
-0.00196896
-0.00278337
-0.003791
-0.00509053
-0.00618511
2.5371e-05
0.000667248
0.000789807
0.000846772
0.000870921
0.000833683
0.000770136
0.000686391
0.000581574
0.000387587
9.31359e-05
-0.000216229
-0.000586768
-0.000994549
-0.00145416
-0.00198105
-0.00263836
-0.00344157
-0.00446709
-0.00662392
3.5937e-05
0.000655018
0.000789446
0.000844239
0.000875067
0.000840563
0.000772247
0.000693504
0.000582835
0.000384984
9.83088e-05
-0.000220873
-0.000596357
-0.000997908
-0.00143933
-0.00198337
-0.00263089
-0.00361979
-0.00499386
-0.00756648
4.96035e-05
0.000638635
0.000790921
0.000840061
0.000880841
0.000837315
0.00077338
0.000699955
0.000577201
0.000392136
9.96131e-05
-0.000228838
-0.000606666
-0.00100279
-0.00146335
-0.0019871
-0.0026602
-0.00359867
-0.00506929
-0.00776289
6.79008e-05
0.000614229
0.000791629
0.000833906
0.000896414
0.000841443
0.000769571
0.000709742
0.000574979
0.000392206
0.000106239
-0.000244028
-0.000615241
-0.00101638
-0.00146822
-0.00200344
-0.00268376
-0.00367173
-0.00526348
-0.0081515
8.68561e-05
0.000597973
0.000783557
0.000837419
0.000880618
0.000868356
0.000758869
0.000719279
0.000579741
0.000377146
0.000124375
-0.000259717
-0.000623553
-0.00102824
-0.0014825
-0.00202695
-0.00273986
-0.00377417
-0.00546572
-0.0084971
0.000112055
0.000568316
0.000779694
0.000831482
0.000891395
0.000869356
0.000769839
0.000716394
0.000593999
0.000380082
9.64072e-05
-0.000256506
-0.000642559
-0.00105183
-0.00150563
-0.00205933
-0.00280354
-0.00389098
-0.00565895
-0.00878596
0.000137187
0.000550319
0.000756217
0.000835858
0.000886703
0.00087701
0.000799341
0.000697789
0.000601642
0.000389637
6.62243e-05
-0.000260876
-0.000649512
-0.00107563
-0.00153701
-0.00210062
-0.00287713
-0.00401977
-0.00585501
-0.00906195
0.000168382
0.000526067
0.000729094
0.000836055
0.000884876
0.000892468
0.000814476
0.000699536
0.000601808
0.000389564
5.93608e-05
-0.000289465
-0.000664285
-0.00109805
-0.00157489
-0.00215331
-0.00296191
-0.00415544
-0.00605173
-0.00932251
0.000198048
0.000509261
0.000699
0.000825601
0.000897519
0.000891974
0.000833494
0.000722633
0.00057893
0.000382642
6.09384e-05
-0.000314208
-0.000689987
-0.0011224
-0.00161676
-0.00221622
-0.00305375
-0.00429379
-0.00624519
-0.00956961
0.000226905
0.00049908
0.000662821
0.000804234
0.000910184
0.000892747
0.000849445
0.000747636
0.000569591
0.000365444
5.77308e-05
-0.000330449
-0.000721332
-0.00115456
-0.00166391
-0.00228745
-0.00315243
-0.00443373
-0.0064318
-0.00979544
0.000255226
0.000492144
0.000637008
0.00076828
0.000917357
0.000910753
0.000847648
0.000775149
0.00057604
0.000336967
3.93941e-05
-0.000341935
-0.00074929
-0.00119362
-0.00171727
-0.00236504
-0.00325629
-0.00457288
-0.00661142
-0.0100114
0.000278638
0.00049171
0.000616276
0.000725359
0.000907164
0.000935257
0.000853772
0.000782918
0.000601665
0.00031935
7.37609e-06
-0.000361465
-0.000773687
-0.00123325
-0.00177464
-0.00244637
-0.00336357
-0.00471126
-0.00678674
-0.0102196
0.000301372
0.000490317
0.000603439
0.000685511
0.000874952
0.000959233
0.000869626
0.000777324
0.000618425
0.000321163
-2.27878e-05
-0.000391558
-0.000802908
-0.00127373
-0.00183342
-0.00253058
-0.00347397
-0.00484851
-0.0069541
-0.0104148
0.00032245
0.000486281
0.000601628
0.000652618
0.00082638
0.000963508
0.000896668
0.000778307
0.000622835
0.000331902
-4.09629e-05
-0.000427539
-0.00083956
-0.00131682
-0.00189324
-0.00261512
-0.00358374
-0.0049809
-0.00711255
-0.0106003
0.000341365
0.00048158
0.000596899
0.000632755
0.00077287
0.000943079
0.000921533
0.000791059
0.000620809
0.000338667
-4.62507e-05
-0.000457599
-0.000881521
-0.00136435
-0.0019549
-0.00269893
-0.00369071
-0.00510844
-0.00726212
-0.0107727
0.000359129
0.000475505
0.000588692
0.000626606
0.000725744
0.000895207
0.000927543
0.000813736
0.000627715
0.000342004
-4.84753e-05
-0.000479568
-0.000921542
-0.0014151
-0.00201782
-0.00278104
-0.00379422
-0.00523015
-0.00740115
-0.0109306
0.000374475
0.000469267
0.000576174
0.000622601
0.00069264
0.000834834
0.00090537
0.000830721
0.000646841
0.000352092
-4.70714e-05
-0.000493607
-0.00095485
-0.00146371
-0.00207944
-0.00286059
-0.0038933
-0.0053446
-0.00752846
-0.0110732
0.000386765
0.000464076
0.000558995
0.000614509
0.000673966
0.000780156
0.000852202
0.000825811
0.000670997
0.000374779
-3.6872e-05
-0.0005007
-0.000980857
-0.00150575
-0.00213622
-0.00293442
-0.00398573
-0.00545111
-0.00764511
-0.0112004
0.000393237
0.000461065
0.000539969
0.000598665
0.000662372
0.00073669
0.000789792
0.000791116
0.000683483
0.000408062
-1.15544e-05
-0.000495643
-0.000996855
-0.00153738
-0.00218212
-0.00299739
-0.00406722
-0.00554788
-0.0077504
-0.011312
0.00039575
0.000457429
0.00052056
0.000575245
0.000645515
0.000705158
0.000732331
0.000735087
0.000671043
0.000440202
3.10951e-05
-0.000471938
-0.000998184
-0.00155646
-0.00221287
-0.00304313
-0.00413207
-0.00562945
-0.00784136
-0.0114073
0.000394108
0.00044937
0.00050238
0.000546549
0.000619911
0.000677453
0.000684287
0.000674833
0.000632873
0.000456074
8.3527e-05
-0.000425877
-0.000979048
-0.00155906
-0.00222555
-0.00306503
-0.00417055
-0.00568638
-0.0079111
-0.0114837
0.000387324
0.000438096
0.000482223
0.000516271
0.000585061
0.000644493
0.000646187
0.000618379
0.000581676
0.000451781
0.000132615
-0.000359436
-0.000932435
-0.00153778
-0.00221682
-0.00306124
-0.00417641
-0.00570843
-0.00794826
-0.0115301
0.00037561
0.000422455
0.000458172
0.000483717
0.000543518
0.000602273
0.000609143
0.000569751
0.000527289
0.000429995
0.000170251
-0.00028053
-0.000853284
-0.00148137
-0.00217887
-0.00302961
-0.00414892
-0.0056889
-0.00793845
-0.0115264
0.000359494
0.000400643
0.000429509
0.000448086
0.00049605
0.000551523
0.000566015
0.00052551
0.000476102
0.000398798
0.000193827
-0.000200064
-0.000743514
-0.00137686
-0.00209381
-0.00296508
-0.00410205
-0.00566347
-0.00793484
-0.0115379
0.000337651
0.000372173
0.000395375
0.000408872
0.00044278
0.000492708
0.000514168
0.000477531
0.000426436
0.000364912
0.000207205
-0.000126366
-0.000622805
-0.00122269
-0.00190735
-0.00273796
-0.00384085
-0.00539187
-0.007682
-0.0113209
0.000309519
0.000336326
0.000355064
0.000365662
0.000383724
0.000426415
0.000451415
0.000420386
0.000370947
0.000328014
0.000222199
-4.57239e-05
-0.000514565
-0.00114035
-0.00187723
-0.00273974
-0.00382698
-0.00532676
-0.00756267
-0.0111573
0.000276156
0.000291051
0.00030752
0.000317202
0.000318738
0.000352803
0.000378551
0.000355114
0.000298518
0.000252227
0.000210502
9.1394e-05
-0.000187421
-0.000641148
-0.00125461
-0.00204776
-0.0031189
-0.00465541
-0.00697013
-0.0106976
0.000232992
0.000239848
0.000252046
0.000262179
0.000250566
0.000268673
0.000291302
0.000292691
0.000237241
0.000134754
-7.73696e-06
-0.000214796
-0.000536146
-0.000991832
-0.00155599
-0.00221163
-0.0030139
-0.00413604
-0.00593863
-0.00914482
0.000184225
0.000178747
0.000187467
0.000197045
0.000186443
0.00017576
0.00017075
0.000171341
0.000195858
0.000261905
0.000351914
0.000418205
0.000385637
0.000176152
-0.000253606
-0.000934834
-0.00195082
-0.00348359
-0.00587078
-0.00975651
0.000122368
0.000113582
0.000113348
0.000116748
0.000116683
0.000123604
0.000120565
1.65053e-05
-0.000203236
-0.000540104
-0.000948585
-0.00138222
-0.00178771
-0.00211105
-0.00228008
-0.00220011
-0.00173942
-0.000673491
0.00136672
0.00521021
5.17857e-05
4.08854e-05
3.56459e-05
2.40572e-05
-9.85106e-06
-2.76625e-05
2.65124e-05
0.000194142
0.000427627
0.000687248
0.000939466
0.00112952
0.00117716
0.000993969
0.000529878
-0.000264638
-0.00145892
-0.00321714
-0.00586264
-0.0101281
-2.66672e-05
-4.36906e-05
-5.23403e-05
-5.00488e-05
-4.81815e-05
-9.63907e-05
-0.000223145
-0.000430965
-0.000721681
-0.00104776
-0.00133565
-0.00150603
-0.00147436
-0.00129873
-0.000884163
-0.000197258
0.000876261
0.0025062
0.00503984
0.00911726
-0.00011447
-0.000125566
-0.000167228
-0.000214049
-0.00023291
-0.000173139
2.52691e-05
0.000343717
0.000736748
0.00113692
0.00147228
0.00167439
0.00166763
0.00149924
0.00106136
0.000314144
-0.000844131
-0.00257075
-0.00519595
-0.00935112
-0.000194074
-0.000211596
-0.000238501
-0.000281101
-0.000349755
-0.000461224
-0.00062223
-0.00080835
-0.000976595
-0.00108026
-0.00107398
-0.000908045
-0.000544638
4.5075e-05
0.00086301
0.00193374
0.00332321
0.00519987
0.00788382
0.0120778
-0.000276652
-0.000296901
-0.000375593
-0.000468439
-0.000504773
-0.000445629
-0.000266648
4.96399e-05
0.000481259
0.000975511
0.00146626
0.00188738
0.00219193
0.00234566
0.00230964
0.00201516
0.0013596
0.000138095
-0.00201892
-0.0058956
-0.000320924
-0.000349483
-0.000458901
-0.000619618
-0.000819342
-0.0010418
-0.0012483
-0.00139575
-0.00142845
-0.00129207
-0.000942013
-0.000347221
0.000515553
0.00166288
0.00310286
0.00485243
0.00692075
0.00937027
0.012412
0.0166174
-0.00761486
-0.00685419
-0.00414884
-0.0014954
0.000569188
0.00199562
0.00285397
0.00322579
0.0031775
0.00278642
0.00216225
0.00143607
0.000723469
9.91822e-05
-0.000404172
-0.000784049
-0.00105677
-0.00124721
-0.00138044
-0.00148226
-0.00157821
-0.00168912
-0.00182347
-0.00197946
-0.00215389
-0.00234733
-0.00256165
-0.00279613
-0.00304874
-0.00331666
-0.00359779
-0.00388842
-0.00418322
-0.0044788
-0.00477303
-0.00506671
-0.00536214
-0.00566602
-0.00598831
-0.00633195
-0.00669944
-0.00708834
-0.00749197
-0.00790247
-0.00830788
-0.00871269
-0.00913348
-0.00959439
-0.0101222
-0.0107141
-0.0113318
-0.0119083
-0.0123791
-0.0127143
-0.0129376
-0.0131304
-0.0133761
-0.0137049
-0.0140622
-0.0143559
-0.0145115
-0.0145044
-0.0143813
-0.0142336
-0.0141444
-0.0141576
-0.014257
-0.0143825
-0.0144861
-0.0145649
-0.0146587
-0.0148069
-0.0150039
-0.0152148
-0.0154127
-0.0155935
-0.0157815
-0.0160038
-0.0162516
-0.0164943
-0.0167234
-0.0169553
-0.017206
-0.0174811
-0.0177712
-0.0180498
-0.018304
-0.0185567
-0.0188254
-0.0190919
-0.0193437
-0.019599
-0.0198672
-0.0201341
-0.0203958
-0.0206648
-0.0209428
-0.0212228
-0.0215066
-0.021796
-0.0220828
-0.0223636
-0.0226456
-0.0229326
-0.0232206
-0.0235112
-0.0238086
-0.0241092
-0.0244059
-0.0247015
-0.0250032
-0.025311
-0.0256194
-0.0259274
-0.026238
-0.0265531
-0.0268716
-0.0271924
-0.0275159
-0.027842
-0.0281711
-0.0285032
-0.0288393
-0.0291788
-0.0295221
-0.0298679
-0.0302168
-0.0305678
-0.0309222
-0.03128
-0.0316425
-0.0320094
-0.0323816
-0.0327587
-0.0331404
-0.0335269
-0.033917
-0.0343114
-0.034709
-0.0351109
-0.035516
-0.0359254
-0.0363383
-0.0367553
-0.0371762
-0.0376008
-0.0380298
-0.0384624
-0.0388998
-0.0393409
-0.0397868
-0.0402368
-0.0406914
-0.0411505
-0.0416136
-0.0420816
-0.0425533
-0.04303
-0.0435105
-0.0439958
-0.0444853
-0.0449792
-0.0454777
-0.0459806
-0.046488
-0.0470003
-0.0475165
-0.0480386
-0.0485638
-0.0490953
-0.0496302
-0.0501709
-0.0507161
-0.0512658
-0.0518212
-0.0523806
-0.0529456
-0.0535157
-0.0540896
-0.0546709
-0.0552536
-0.0558457
-0.0564382
-0.0570396
-0.0576432
-0.0582523
-0.0588674
-0.059484
-0.0601074
-0.0607343
-0.0613601
-0.0619969
-0.0626224
-0.0632578
-0.06388
-0.0644962
-0.0650846
-0.0656549
-0.0661277
-0.0665599
-0.0082108
-0.00729156
-0.00442344
-0.00168072
0.000482537
0.00201489
0.00294136
0.00332185
0.00323925
0.00280545
0.00215421
0.00141869
0.000706318
8.48245e-05
-0.000417114
-0.000797628
-0.00107206
-0.00126417
-0.0013983
-0.00149986
-0.00159444
-0.00170379
-0.00183692
-0.00199224
-0.00216605
-0.00235886
-0.00257298
-0.00280743
-0.00306009
-0.00332821
-0.00360983
-0.00390115
-0.00419691
-0.00449308
-0.00478752
-0.00508128
-0.00537622
-0.00567832
-0.00599774
-0.00633897
-0.00670381
-0.00708973
-0.00749208
-0.00790377
-0.0083117
-0.00871754
-0.00913601
-0.00959038
-0.0101086
-0.0106928
-0.0113065
-0.0118831
-0.0123546
-0.0126879
-0.0129102
-0.0131014
-0.0133486
-0.0136803
-0.0140418
-0.0143383
-0.0144964
-0.0144908
-0.0143684
-0.0142228
-0.0141361
-0.0141517
-0.0142526
-0.0143781
-0.0144812
-0.0145596
-0.0146538
-0.0148036
-0.0150016
-0.0152126
-0.0154103
-0.0155908
-0.0157793
-0.0160025
-0.0162505
-0.0164927
-0.0167213
-0.0169529
-0.0172034
-0.0174785
-0.0177688
-0.0180476
-0.0183018
-0.0185547
-0.0188238
-0.0190904
-0.0193419
-0.0195973
-0.0198659
-0.020133
-0.0203947
-0.0206638
-0.020942
-0.0212221
-0.0215059
-0.0217954
-0.0220824
-0.0223631
-0.0226451
-0.0229322
-0.0232203
-0.0235109
-0.0238084
-0.0241091
-0.0244058
-0.0247014
-0.0250031
-0.025311
-0.0256194
-0.0259274
-0.0262381
-0.0265532
-0.0268717
-0.0271926
-0.027516
-0.0278421
-0.0281713
-0.0285033
-0.0288395
-0.0291789
-0.0295223
-0.0298681
-0.030217
-0.030568
-0.0309225
-0.0312802
-0.0316427
-0.0320096
-0.0323817
-0.0327588
-0.0331405
-0.0335269
-0.033917
-0.0343115
-0.034709
-0.0351109
-0.035516
-0.0359254
-0.0363383
-0.0367553
-0.0371761
-0.0376008
-0.0380298
-0.0384624
-0.0388998
-0.0393408
-0.0397868
-0.0402368
-0.0406914
-0.0411505
-0.0416136
-0.0420816
-0.0425533
-0.04303
-0.0435105
-0.0439958
-0.0444853
-0.0449792
-0.0454777
-0.0459806
-0.046488
-0.0470003
-0.0475165
-0.0480386
-0.0485638
-0.0490953
-0.0496302
-0.0501709
-0.0507161
-0.0512658
-0.0518212
-0.0523806
-0.0529456
-0.0535157
-0.0540896
-0.0546709
-0.0552536
-0.0558457
-0.0564382
-0.0570396
-0.0576432
-0.0582523
-0.0588674
-0.059484
-0.0601074
-0.0607343
-0.0613601
-0.0619969
-0.0626224
-0.0632579
-0.06388
-0.0644964
-0.0650847
-0.0656555
-0.0661295
-0.0665613
-0.00820685
-0.00770609
-0.00508066
-0.00228159
0.000140217
0.00194566
0.00305685
0.00348701
0.0033528
0.00284102
0.00213669
0.00138225
0.000671829
5.83921e-05
-0.000437216
-0.000815412
-0.00109057
-0.00128448
-0.00141985
-0.0015212
-0.00161405
-0.00172104
-0.00185242
-0.00200646
-0.00217939
-0.00237145
-0.00258525
-0.00282004
-0.00307318
-0.00334192
-0.00362469
-0.00391768
-0.00421513
-0.00451279
-0.00480842
-0.00510289
-0.00539799
-0.00569901
-0.00601461
-0.00635084
-0.0067104
-0.00709096
-0.00748964
-0.00790089
-0.00831216
-0.00871989
-0.00913734
-0.00958994
-0.0100992
-0.0106641
-0.0112541
-0.0118092
-0.012268
-0.0126013
-0.0128343
-0.01304
-0.0132953
-0.0136241
-0.0139749
-0.0142609
-0.0144176
-0.0144234
-0.0143214
-0.014197
-0.0141257
-0.0141479
-0.0142478
-0.0143701
-0.0144738
-0.0145585
-0.0146587
-0.0148097
-0.0150059
-0.0152146
-0.0154117
-0.0155937
-0.0157833
-0.0160056
-0.0162515
-0.0164923
-0.0167209
-0.0169534
-0.0172042
-0.0174783
-0.0177672
-0.0180452
-0.0182996
-0.0185527
-0.0188215
-0.019088
-0.01934
-0.0195957
-0.0198643
-0.0201315
-0.0203933
-0.0206624
-0.0209405
-0.0212205
-0.021504
-0.0217933
-0.0220802
-0.0223612
-0.0226435
-0.0229308
-0.0232191
-0.0235097
-0.0238071
-0.0241077
-0.0244045
-0.0247003
-0.0250021
-0.02531
-0.0256185
-0.0259265
-0.0262373
-0.0265525
-0.026871
-0.0271919
-0.0275154
-0.0278416
-0.0281708
-0.0285029
-0.028839
-0.0291786
-0.029522
-0.0298678
-0.0302168
-0.0305678
-0.0309223
-0.0312801
-0.0316427
-0.0320096
-0.0323817
-0.0327588
-0.0331405
-0.033527
-0.033917
-0.0343115
-0.034709
-0.035111
-0.035516
-0.0359255
-0.0363383
-0.0367553
-0.0371762
-0.0376009
-0.0380299
-0.0384625
-0.0388998
-0.0393409
-0.0397868
-0.0402369
-0.0406914
-0.0411505
-0.0416136
-0.0420816
-0.0425533
-0.04303
-0.0435105
-0.0439958
-0.0444853
-0.0449792
-0.0454778
-0.0459806
-0.046488
-0.0470004
-0.0475165
-0.0480386
-0.0485638
-0.0490953
-0.0496302
-0.0501709
-0.0507161
-0.0512658
-0.0518212
-0.0523806
-0.0529456
-0.0535157
-0.0540896
-0.0546709
-0.0552536
-0.0558457
-0.0564382
-0.0570396
-0.0576432
-0.0582523
-0.0588674
-0.059484
-0.0601075
-0.0607344
-0.0613601
-0.0619971
-0.0626226
-0.0632582
-0.0638804
-0.0644971
-0.0650858
-0.0656574
-0.0661367
-0.0665679
-0.00608824
-0.00631394
-0.00555137
-0.00326421
-0.00049204
0.00174222
0.00310198
0.00358477
0.00339642
0.00281428
0.00206567
0.00129848
0.000595662
-3.30195e-06
-0.000485983
-0.000856502
-0.00112873
-0.00132225
-0.00145736
-0.0015573
-0.00164721
-0.00175043
-0.00187858
-0.00202977
-0.00220066
-0.00239105
-0.00260412
-0.00283925
-0.00309314
-0.0033631
-0.00364769
-0.0039431
-0.00424286
-0.00454272
-0.0048396
-0.00513424
-0.00542832
-0.00572596
-0.00603538
-0.00636387
-0.00671667
-0.00709183
-0.00748707
-0.00789882
-0.00831394
-0.00872611
-0.00914489
-0.00959279
-0.0100874
-0.0106248
-0.0111826
-0.0117144
-0.0121622
-0.0124996
-0.0127499
-0.0129735
-0.0132341
-0.013554
-0.0138906
-0.0141675
-0.0143259
-0.0143468
-0.0142684
-0.0141685
-0.014115
-0.014144
-0.014242
-0.0143605
-0.014466
-0.0145574
-0.0146624
-0.0148137
-0.0150072
-0.0152131
-0.0154097
-0.0155936
-0.0157846
-0.0160066
-0.016251
-0.0164908
-0.0167205
-0.0169546
-0.0172054
-0.0174774
-0.0177629
-0.0180385
-0.0182931
-0.0185468
-0.0188153
-0.0190818
-0.0193346
-0.0195907
-0.0198592
-0.0201267
-0.0203891
-0.0206584
-0.0209366
-0.0212168
-0.0215001
-0.0217889
-0.0220757
-0.0223571
-0.0226398
-0.0229274
-0.023216
-0.0235068
-0.023804
-0.0241045
-0.0244016
-0.024698
-0.025
-0.0253078
-0.0256163
-0.0259246
-0.0262356
-0.0265509
-0.0268695
-0.0271905
-0.0275142
-0.0278405
-0.0281699
-0.0285022
-0.0288384
-0.029178
-0.0295215
-0.0298674
-0.0302164
-0.0305676
-0.0309222
-0.0312802
-0.031643
-0.0320099
-0.0323821
-0.0327592
-0.0331408
-0.0335272
-0.0339172
-0.0343116
-0.0347091
-0.035111
-0.035516
-0.0359255
-0.0363383
-0.0367554
-0.0371762
-0.0376009
-0.0380299
-0.0384625
-0.0388999
-0.0393409
-0.0397869
-0.0402369
-0.0406914
-0.0411505
-0.0416136
-0.0420816
-0.0425533
-0.04303
-0.0435105
-0.0439958
-0.0444853
-0.0449792
-0.0454777
-0.0459806
-0.046488
-0.0470004
-0.0475165
-0.0480386
-0.0485638
-0.0490953
-0.0496302
-0.0501709
-0.0507161
-0.0512658
-0.0518212
-0.0523806
-0.0529456
-0.0535157
-0.0540896
-0.0546709
-0.0552536
-0.0558457
-0.0564382
-0.0570397
-0.0576432
-0.0582523
-0.0588674
-0.0594841
-0.0601075
-0.0607345
-0.0613602
-0.0619973
-0.0626229
-0.0632586
-0.0638812
-0.0644982
-0.0650881
-0.0656605
-0.0661478
-0.0665788
-0.00898604
-0.00861273
-0.00595729
-0.00284293
-1.93233e-05
0.00207809
0.0033128
0.00370765
0.00345883
0.00283316
0.00205503
0.00127263
0.000566195
-2.98607e-05
-0.000507907
-0.000875572
-0.00114768
-0.00134269
-0.00147943
-0.00157963
-0.00166829
-0.00176906
-0.00189468
-0.00204375
-0.00221303
-0.00240239
-0.00261553
-0.00285196
-0.00310767
-0.00338028
-0.00366785
-0.00396624
-0.00426899
-0.004571
-0.00486824
-0.00516228
-0.00545417
-0.00574677
-0.00604943
-0.00637102
-0.00671815
-0.00708949
-0.00748356
-0.00789621
-0.00831437
-0.00873141
-0.00915034
-0.00958764
-0.0100588
-0.0105641
-0.0110941
-0.0116091
-0.0120511
-0.0123969
-0.0126652
-0.0129015
-0.0131602
-0.0134682
-0.0137929
-0.014065
-0.0142285
-0.0142656
-0.014211
-0.0141351
-0.0140986
-0.0141336
-0.0142304
-0.0143478
-0.0144558
-0.0145529
-0.0146629
-0.0148151
-0.0150067
-0.0152107
-0.0154072
-0.015593
-0.0157859
-0.0160079
-0.0162507
-0.0164892
-0.0167193
-0.0169544
-0.0172046
-0.0174741
-0.0177562
-0.0180298
-0.018285
-0.0185399
-0.018808
-0.0190744
-0.0193284
-0.0195849
-0.0198532
-0.0201214
-0.0203846
-0.020654
-0.0209323
-0.0212126
-0.0214953
-0.0217832
-0.0220699
-0.0223518
-0.0226349
-0.0229229
-0.0232119
-0.023503
-0.0238
-0.0241003
-0.0243978
-0.0246946
-0.0249968
-0.0253045
-0.0256132
-0.0259218
-0.0262331
-0.0265486
-0.0268674
-0.0271885
-0.0275123
-0.0278388
-0.0281683
-0.0285008
-0.0288372
-0.0291769
-0.0295203
-0.0298663
-0.0302154
-0.0305668
-0.0309217
-0.0312799
-0.0316426
-0.0320099
-0.0323822
-0.0327592
-0.0331409
-0.0335272
-0.0339172
-0.0343116
-0.0347091
-0.035111
-0.035516
-0.0359255
-0.0363383
-0.0367554
-0.0371763
-0.037601
-0.03803
-0.0384626
-0.0389
-0.0393411
-0.0397871
-0.040237
-0.0406916
-0.0411506
-0.0416137
-0.0420817
-0.0425533
-0.0430301
-0.0435106
-0.0439958
-0.0444853
-0.0449792
-0.0454778
-0.0459806
-0.046488
-0.0470004
-0.0475165
-0.0480386
-0.0485638
-0.0490953
-0.0496302
-0.0501709
-0.0507161
-0.0512658
-0.0518212
-0.0523806
-0.0529456
-0.0535157
-0.0540896
-0.0546709
-0.0552536
-0.0558458
-0.0564382
-0.0570397
-0.0576433
-0.0582524
-0.0588675
-0.0594842
-0.0601076
-0.0607346
-0.0613604
-0.0619976
-0.0626233
-0.0632591
-0.0638824
-0.0644996
-0.0650914
-0.0656646
-0.0661606
-0.0665925
-0.0098443
-0.00901606
-0.00563261
-0.00216894
0.000584296
0.00247299
0.00350025
0.00377232
0.0034699
0.00281877
0.00202657
0.00123612
0.000526315
-6.93656e-05
-0.000544928
-0.000910073
-0.00118087
-0.00137538
-0.00151171
-0.00161032
-0.0016963
-0.00179368
-0.00191605
-0.00206262
-0.00222975
-0.00241753
-0.00263019
-0.00286762
-0.00312518
-0.00340074
-0.00369147
-0.00399279
-0.00429827
-0.00460158
-0.00489835
-0.00519076
-0.0054802
-0.00576761
-0.0060638
-0.0063798
-0.00672183
-0.00709044
-0.00748368
-0.00789625
-0.008316
-0.0087343
-0.00915002
-0.00957309
-0.0100185
-0.0104962
-0.0110042
-0.0115054
-0.0119463
-0.0123021
-0.0125812
-0.0128213
-0.0130765
-0.0133752
-0.0136907
-0.0139604
-0.0141305
-0.0141835
-0.0141514
-0.0140985
-0.0140782
-0.0141193
-0.0142171
-0.0143353
-0.0144456
-0.0145479
-0.0146633
-0.0148168
-0.0150069
-0.0152089
-0.0154051
-0.0155927
-0.0157872
-0.0160088
-0.0162498
-0.0164867
-0.016717
-0.0169533
-0.0172033
-0.0174709
-0.0177501
-0.0180218
-0.0182775
-0.0185331
-0.0188005
-0.0190667
-0.0193218
-0.0195788
-0.019847
-0.0201157
-0.0203796
-0.020649
-0.0209272
-0.0212077
-0.02149
-0.0217771
-0.0220637
-0.0223462
-0.0226298
-0.022918
-0.0232074
-0.0234988
-0.0237955
-0.0240956
-0.0243934
-0.0246908
-0.0249932
-0.025301
-0.0256097
-0.0259187
-0.0262303
-0.026546
-0.0268648
-0.0271861
-0.0275101
-0.0278368
-0.0281666
-0.0284992
-0.0288358
-0.0291755
-0.0295191
-0.0298652
-0.0302145
-0.0305661
-0.0309213
-0.0312797
-0.0316427
-0.0320101
-0.0323824
-0.0327596
-0.0331412
-0.0335274
-0.0339173
-0.0343117
-0.0347091
-0.035111
-0.035516
-0.0359255
-0.0363384
-0.0367554
-0.0371763
-0.037601
-0.0380301
-0.0384627
-0.0389001
-0.0393412
-0.0397872
-0.0402372
-0.0406917
-0.0411507
-0.0416138
-0.0420818
-0.0425534
-0.0430301
-0.0435106
-0.0439958
-0.0444854
-0.0449792
-0.0454778
-0.0459806
-0.046488
-0.0470004
-0.0475165
-0.0480386
-0.0485638
-0.0490953
-0.0496302
-0.0501709
-0.0507161
-0.0512658
-0.0518212
-0.0523806
-0.0529456
-0.0535157
-0.0540896
-0.0546709
-0.0552537
-0.0558458
-0.0564382
-0.0570397
-0.0576433
-0.0582524
-0.0588676
-0.0594843
-0.0601078
-0.0607348
-0.0613607
-0.0619979
-0.062624
-0.0632597
-0.0638839
-0.0645011
-0.0650955
-0.0656694
-0.0661738
-0.0666077
-0.0102239
-0.00949101
-0.0059266
-0.00224298
0.000642741
0.00256991
0.00355754
0.00376572
0.00342398
0.00276158
0.00196814
0.00117701
0.000466211
-0.000129253
-0.000602972
-0.00096499
-0.00123247
-0.00142389
-0.00155709
-0.00165191
-0.00173337
-0.00182608
-0.00194444
-0.00208798
-0.00225228
-0.00243791
-0.00264943
-0.00288728
-0.00314695
-0.00342541
-0.00371942
-0.00402421
-0.00433207
-0.00463615
-0.00493204
-0.005222
-0.00550834
-0.00579093
-0.00608086
-0.00639026
-0.006727
-0.00709293
-0.00748412
-0.00789572
-0.00831506
-0.00873163
-0.00914161
-0.00954989
-0.00997538
-0.0104341
-0.0109227
-0.011409
-0.0118475
-0.0122082
-0.0124894
-0.012729
-0.0129845
-0.0132798
-0.0135886
-0.0138556
-0.0140316
-0.0140998
-0.0140891
-0.0140579
-0.014054
-0.014103
-0.0142035
-0.0143229
-0.0144348
-0.0145419
-0.0146626
-0.0148177
-0.0150063
-0.0152063
-0.0154022
-0.0155917
-0.0157878
-0.016009
-0.0162484
-0.0164842
-0.0167152
-0.0169526
-0.0172025
-0.0174682
-0.0177443
-0.0180136
-0.0182691
-0.0185252
-0.018792
-0.0190581
-0.0193143
-0.0195719
-0.01984
-0.0201093
-0.0203739
-0.0206433
-0.0209216
-0.0212023
-0.0214843
-0.0217706
-0.0220571
-0.0223401
-0.0226241
-0.0229125
-0.0232024
-0.023494
-0.0237906
-0.0240906
-0.0243888
-0.0246868
-0.0249894
-0.0252971
-0.025606
-0.0259153
-0.0262273
-0.0265431
-0.0268622
-0.0271836
-0.0275078
-0.0278347
-0.0281647
-0.0284976
-0.0288343
-0.0291742
-0.0295178
-0.029864
-0.0302134
-0.0305653
-0.0309207
-0.0312794
-0.0316426
-0.0320102
-0.0323825
-0.0327597
-0.0331413
-0.0335275
-0.0339173
-0.0343116
-0.0347091
-0.035111
-0.035516
-0.0359255
-0.0363384
-0.0367554
-0.0371763
-0.0376011
-0.0380301
-0.0384628
-0.0389002
-0.0393414
-0.0397873
-0.0402373
-0.0406918
-0.0411509
-0.0416139
-0.0420819
-0.0425535
-0.0430302
-0.0435106
-0.0439959
-0.0444854
-0.0449792
-0.0454778
-0.0459806
-0.046488
-0.0470004
-0.0475165
-0.0480386
-0.0485638
-0.0490953
-0.0496303
-0.0501709
-0.0507161
-0.0512658
-0.0518213
-0.0523806
-0.0529457
-0.0535158
-0.0540896
-0.054671
-0.0552537
-0.0558458
-0.0564383
-0.0570398
-0.0576434
-0.0582525
-0.0588677
-0.0594844
-0.0601079
-0.060735
-0.0613611
-0.0619982
-0.0626248
-0.0632603
-0.0638857
-0.0645028
-0.0651002
-0.065675
-0.066187
-0.0666238
-0.0107516
-0.0100748
-0.00640473
-0.00248071
0.000616679
0.00266937
0.00369485
0.00387918
0.00349136
0.0027877
0.0019649
0.00115413
0.000430736
-0.000171515
-0.000647246
-0.0010079
-0.0012727
-0.00146168
-0.00159245
-0.0016841
-0.0017613
-0.00184934
-0.00196404
-0.00210527
-0.00226767
-0.00245198
-0.00266281
-0.00290136
-0.00316378
-0.00344563
-0.00374355
-0.00405272
-0.00436358
-0.00466828
-0.00496315
-0.00525002
-0.00553215
-0.00581072
-0.0060949
-0.00639713
-0.00672875
-0.00709226
-0.00748178
-0.00789152
-0.00830895
-0.00872297
-0.00912588
-0.00952147
-0.00993374
-0.0103764
-0.0108432
-0.0113116
-0.0117413
-0.012099
-0.0123822
-0.0126279
-0.012889
-0.0131834
-0.0134848
-0.0137468
-0.0139276
-0.0140113
-0.0140219
-0.014012
-0.0140244
-0.0140822
-0.0141857
-0.0143064
-0.0144205
-0.0145325
-0.0146588
-0.014816
-0.0150037
-0.0152023
-0.0153981
-0.0155896
-0.0157873
-0.0160081
-0.0162462
-0.0164813
-0.0167125
-0.0169506
-0.0171999
-0.0174636
-0.0177369
-0.0180037
-0.0182591
-0.0185161
-0.0187829
-0.019049
-0.0193063
-0.0195644
-0.0198324
-0.0201022
-0.0203676
-0.020637
-0.0209153
-0.0211964
-0.0214779
-0.0217634
-0.0220498
-0.0223333
-0.0226178
-0.0229065
-0.0231968
-0.0234887
-0.0237852
-0.0240851
-0.0243837
-0.0246822
-0.024985
-0.0252927
-0.0256018
-0.0259115
-0.0262238
-0.0265399
-0.0268591
-0.0271807
-0.0275051
-0.0278322
-0.0281625
-0.0284956
-0.0288325
-0.0291725
-0.0295162
-0.0298625
-0.0302121
-0.0305642
-0.03092
-0.0312789
-0.0316424
-0.0320101
-0.0323826
-0.0327598
-0.0331414
-0.0335275
-0.0339174
-0.0343116
-0.034709
-0.0351109
-0.035516
-0.0359255
-0.0363384
-0.0367554
-0.0371764
-0.0376011
-0.0380302
-0.0384629
-0.0389004
-0.0393415
-0.0397875
-0.0402375
-0.040692
-0.041151
-0.041614
-0.042082
-0.0425536
-0.0430302
-0.0435107
-0.0439959
-0.0444854
-0.0449792
-0.0454778
-0.0459806
-0.046488
-0.0470004
-0.0475165
-0.0480386
-0.0485638
-0.0490953
-0.0496303
-0.0501709
-0.0507161
-0.0512658
-0.0518213
-0.0523807
-0.0529457
-0.0535158
-0.0540897
-0.054671
-0.0552538
-0.0558459
-0.0564384
-0.0570398
-0.0576435
-0.0582526
-0.0588678
-0.0594845
-0.0601082
-0.0607352
-0.0613615
-0.0619985
-0.0626258
-0.063261
-0.0638878
-0.0645048
-0.0651053
-0.0656814
-0.0662001
-0.0666407
-0.0111523
-0.0105016
-0.00675934
-0.00267351
0.000590179
0.00276835
0.00385873
0.00404026
0.00360657
0.00284656
0.00197646
0.00113249
0.000388051
-0.000225745
-0.000704983
-0.00106333
-0.00132316
-0.00150756
-0.0016349
-0.00172298
-0.00179512
-0.00187716
-0.00198669
-0.00212488
-0.00228576
-0.00246907
-0.00267947
-0.00291866
-0.00318342
-0.0034687
-0.0037705
-0.00408421
-0.00439844
-0.00470367
-0.00499674
-0.00527903
-0.00555568
-0.00582991
-0.0061091
-0.00640499
-0.00673092
-0.00709177
-0.00747952
-0.00788606
-0.00830058
-0.00871112
-0.00910761
-0.00949386
-0.00989352
-0.0103177
-0.0107619
-0.0112107
-0.0116268
-0.0119803
-0.0122718
-0.0125308
-0.0127978
-0.0130871
-0.0133778
-0.0136335
-0.0138193
-0.0139193
-0.0139524
-0.0139635
-0.0139914
-0.0140576
-0.0141645
-0.0142877
-0.0144055
-0.0145228
-0.014654
-0.014813
-0.0150005
-0.0151987
-0.0153944
-0.015587
-0.0157862
-0.0160071
-0.0162441
-0.0164781
-0.0167093
-0.0169478
-0.0171967
-0.0174589
-0.0177298
-0.0179948
-0.0182499
-0.0185077
-0.0187742
-0.0190402
-0.0192981
-0.0195565
-0.0198244
-0.020095
-0.020361
-0.0206302
-0.0209086
-0.0211901
-0.0214714
-0.021756
-0.0220424
-0.0223266
-0.0226115
-0.0229004
-0.0231912
-0.0234834
-0.0237797
-0.0240795
-0.0243785
-0.0246776
-0.0249807
-0.0252884
-0.0255977
-0.0259078
-0.0262204
-0.0265367
-0.0268561
-0.0271779
-0.0275025
-0.0278299
-0.0281604
-0.0284937
-0.0288308
-0.0291709
-0.0295148
-0.0298612
-0.0302111
-0.0305634
-0.0309194
-0.0312787
-0.0316423
-0.0320102
-0.0323828
-0.03276
-0.0331415
-0.0335276
-0.0339174
-0.0343116
-0.034709
-0.0351109
-0.0355159
-0.0359254
-0.0363384
-0.0367555
-0.0371764
-0.0376012
-0.0380303
-0.038463
-0.0389005
-0.0393417
-0.0397876
-0.0402377
-0.0406921
-0.0411511
-0.0416141
-0.042082
-0.0425536
-0.0430303
-0.0435107
-0.0439959
-0.0444855
-0.0449793
-0.0454778
-0.0459807
-0.0464881
-0.0470004
-0.0475165
-0.0480386
-0.0485638
-0.0490953
-0.0496303
-0.0501709
-0.0507161
-0.0512658
-0.0518213
-0.0523807
-0.0529457
-0.0535158
-0.0540897
-0.054671
-0.0552538
-0.0558459
-0.0564384
-0.0570399
-0.0576436
-0.0582527
-0.058868
-0.0594846
-0.0601085
-0.0607354
-0.0613621
-0.0619989
-0.0626269
-0.0632618
-0.0638902
-0.0645072
-0.0651109
-0.0656885
-0.0662131
-0.0666582
-0.0115244
-0.0108749
-0.00707054
-0.00287261
0.000514001
0.00279241
0.00394784
0.00414706
0.00369195
0.00289223
0.0019809
0.00110262
0.000333235
-0.000295853
-0.000780233
-0.00113548
-0.00138797
-0.00156492
-0.00168686
-0.00177051
-0.00183684
-0.00191142
-0.00201391
-0.00214767
-0.0023069
-0.0024895
-0.00269961
-0.00293954
-0.00320637
-0.00349493
-0.00380081
-0.0041187
-0.00443622
-0.00474225
-0.00503245
-0.00530887
-0.0055791
-0.0058481
-0.00612289
-0.00641387
-0.00673476
-0.00709246
-0.0074775
-0.00788053
-0.00829128
-0.00869744
-0.00908938
-0.00946652
-0.00984815
-0.0102507
-0.0106752
-0.0111061
-0.0115096
-0.0118639
-0.0121687
-0.0124388
-0.012705
-0.0129843
-0.0132638
-0.0135152
-0.0137073
-0.0138244
-0.01388
-0.0139114
-0.0139538
-0.0140285
-0.0141397
-0.0142672
-0.0143903
-0.0145124
-0.0146471
-0.0148078
-0.0149962
-0.0151947
-0.0153905
-0.0155838
-0.0157842
-0.0160053
-0.0162418
-0.0164748
-0.0167054
-0.0169441
-0.017193
-0.0174538
-0.0177225
-0.0179855
-0.0182401
-0.018498
-0.0187641
-0.01903
-0.0192887
-0.0195475
-0.0198156
-0.0200871
-0.0203539
-0.0206228
-0.0209012
-0.0211833
-0.0214644
-0.0217482
-0.0220343
-0.0223191
-0.0226044
-0.0228935
-0.0231847
-0.0234773
-0.0237735
-0.0240732
-0.0243727
-0.0246724
-0.0249757
-0.0252834
-0.0255929
-0.0259034
-0.0262164
-0.0265329
-0.0268525
-0.0271745
-0.0274994
-0.027827
-0.0281577
-0.0284913
-0.0288286
-0.0291689
-0.0295129
-0.0298595
-0.0302095
-0.0305621
-0.0309184
-0.031278
-0.0316419
-0.03201
-0.0323827
-0.03276
-0.0331415
-0.0335276
-0.0339173
-0.0343116
-0.0347089
-0.0351108
-0.0355159
-0.0359254
-0.0363383
-0.0367554
-0.0371764
-0.0376012
-0.0380304
-0.0384631
-0.0389007
-0.0393418
-0.0397878
-0.0402378
-0.0406923
-0.0411513
-0.0416142
-0.0420822
-0.0425537
-0.0430303
-0.0435108
-0.0439959
-0.0444855
-0.0449793
-0.0454778
-0.0459807
-0.0464881
-0.0470004
-0.0475165
-0.0480386
-0.0485638
-0.0490953
-0.0496303
-0.0501709
-0.0507162
-0.0512658
-0.0518213
-0.0523807
-0.0529457
-0.0535158
-0.0540898
-0.054671
-0.0552539
-0.0558459
-0.0564385
-0.05704
-0.0576437
-0.0582527
-0.0588682
-0.0594848
-0.0601088
-0.0607357
-0.0613627
-0.0619993
-0.0626283
-0.0632628
-0.0638929
-0.06451
-0.0651168
-0.0656964
-0.066226
-0.0666762
-0.0118373
-0.0111993
-0.00735325
-0.00307675
0.000397002
0.00275524
0.00397491
0.00420912
0.00375636
0.00293548
0.0019939
0.00108601
0.000291663
-0.000356029
-0.000850936
-0.00120781
-0.00145542
-0.00162484
-0.00174034
-0.00181946
-0.0018804
-0.00194714
-0.00204115
-0.00216889
-0.00232584
-0.00250817
-0.00271866
-0.00296003
-0.00322916
-0.00352119
-0.00383122
-0.00415275
-0.00447346
-0.00478028
-0.00506731
-0.00533726
-0.0055997
-0.00586236
-0.00613259
-0.00642045
-0.00673864
-0.00709279
-0.00747394
-0.00787263
-0.00827808
-0.00867893
-0.00906529
-0.00943075
-0.00979233
-0.0101746
-0.0105839
-0.0110033
-0.0113996
-0.0117545
-0.0120664
-0.01234
-0.0125999
-0.0128691
-0.0131424
-0.0133938
-0.0135936
-0.0137269
-0.0138035
-0.013854
-0.0139111
-0.0139952
-0.0141116
-0.0142437
-0.0143723
-0.0144989
-0.0146366
-0.0147994
-0.0149891
-0.0151885
-0.0153845
-0.0155788
-0.0157801
-0.016001
-0.0162373
-0.0164704
-0.0167004
-0.0169388
-0.0171878
-0.0174478
-0.0177142
-0.017975
-0.018229
-0.0184872
-0.0187531
-0.0190192
-0.0192789
-0.0195384
-0.0198065
-0.0200786
-0.0203459
-0.0206146
-0.0208929
-0.0211754
-0.0214564
-0.0217394
-0.0220255
-0.022311
-0.0225967
-0.0228862
-0.0231778
-0.0234708
-0.0237669
-0.0240665
-0.0243664
-0.0246667
-0.0249703
-0.0252781
-0.0255879
-0.0258988
-0.0262122
-0.026529
-0.0268488
-0.0271711
-0.0274963
-0.0278241
-0.0281551
-0.028489
-0.0288265
-0.0291669
-0.0295111
-0.0298579
-0.0302082
-0.0305611
-0.0309177
-0.0312776
-0.0316418
-0.03201
-0.0323828
-0.0327601
-0.0331416
-0.0335277
-0.0339173
-0.0343115
-0.0347089
-0.0351108
-0.0355159
-0.0359254
-0.0363383
-0.0367554
-0.0371764
-0.0376013
-0.0380305
-0.0384633
-0.0389008
-0.039342
-0.039788
-0.040238
-0.0406924
-0.0411514
-0.0416144
-0.0420822
-0.0425538
-0.0430304
-0.0435109
-0.043996
-0.0444855
-0.0449793
-0.0454779
-0.0459807
-0.0464881
-0.0470004
-0.0475165
-0.0480386
-0.0485638
-0.0490953
-0.0496303
-0.0501709
-0.0507162
-0.0512658
-0.0518213
-0.0523807
-0.0529458
-0.0535158
-0.0540898
-0.054671
-0.055254
-0.055846
-0.0564386
-0.05704
-0.0576439
-0.0582529
-0.0588685
-0.0594849
-0.0601093
-0.060736
-0.0613635
-0.0619998
-0.0626297
-0.063264
-0.0638958
-0.0645133
-0.065123
-0.065705
-0.0662391
-0.0666944
-0.0121326
-0.0114923
-0.00761216
-0.00327982
0.000259705
0.00268343
0.00396272
0.00423825
0.00380147
0.00297426
0.00201419
0.00108298
0.00026476
-0.000404449
-0.000915198
-0.00127921
-0.00152567
-0.00168869
-0.0017972
-0.00187121
-0.00192725
-0.00198653
-0.00207092
-0.00219081
-0.00234392
-0.00252557
-0.00273706
-0.00298043
-0.00325261
-0.00354866
-0.00386279
-0.00418784
-0.00451133
-0.00481859
-0.0051024
-0.00536536
-0.00561865
-0.00587317
-0.00613843
-0.00642527
-0.00674305
-0.007095
-0.00747205
-0.00786385
-0.00826198
-0.00865531
-0.00903264
-0.00938671
-0.00973256
-0.0100981
-0.0104946
-0.0109067
-0.0112988
-0.0116479
-0.0119547
-0.0122265
-0.0124833
-0.0127489
-0.0130215
-0.0132745
-0.013481
-0.0136283
-0.0137234
-0.0137915
-0.0138633
-0.0139583
-0.0140807
-0.0142169
-0.0143508
-0.0144828
-0.0146244
-0.0147894
-0.0149804
-0.0151808
-0.0153782
-0.0155741
-0.0157761
-0.0159962
-0.0162322
-0.0164662
-0.0166959
-0.0169329
-0.0171815
-0.0174412
-0.0177056
-0.0179642
-0.0182178
-0.0184769
-0.0187429
-0.0190085
-0.0192686
-0.0195287
-0.019797
-0.0200693
-0.0203371
-0.0206061
-0.0208846
-0.0211675
-0.0214484
-0.0217309
-0.0220168
-0.0223028
-0.022589
-0.0228787
-0.0231707
-0.0234639
-0.0237601
-0.0240597
-0.0243601
-0.0246611
-0.0249649
-0.0252728
-0.0255828
-0.0258942
-0.0262079
-0.0265249
-0.0268449
-0.0271675
-0.0274929
-0.0278211
-0.0281524
-0.0284865
-0.0288242
-0.0291649
-0.0295092
-0.0298561
-0.0302066
-0.0305598
-0.0309167
-0.0312768
-0.0316413
-0.0320097
-0.0323827
-0.03276
-0.0331416
-0.0335276
-0.0339172
-0.0343114
-0.0347088
-0.0351106
-0.0355158
-0.0359253
-0.0363383
-0.0367554
-0.0371765
-0.0376013
-0.0380305
-0.0384634
-0.0389009
-0.0393422
-0.0397882
-0.0402382
-0.0406926
-0.0411516
-0.0416145
-0.0420824
-0.0425539
-0.0430305
-0.043511
-0.043996
-0.0444856
-0.0449793
-0.0454779
-0.0459807
-0.0464881
-0.0470004
-0.0475166
-0.0480386
-0.0485638
-0.0490953
-0.0496304
-0.0501709
-0.0507162
-0.0512658
-0.0518214
-0.0523807
-0.0529458
-0.0535159
-0.0540899
-0.0546711
-0.0552541
-0.055846
-0.0564388
-0.0570401
-0.0576441
-0.058253
-0.0588688
-0.0594852
-0.0601098
-0.0607364
-0.0613644
-0.0620005
-0.0626314
-0.0632654
-0.063899
-0.0645172
-0.0651296
-0.0657144
-0.0662524
-0.0667129
-0.0124018
-0.0117602
-0.00785292
-0.0034782
0.000112944
0.00259095
0.00392348
0.00424076
0.00382664
0.00300297
0.00203317
0.00108507
0.000246637
-0.000443637
-0.000972868
-0.00134869
-0.00159807
-0.00175698
-0.00185864
-0.00192665
-0.00197785
-0.00203022
-0.00210486
-0.00221534
-0.00236274
-0.00254305
-0.00275567
-0.00300182
-0.00327794
-0.00357843
-0.00389696
-0.00422523
-0.00455078
-0.004858
-0.00513794
-0.00539344
-0.00563674
-0.00588147
-0.00614146
-0.00642797
-0.00674647
-0.00709838
-0.00747218
-0.00785507
-0.00824177
-0.00862353
-0.00899104
-0.00933781
-0.00967385
-0.0100256
-0.0104079
-0.0108106
-0.0111972
-0.0115365
-0.0118325
-0.0121028
-0.0123652
-0.0126346
-0.0129055
-0.0131562
-0.0133667
-0.0135268
-0.0136391
-0.0137236
-0.0138091
-0.0139157
-0.014046
-0.0141868
-0.0143261
-0.0144647
-0.014611
-0.0147779
-0.0149696
-0.0151711
-0.01537
-0.0155678
-0.015771
-0.0159902
-0.0162254
-0.0164601
-0.01669
-0.0169259
-0.017174
-0.0174335
-0.0176968
-0.0179534
-0.018206
-0.0184654
-0.0187317
-0.0189966
-0.0192564
-0.0195175
-0.019787
-0.0200597
-0.0203275
-0.0205966
-0.0208754
-0.0211587
-0.0214393
-0.0217211
-0.022007
-0.0222936
-0.0225803
-0.0228702
-0.0231627
-0.0234563
-0.0237525
-0.0240522
-0.0243529
-0.0246544
-0.0249585
-0.0252665
-0.0255767
-0.0258886
-0.0262028
-0.02652
-0.0268404
-0.0271633
-0.027489
-0.0278174
-0.028149
-0.0284834
-0.0288213
-0.0291622
-0.0295067
-0.029854
-0.0302048
-0.0305582
-0.0309155
-0.031276
-0.0316408
-0.0320094
-0.0323825
-0.03276
-0.0331415
-0.0335276
-0.0339172
-0.0343113
-0.0347087
-0.0351106
-0.0355157
-0.0359252
-0.0363382
-0.0367554
-0.0371764
-0.0376013
-0.0380306
-0.0384635
-0.0389011
-0.0393423
-0.0397883
-0.0402383
-0.0406928
-0.0411517
-0.0416146
-0.0420824
-0.042554
-0.0430305
-0.043511
-0.043996
-0.0444856
-0.0449793
-0.0454779
-0.0459807
-0.0464881
-0.0470004
-0.0475166
-0.0480386
-0.0485639
-0.0490953
-0.0496304
-0.0501709
-0.0507162
-0.0512659
-0.0518214
-0.0523808
-0.0529459
-0.0535159
-0.05409
-0.0546711
-0.0552542
-0.0558461
-0.0564389
-0.0570403
-0.0576443
-0.0582531
-0.0588692
-0.0594854
-0.0601103
-0.0607368
-0.0613654
-0.0620013
-0.0626332
-0.0632673
-0.0639024
-0.0645218
-0.0651366
-0.0657244
-0.0662659
-0.0667315
-0.0126522
-0.0120098
-0.0080795
-0.00367031
-3.81855e-05
0.00248437
0.00386293
0.00421952
0.00383086
0.00301687
0.00204324
0.00108373
0.000230034
-0.000477697
-0.00102478
-0.00141457
-0.00167057
-0.00182865
-0.00192482
-0.00198668
-0.00203267
-0.00207861
-0.00214388
-0.00224391
-0.00238398
-0.00256187
-0.00277533
-0.00302454
-0.00330497
-0.00361014
-0.00393318
-0.00426448
-0.00459147
-0.00489768
-0.00517309
-0.00542055
-0.0056531
-0.00588767
-0.00614093
-0.00642599
-0.0067469
-0.00710085
-0.0074737
-0.00784786
-0.00821815
-0.00858506
-0.00894495
-0.00928739
-0.00961548
-0.00995459
-0.0103215
-0.0107096
-0.0110875
-0.0114202
-0.0117092
-0.0119804
-0.0122505
-0.0125229
-0.0127889
-0.0130335
-0.0132463
-0.0134195
-0.0135502
-0.0136513
-0.0137493
-0.0138667
-0.0140064
-0.0141545
-0.0142998
-0.0144435
-0.0145937
-0.0147626
-0.0149554
-0.0151587
-0.0153593
-0.0155589
-0.0157641
-0.0159836
-0.0162179
-0.0164525
-0.0166823
-0.0169178
-0.0171657
-0.0174246
-0.0176865
-0.0179414
-0.0181926
-0.0184521
-0.0187195
-0.0189846
-0.0192438
-0.0195055
-0.0197764
-0.0200497
-0.0203169
-0.0205856
-0.020865
-0.0211491
-0.0214296
-0.0217108
-0.0219967
-0.0222841
-0.0225713
-0.0228614
-0.0231542
-0.0234482
-0.0237444
-0.0240441
-0.0243454
-0.0246476
-0.0249521
-0.0252603
-0.0255709
-0.0258833
-0.0261978
-0.0265153
-0.0268359
-0.0271592
-0.0274852
-0.027814
-0.0281459
-0.0284807
-0.0288189
-0.02916
-0.0295047
-0.0298522
-0.0302032
-0.030557
-0.0309145
-0.0312753
-0.0316403
-0.0320091
-0.0323824
-0.0327598
-0.0331414
-0.0335274
-0.033917
-0.0343111
-0.0347085
-0.0351104
-0.0355156
-0.0359251
-0.0363381
-0.0367553
-0.0371764
-0.0376013
-0.0380307
-0.0384636
-0.0389012
-0.0393425
-0.0397885
-0.0402385
-0.040693
-0.0411519
-0.0416148
-0.0420826
-0.0425542
-0.0430306
-0.0435111
-0.0439961
-0.0444856
-0.0449794
-0.0454779
-0.0459807
-0.0464881
-0.0470004
-0.0475166
-0.0480386
-0.0485639
-0.0490953
-0.0496304
-0.0501709
-0.0507163
-0.0512659
-0.0518214
-0.0523808
-0.0529459
-0.0535159
-0.0540901
-0.0546712
-0.0552543
-0.0558462
-0.0564391
-0.0570404
-0.0576446
-0.0582534
-0.0588696
-0.0594858
-0.060111
-0.0607374
-0.0613665
-0.0620023
-0.0626353
-0.0632695
-0.0639061
-0.0645269
-0.0651439
-0.065735
-0.0662797
-0.0667501
-0.0128877
-0.0122435
-0.00829319
-0.00385522
-0.000189833
0.00236926
0.00378701
0.0041793
0.00381637
0.00301519
0.00204279
0.00107628
0.000211519
-0.000509909
-0.00107272
-0.001477
-0.00174254
-0.00190309
-0.00199592
-0.00205165
-0.00209142
-0.00213077
-0.00218671
-0.002276
-0.00240736
-0.00258161
-0.00279587
-0.00304799
-0.00333314
-0.00364316
-0.00397021
-0.00430448
-0.00463195
-0.00493598
-0.00520658
-0.00544547
-0.0056672
-0.00589204
-0.00613756
-0.00642047
-0.00674524
-0.00710297
-0.0074763
-0.00784191
-0.00819392
-0.00854349
-0.00889342
-0.00923083
-0.0095516
-0.00987882
-0.0102317
-0.0106052
-0.0109736
-0.0113039
-0.0115925
-0.0118644
-0.0121347
-0.0124039
-0.0126643
-0.0129052
-0.0131216
-0.0133083
-0.0134586
-0.0135776
-0.0136869
-0.013812
-0.0139606
-0.0141192
-0.0142722
-0.0144193
-0.0145719
-0.014744
-0.0149394
-0.0151452
-0.0153475
-0.0155478
-0.0157545
-0.0159751
-0.0162091
-0.0164434
-0.016672
-0.0169068
-0.0171561
-0.0174154
-0.0176753
-0.0179288
-0.0181795
-0.0184387
-0.0187069
-0.0189725
-0.019231
-0.0194924
-0.0197645
-0.0200389
-0.0203062
-0.0205744
-0.0208542
-0.0211392
-0.0214199
-0.0217004
-0.0219859
-0.0222738
-0.0225618
-0.0228521
-0.0231451
-0.0234397
-0.0237361
-0.024036
-0.0243377
-0.0246404
-0.0249451
-0.0252533
-0.0255642
-0.0258771
-0.026192
-0.0265099
-0.0268308
-0.0271544
-0.0274807
-0.0278097
-0.028142
-0.028477
-0.0288155
-0.0291568
-0.0295018
-0.0298495
-0.0302009
-0.0305549
-0.0309129
-0.031274
-0.0316393
-0.0320085
-0.0323819
-0.0327595
-0.0331412
-0.0335272
-0.0339169
-0.034311
-0.0347084
-0.0351104
-0.0355154
-0.035925
-0.0363381
-0.0367553
-0.0371764
-0.0376014
-0.0380307
-0.0384636
-0.0389013
-0.0393426
-0.0397887
-0.0402387
-0.0406931
-0.041152
-0.0416149
-0.0420827
-0.0425542
-0.0430306
-0.0435111
-0.0439961
-0.0444857
-0.0449794
-0.0454779
-0.0459807
-0.0464881
-0.0470004
-0.0475166
-0.0480386
-0.0485639
-0.0490953
-0.0496304
-0.0501709
-0.0507163
-0.0512659
-0.0518215
-0.0523809
-0.052946
-0.053516
-0.0540902
-0.0546713
-0.0552544
-0.0558464
-0.0564393
-0.0570406
-0.0576449
-0.0582536
-0.0588701
-0.0594862
-0.0601117
-0.0607381
-0.0613677
-0.0620035
-0.0626375
-0.0632721
-0.0639101
-0.0645327
-0.0651517
-0.0657461
-0.0662939
-0.0667686
-0.0131072
-0.0124612
-0.00849273
-0.00402993
-0.000337078
0.00225176
0.00370184
0.00412476
0.00378548
0.00299792
0.00202935
0.00105954
0.000187088
-0.000544497
-0.00111968
-0.00153698
-0.0018127
-0.00197752
-0.00206855
-0.00211841
-0.00215128
-0.00218376
-0.00223104
-0.00231012
-0.00243239
-0.00260208
-0.00281689
-0.00307232
-0.00336257
-0.00367768
-0.00400864
-0.00434507
-0.00467203
-0.00497324
-0.00523813
-0.00546839
-0.00567941
-0.00589405
-0.00613258
-0.00641277
-0.00674023
-0.00710213
-0.00747527
-0.00783369
-0.00817073
-0.00850007
-0.00883291
-0.00916408
-0.00948144
-0.00979916
-0.0101419
-0.0105057
-0.0108643
-0.0111898
-0.0114788
-0.0117489
-0.0120115
-0.0122732
-0.0125335
-0.0127792
-0.0130014
-0.0131976
-0.0133647
-0.0135023
-0.013623
-0.0137522
-0.0139067
-0.0140773
-0.0142418
-0.0143931
-0.0145465
-0.0147213
-0.0149201
-0.0151286
-0.0153328
-0.0155337
-0.0157418
-0.0159648
-0.0162003
-0.0164351
-0.0166619
-0.0168943
-0.0171451
-0.0174064
-0.0176643
-0.017915
-0.0181652
-0.0184244
-0.0186929
-0.0189592
-0.0192176
-0.0194788
-0.0197516
-0.0200269
-0.0202946
-0.0205626
-0.020842
-0.0211275
-0.0214089
-0.0216891
-0.0219742
-0.0222626
-0.0225515
-0.0228422
-0.0231353
-0.0234302
-0.0237268
-0.0240267
-0.0243288
-0.0246322
-0.0249374
-0.0252459
-0.0255572
-0.0258706
-0.026186
-0.0265042
-0.0268254
-0.0271494
-0.0274761
-0.0278055
-0.0281381
-0.0284736
-0.0288124
-0.0291541
-0.0294994
-0.0298474
-0.030199
-0.0305534
-0.0309117
-0.0312731
-0.0316388
-0.0320081
-0.0323816
-0.0327593
-0.033141
-0.033527
-0.0339167
-0.0343108
-0.0347082
-0.0351102
-0.0355153
-0.0359249
-0.036338
-0.0367552
-0.0371764
-0.0376013
-0.0380307
-0.0384637
-0.0389014
-0.0393428
-0.0397888
-0.0402388
-0.0406933
-0.0411521
-0.0416151
-0.0420828
-0.0425544
-0.0430308
-0.0435112
-0.0439963
-0.0444857
-0.0449794
-0.0454779
-0.0459808
-0.0464881
-0.0470004
-0.0475166
-0.0480386
-0.048564
-0.0490953
-0.0496305
-0.0501709
-0.0507163
-0.051266
-0.0518215
-0.0523809
-0.0529461
-0.0535161
-0.0540903
-0.0546714
-0.0552546
-0.0558465
-0.0564395
-0.0570408
-0.0576453
-0.0582539
-0.0588706
-0.0594867
-0.0601125
-0.0607389
-0.0613691
-0.062005
-0.0626399
-0.0632752
-0.0639144
-0.0645391
-0.06516
-0.0657576
-0.0663085
-0.0667872
-0.0133179
-0.0126665
-0.00867935
-0.00419434
-0.000478601
0.0021339
0.00360941
0.00405748
0.0037392
0.0029655
0.00200293
0.00103292
0.000156227
-0.000582108
-0.00116634
-0.00159425
-0.00187947
-0.00204977
-0.00214077
-0.00218616
-0.00221221
-0.00223749
-0.00227666
-0.00234593
-0.0024593
-0.00262371
-0.00283866
-0.00309846
-0.00339437
-0.00371529
-0.00405025
-0.00438708
-0.0047118
-0.00500828
-0.00526536
-0.00548649
-0.00568719
-0.00589236
-0.00612613
-0.00640424
-0.00673248
-0.00709734
-0.00747015
-0.00782378
-0.00814856
-0.00845561
-0.00876655
-0.00908965
-0.00940778
-0.00972067
-0.0100549
-0.0104113
-0.0107597
-0.0110752
-0.0113597
-0.0116269
-0.011883
-0.0121399
-0.0124049
-0.0126596
-0.0128861
-0.0130849
-0.0132629
-0.0134201
-0.0135554
-0.013688
-0.0138451
-0.0140265
-0.0142057
-0.014365
-0.0145193
-0.0146954
-0.014898
-0.0151103
-0.0153173
-0.015519
-0.0157274
-0.0159523
-0.01619
-0.0164252
-0.0166498
-0.0168785
-0.0171291
-0.0173938
-0.0176527
-0.017901
-0.0181496
-0.0184089
-0.0186779
-0.0189446
-0.0192032
-0.0194647
-0.0197379
-0.0200135
-0.0202817
-0.0205503
-0.0208296
-0.0211149
-0.021397
-0.0216775
-0.0219622
-0.0222506
-0.0225401
-0.0228313
-0.0231248
-0.02342
-0.023717
-0.0240173
-0.02432
-0.024624
-0.0249295
-0.0252381
-0.0255498
-0.0258637
-0.0261795
-0.026498
-0.0268197
-0.0271441
-0.0274712
-0.027801
-0.0281339
-0.0284696
-0.0288088
-0.0291507
-0.0294962
-0.0298445
-0.0301965
-0.0305512
-0.0309098
-0.0312716
-0.0316375
-0.0320071
-0.0323809
-0.0327587
-0.0331405
-0.0335266
-0.0339163
-0.0343105
-0.0347079
-0.0351099
-0.0355151
-0.0359247
-0.0363378
-0.0367551
-0.0371763
-0.0376014
-0.0380308
-0.0384638
-0.0389015
-0.0393429
-0.039789
-0.040239
-0.0406935
-0.0411523
-0.0416152
-0.0420829
-0.0425544
-0.0430308
-0.0435113
-0.0439962
-0.0444857
-0.0449794
-0.0454779
-0.0459808
-0.0464881
-0.0470004
-0.0475166
-0.0480386
-0.048564
-0.0490953
-0.0496305
-0.050171
-0.0507163
-0.051266
-0.0518215
-0.052381
-0.0529461
-0.0535162
-0.0540904
-0.0546715
-0.0552547
-0.0558467
-0.0564398
-0.057041
-0.0576457
-0.0582543
-0.0588712
-0.0594873
-0.0601134
-0.0607399
-0.0613707
-0.0620068
-0.0626425
-0.0632788
-0.0639192
-0.0645461
-0.0651689
-0.0657696
-0.0663234
-0.0668056
-0.0135136
-0.0128599
-0.00885627
-0.00435081
-0.000614903
0.00201751
0.00351372
0.00398242
0.0036822
0.00292151
0.00196592
0.000997511
0.000118588
-0.00062455
-0.00121573
-0.0016519
-0.00194499
-0.00212056
-0.00221218
-0.00225393
-0.00227336
-0.00229112
-0.00232279
-0.00238345
-0.00248866
-0.00264781
-0.00286236
-0.00312636
-0.00342826
-0.00375497
-0.0040932
-0.00442921
-0.0047494
-0.0050388
-0.00528681
-0.00549816
-0.0056903
-0.00588901
-0.00612001
-0.00639792
-0.00672555
-0.00708959
-0.00746108
-0.00780934
-0.0081209
-0.00840866
-0.00870011
-0.00901205
-0.00933159
-0.00964493
-0.00996919
-0.0103147
-0.0106544
-0.0109594
-0.0112339
-0.0114981
-0.0117567
-0.012014
-0.0122796
-0.0125392
-0.0127685
-0.0129672
-0.0131529
-0.0133294
-0.013484
-0.0136236
-0.0137818
-0.0139709
-0.0141642
-0.0143351
-0.0144927
-0.0146672
-0.0148708
-0.0150874
-0.0152981
-0.0155004
-0.0157079
-0.0159341
-0.0161749
-0.0164123
-0.016637
-0.0168634
-0.0171121
-0.017379
-0.0176409
-0.0178882
-0.0181333
-0.0183913
-0.0186614
-0.0189292
-0.019188
-0.01945
-0.0197238
-0.0199994
-0.0202672
-0.0205363
-0.0208163
-0.0211017
-0.0213836
-0.0216645
-0.0219496
-0.0222383
-0.0225282
-0.0228201
-0.0231142
-0.0234097
-0.0237068
-0.0240071
-0.0243103
-0.0246148
-0.0249208
-0.0252297
-0.0255418
-0.0258563
-0.0261726
-0.0264915
-0.0268135
-0.0271382
-0.0274657
-0.0277958
-0.0281291
-0.0284653
-0.0288048
-0.0291471
-0.029493
-0.0298416
-0.0301939
-0.030549
-0.0309081
-0.0312702
-0.0316365
-0.0320063
-0.0323803
-0.0327583
-0.0331402
-0.0335263
-0.033916
-0.0343102
-0.0347076
-0.0351096
-0.0355148
-0.0359245
-0.0363376
-0.036755
-0.0371762
-0.0376013
-0.0380307
-0.0384638
-0.0389016
-0.039343
-0.0397891
-0.0402391
-0.0406936
-0.0411524
-0.0416153
-0.042083
-0.0425545
-0.0430309
-0.0435113
-0.0439964
-0.0444858
-0.0449795
-0.045478
-0.0459808
-0.0464882
-0.0470005
-0.0475167
-0.0480386
-0.048564
-0.0490954
-0.0496305
-0.0501711
-0.0507164
-0.0512661
-0.0518216
-0.0523811
-0.0529462
-0.0535163
-0.0540905
-0.0546717
-0.055255
-0.0558469
-0.0564401
-0.0570413
-0.0576462
-0.0582547
-0.0588719
-0.0594881
-0.0601145
-0.0607411
-0.0613724
-0.0620089
-0.0626455
-0.0632828
-0.0639244
-0.0645536
-0.0651783
-0.0657819
-0.0663386
-0.0668239
-0.0136998
-0.0130422
-0.00902264
-0.00449832
-0.000744203
0.00190546
0.00341851
0.00390323
0.00361711
0.00286729
0.00191851
0.000952778
7.30981e-05
-0.000673012
-0.00126877
-0.00171047
-0.00200901
-0.00218867
-0.002281
-0.0023197
-0.00233339
-0.00234396
-0.00236855
-0.00242172
-0.00251927
-0.00267318
-0.00288655
-0.00315385
-0.00346221
-0.00379517
-0.00413687
-0.0044723
-0.00478657
-0.00506688
-0.00530486
-0.00550542
-0.00568971
-0.00588425
-0.00611385
-0.00639322
-0.00672037
-0.00708056
-0.00744735
-0.00778729
-0.0080858
-0.00835975
-0.00863605
-0.00893418
-0.00925207
-0.00956831
-0.00988188
-0.0102109
-0.0105432
-0.0108432
-0.011109
-0.011371
-0.0116376
-0.0118972
-0.0121544
-0.0124097
-0.0126435
-0.0128491
-0.0130437
-0.0132358
-0.0134091
-0.0135596
-0.0137191
-0.0139101
-0.0141124
-0.0142959
-0.0144612
-0.0146355
-0.0148381
-0.0150589
-0.0152749
-0.0154795
-0.0156875
-0.0159155
-0.0161598
-0.0163997
-0.0166243
-0.0168485
-0.0170936
-0.0173594
-0.0176244
-0.0178741
-0.0181172
-0.0183727
-0.0186435
-0.0189128
-0.0191716
-0.0194333
-0.019708
-0.0199845
-0.0202521
-0.0205209
-0.0208021
-0.0210888
-0.0213705
-0.0216507
-0.0219362
-0.0222257
-0.0225157
-0.0228075
-0.0231021
-0.0233982
-0.0236955
-0.0239961
-0.0242999
-0.0246053
-0.0249117
-0.0252208
-0.0255332
-0.0258482
-0.026165
-0.0264842
-0.0268066
-0.0271319
-0.0274599
-0.0277905
-0.0281242
-0.0284608
-0.0288007
-0.0291433
-0.0294895
-0.0298385
-0.0301912
-0.0305467
-0.0309061
-0.0312685
-0.0316351
-0.0320052
-0.0323794
-0.0327575
-0.0331395
-0.0335257
-0.0339155
-0.0343097
-0.0347072
-0.0351092
-0.0355145
-0.0359242
-0.0363374
-0.0367548
-0.0371761
-0.0376012
-0.0380307
-0.0384638
-0.0389017
-0.0393431
-0.0397892
-0.0402392
-0.0406937
-0.0411526
-0.0416155
-0.0420831
-0.0425546
-0.043031
-0.0435114
-0.0439964
-0.0444858
-0.0449795
-0.045478
-0.0459808
-0.0464882
-0.0470005
-0.0475167
-0.0480386
-0.048564
-0.0490954
-0.0496305
-0.0501711
-0.0507164
-0.0512662
-0.0518217
-0.0523812
-0.0529464
-0.0535164
-0.0540907
-0.0546719
-0.0552552
-0.0558471
-0.0564405
-0.0570417
-0.0576467
-0.0582553
-0.0588726
-0.059489
-0.0601156
-0.0607426
-0.0613743
-0.0620114
-0.0626488
-0.0632874
-0.0639301
-0.0645616
-0.0651884
-0.0657947
-0.0663541
-0.0668422
-0.0138672
-0.0132095
-0.0091781
-0.00463773
-0.00086749
0.00179715
0.00332417
0.00382147
0.00354653
0.00280594
0.00186362
0.000901157
2.16434e-05
-0.000726463
-0.00132534
-0.00177108
-0.00207356
-0.00225592
-0.00234841
-0.00238364
-0.00239132
-0.00239443
-0.00241144
-0.00245788
-0.00254932
-0.0026994
-0.00291279
-0.00318405
-0.0034995
-0.00383931
-0.00418408
-0.00451738
-0.0048234
-0.00509147
-0.00531722
-0.00550663
-0.00568308
-0.0058751
-0.00610571
-0.00638792
-0.00671613
-0.00707129
-0.00742781
-0.00775633
-0.00804329
-0.00830512
-0.00856947
-0.00885684
-0.00917125
-0.0094901
-0.00979598
-0.0101062
-0.0104275
-0.0107277
-0.0109925
-0.0112512
-0.0115203
-0.0117798
-0.0120243
-0.0122712
-0.0125155
-0.0127377
-0.012941
-0.0131382
-0.0133229
-0.013488
-0.0136546
-0.0138463
-0.0140527
-0.0142479
-0.0144253
-0.0146038
-0.0148064
-0.0150303
-0.0152509
-0.015457
-0.0156645
-0.0158934
-0.0161401
-0.0163814
-0.016606
-0.0168299
-0.0170739
-0.0173385
-0.0176053
-0.0178583
-0.0181019
-0.0183548
-0.0186239
-0.0188942
-0.0191544
-0.0194161
-0.0196915
-0.0199699
-0.0202377
-0.0205044
-0.0207854
-0.0210745
-0.0213569
-0.0216354
-0.0219204
-0.0222117
-0.0225027
-0.0227943
-0.0230892
-0.0233864
-0.0236842
-0.0239846
-0.0242887
-0.0245949
-0.0249017
-0.025211
-0.0255239
-0.0258397
-0.0261571
-0.0264768
-0.0267996
-0.0271254
-0.0274538
-0.0277847
-0.0281188
-0.0284558
-0.0287961
-0.0291391
-0.0294857
-0.029835
-0.0301881
-0.030544
-0.0309038
-0.0312666
-0.0316335
-0.0320039
-0.0323783
-0.0327566
-0.0331388
-0.0335251
-0.033915
-0.0343092
-0.0347068
-0.0351088
-0.0355141
-0.0359239
-0.0363372
-0.0367546
-0.037176
-0.0376011
-0.0380306
-0.0384638
-0.0389017
-0.0393432
-0.0397894
-0.0402394
-0.0406939
-0.0411527
-0.0416155
-0.0420832
-0.0425547
-0.0430311
-0.0435114
-0.0439964
-0.0444859
-0.0449796
-0.045478
-0.0459808
-0.0464882
-0.0470005
-0.0475167
-0.0480387
-0.048564
-0.0490955
-0.0496305
-0.0501712
-0.0507165
-0.0512663
-0.0518218
-0.0523813
-0.0529465
-0.0535165
-0.0540909
-0.0546721
-0.0552555
-0.0558474
-0.0564409
-0.0570421
-0.0576473
-0.058256
-0.0588734
-0.0594901
-0.0601169
-0.0607442
-0.0613765
-0.0620142
-0.0626524
-0.0632925
-0.0639363
-0.0645701
-0.065199
-0.0658078
-0.0663698
-0.0668604
-0.0140219
-0.0133635
-0.00932219
-0.00476877
-0.000984825
0.00169296
0.00323213
0.00374025
0.00347458
0.00274153
0.00180436
0.000844428
-3.50659e-05
-0.000785083
-0.00138666
-0.00183527
-0.00213981
-0.00232227
-0.00241261
-0.0024429
-0.00244362
-0.00243922
-0.00244914
-0.00249045
-0.00257875
-0.00272762
-0.00294291
-0.00321894
-0.00354081
-0.00388639
-0.00423237
-0.00456034
-0.00485541
-0.00510888
-0.00532097
-0.0055007
-0.005671
-0.00586207
-0.00609608
-0.00638218
-0.00671231
-0.00706198
-0.00740465
-0.00771932
-0.00799479
-0.00824476
-0.00850072
-0.00878347
-0.00909393
-0.00941166
-0.00971253
-0.0100046
-0.0103081
-0.0106088
-0.0108809
-0.0111372
-0.0114
-0.0116555
-0.0118927
-0.0121352
-0.01239
-0.01263
-0.0128411
-0.0130365
-0.0132266
-0.0134084
-0.013589
-0.0137843
-0.0139925
-0.0141952
-0.0143826
-0.0145679
-0.0147729
-0.0149979
-0.0152198
-0.0154263
-0.015634
-0.0158653
-0.0161172
-0.0163625
-0.0165879
-0.0168111
-0.0170545
-0.0173183
-0.0175844
-0.0178379
-0.0180834
-0.0183374
-0.0186048
-0.0188738
-0.0191352
-0.0193977
-0.0196729
-0.019953
-0.0202218
-0.0204864
-0.0207659
-0.0210578
-0.0213432
-0.0216207
-0.0219041
-0.0221964
-0.0224893
-0.0227809
-0.0230753
-0.0233731
-0.0236716
-0.0239723
-0.0242768
-0.0245839
-0.0248915
-0.0252011
-0.0255144
-0.0258307
-0.0261486
-0.0264686
-0.0267918
-0.0271181
-0.027447
-0.0277784
-0.028113
-0.0284504
-0.0287912
-0.0291346
-0.0294816
-0.0298313
-0.0301848
-0.030541
-0.0309012
-0.0312644
-0.0316317
-0.0320024
-0.0323771
-0.0327556
-0.0331379
-0.0335243
-0.0339142
-0.0343086
-0.0347062
-0.0351083
-0.0355137
-0.0359235
-0.0363368
-0.0367543
-0.0371757
-0.037601
-0.0380307
-0.0384638
-0.0389017
-0.0393432
-0.0397894
-0.0402394
-0.0406939
-0.0411528
-0.0416156
-0.0420833
-0.0425548
-0.0430312
-0.0435114
-0.0439965
-0.0444858
-0.0449796
-0.045478
-0.0459808
-0.0464882
-0.0470005
-0.0475167
-0.0480387
-0.048564
-0.0490955
-0.0496306
-0.0501712
-0.0507165
-0.0512663
-0.0518219
-0.0523814
-0.0529467
-0.0535167
-0.0540912
-0.0546723
-0.0552559
-0.0558478
-0.0564414
-0.0570426
-0.0576479
-0.0582568
-0.0588744
-0.0594913
-0.0601185
-0.0607462
-0.061379
-0.0620174
-0.0626565
-0.063298
-0.0639432
-0.0645791
-0.0652102
-0.0658212
-0.0663857
-0.0668785
-0.0141564
-0.0134989
-0.00945099
-0.00488778
-0.00109307
0.00159552
0.00314481
0.00366165
0.00340297
0.00267522
0.0017417
0.000783652
-9.55713e-05
-0.000846848
-0.00145055
-0.00190108
-0.0022065
-0.00238755
-0.00247398
-0.00249817
-0.00249106
-0.00247882
-0.00248216
-0.00251947
-0.00260696
-0.00275721
-0.00297616
-0.00325788
-0.00358571
-0.00393558
-0.00428089
-0.00460074
-0.00488191
-0.00511873
-0.00531608
-0.00548744
-0.00565488
-0.00584769
-0.00608732
-0.00637814
-0.00670841
-0.00705138
-0.00737956
-0.00767753
-0.00793961
-0.00817936
-0.00842959
-0.00871056
-0.00901778
-0.0093324
-0.00962988
-0.00990692
-0.0101888
-0.0104836
-0.010765
-0.011023
-0.0112781
-0.0115319
-0.0117718
-0.0120114
-0.0122658
-0.0125164
-0.0127383
-0.0129356
-0.013128
-0.0133216
-0.0135166
-0.0137206
-0.0139325
-0.0141377
-0.0143285
-0.0145195
-0.0147322
-0.0149633
-0.0151876
-0.015395
-0.015603
-0.0158361
-0.0160928
-0.0163428
-0.016568
-0.0167877
-0.0170296
-0.0172956
-0.0175631
-0.0178147
-0.01806
-0.0183176
-0.0185868
-0.018853
-0.0191126
-0.019376
-0.019653
-0.0199354
-0.0202062
-0.0204693
-0.0207464
-0.0210396
-0.0213282
-0.0216061
-0.0218873
-0.0221791
-0.0224738
-0.0227669
-0.0230613
-0.0233592
-0.0236585
-0.0239598
-0.0242646
-0.0245721
-0.0248802
-0.0251902
-0.0255037
-0.0258207
-0.0261393
-0.0264598
-0.0267835
-0.0271104
-0.0274399
-0.0277717
-0.0281067
-0.0284446
-0.0287859
-0.0291297
-0.0294771
-0.0298272
-0.0301811
-0.0305378
-0.0308984
-0.031262
-0.0316296
-0.0320006
-0.0323756
-0.0327543
-0.0331367
-0.0335233
-0.0339134
-0.0343078
-0.0347055
-0.0351077
-0.0355131
-0.035923
-0.0363364
-0.036754
-0.0371755
-0.0376008
-0.0380305
-0.0384637
-0.0389017
-0.0393432
-0.0397894
-0.0402395
-0.040694
-0.0411529
-0.0416157
-0.0420834
-0.0425548
-0.0430312
-0.0435115
-0.0439965
-0.0444859
-0.0449796
-0.0454781
-0.0459809
-0.0464882
-0.0470005
-0.0475167
-0.0480387
-0.0485641
-0.0490956
-0.0496306
-0.0501713
-0.0507166
-0.0512664
-0.0518221
-0.0523815
-0.0529469
-0.0535169
-0.0540914
-0.0546726
-0.0552562
-0.0558482
-0.0564419
-0.0570433
-0.0576487
-0.0582578
-0.0588755
-0.0594927
-0.0601202
-0.0607483
-0.0613818
-0.062021
-0.062661
-0.063304
-0.0639506
-0.0645886
-0.0652218
-0.065835
-0.0664017
-0.0668965
-0.0142729
-0.0136154
-0.00956263
-0.0049926
-0.00119033
0.00150611
0.00306293
0.0035862
0.00333252
0.00260852
0.00167778
0.000721434
-0.000157213
-0.000909201
-0.00151455
-0.00196656
-0.00227248
-0.0024519
-0.0025337
-0.00255048
-0.002534
-0.00251244
-0.00250872
-0.00254257
-0.00263099
-0.0027856
-0.00301088
-0.00329993
-0.00363387
-0.00398633
-0.00432858
-0.00463758
-0.00490181
-0.00512027
-0.00530264
-0.00546722
-0.00563639
-0.00583548
-0.00608243
-0.00637665
-0.00670293
-0.007036
-0.00734919
-0.0076292
-0.00787781
-0.00811092
-0.00835719
-0.00863614
-0.00894208
-0.00925378
-0.00954683
-0.00981231
-0.0100733
-0.010354
-0.0106406
-0.0109094
-0.0111667
-0.0114206
-0.0116605
-0.0118906
-0.0121329
-0.0123882
-0.0126293
-0.0128407
-0.0130352
-0.0132301
-0.0134329
-0.0136493
-0.0138721
-0.0140807
-0.0142702
-0.0144644
-0.0146874
-0.0149287
-0.0151575
-0.0153633
-0.0155675
-0.0157985
-0.0160593
-0.0163179
-0.0165467
-0.0167618
-0.0170001
-0.0172697
-0.0175426
-0.017793
-0.0180336
-0.018293
-0.0185684
-0.0188355
-0.0190903
-0.0193516
-0.0196316
-0.0199179
-0.0201897
-0.0204507
-0.0207254
-0.0210189
-0.0213104
-0.0215904
-0.0218712
-0.0221618
-0.0224569
-0.0227518
-0.0230473
-0.0233447
-0.0236437
-0.0239456
-0.0242513
-0.0245595
-0.0248682
-0.0251786
-0.0254927
-0.0258104
-0.0261297
-0.0264507
-0.0267748
-0.0271021
-0.0274322
-0.0277646
-0.0281001
-0.0284384
-0.0287801
-0.0291244
-0.0294722
-0.0298228
-0.0301772
-0.0305343
-0.0308953
-0.0312593
-0.0316273
-0.0319986
-0.0323738
-0.0327528
-0.0331354
-0.0335222
-0.0339124
-0.0343069
-0.0347047
-0.035107
-0.0355125
-0.0359225
-0.0363359
-0.0367536
-0.0371751
-0.0376005
-0.0380303
-0.0384636
-0.0389016
-0.0393432
-0.0397894
-0.0402395
-0.040694
-0.0411529
-0.0416158
-0.0420835
-0.0425549
-0.0430312
-0.0435115
-0.0439965
-0.0444859
-0.0449796
-0.0454781
-0.0459809
-0.0464882
-0.0470005
-0.0475168
-0.0480388
-0.0485641
-0.0490956
-0.0496307
-0.0501714
-0.0507168
-0.0512665
-0.0518222
-0.0523817
-0.0529471
-0.0535172
-0.0540917
-0.054673
-0.0552567
-0.0558487
-0.0564425
-0.057044
-0.0576495
-0.0582589
-0.0588768
-0.0594944
-0.0601222
-0.0607508
-0.061385
-0.062025
-0.0626659
-0.0633105
-0.0639585
-0.0645985
-0.0652339
-0.065849
-0.0664178
-0.0669144
-0.0143702
-0.0137124
-0.00965591
-0.00508116
-0.00127398
0.00142757
0.00298957
0.00351735
0.0032671
0.00254547
0.00161619
0.000660359
-0.00021876
-0.00097195
-0.00157871
-0.0020313
-0.00233625
-0.00251289
-0.00258943
-0.00259812
-0.00257126
-0.00253903
-0.00252746
-0.00255841
-0.00264963
-0.00281191
-0.00304699
-0.00334543
-0.00368574
-0.00403893
-0.00437499
-0.0046702
-0.00491498
-0.00511385
-0.005282
-0.00544186
-0.00561638
-0.00582522
-0.00607966
-0.0063751
-0.00669418
-0.00701392
-0.0073112
-0.00757515
-0.00781271
-0.00804133
-0.00828458
-0.00856123
-0.00886631
-0.00917505
-0.00946305
-0.0097208
-0.00996592
-0.0102288
-0.010513
-0.0107953
-0.0110619
-0.0113129
-0.0115443
-0.0117629
-0.0119976
-0.012261
-0.0125241
-0.0127525
-0.0129473
-0.0131351
-0.0133402
-0.0135704
-0.0138089
-0.0140251
-0.0142136
-0.0144063
-0.0146326
-0.0148825
-0.0151208
-0.01533
-0.01553
-0.0157562
-0.0160194
-0.0162888
-0.0165264
-0.0167388
-0.0169691
-0.0172387
-0.0175193
-0.0177733
-0.0180082
-0.0182625
-0.0185439
-0.018819
-0.0190704
-0.0193237
-0.0196045
-0.019898
-0.0201726
-0.020431
-0.0207037
-0.0209981
-0.0212914
-0.021573
-0.0218547
-0.0221444
-0.0224381
-0.0227337
-0.0230316
-0.0233302
-0.0236285
-0.0239304
-0.0242374
-0.0245468
-0.0248558
-0.0251663
-0.0254811
-0.0257995
-0.0261194
-0.0264408
-0.0267654
-0.0270933
-0.027424
-0.0277568
-0.0280927
-0.0284315
-0.0287738
-0.0291186
-0.029467
-0.0298181
-0.0301729
-0.0305304
-0.0308918
-0.0312562
-0.0316246
-0.0319963
-0.0323718
-0.032751
-0.0331339
-0.0335208
-0.0339112
-0.0343058
-0.0347037
-0.0351061
-0.0355117
-0.0359218
-0.0363353
-0.0367531
-0.0371747
-0.0376002
-0.03803
-0.0384634
-0.0389014
-0.0393431
-0.0397894
-0.0402395
-0.040694
-0.0411529
-0.0416158
-0.0420835
-0.0425549
-0.0430312
-0.0435116
-0.0439965
-0.044486
-0.0449796
-0.0454781
-0.0459809
-0.0464883
-0.0470006
-0.0475168
-0.0480388
-0.0485642
-0.0490957
-0.0496308
-0.0501715
-0.0507169
-0.0512667
-0.0518224
-0.0523819
-0.0529474
-0.0535175
-0.0540921
-0.0546734
-0.0552572
-0.0558493
-0.0564432
-0.0570449
-0.0576505
-0.0582602
-0.0588782
-0.0594962
-0.0601245
-0.0607536
-0.0613885
-0.0620294
-0.0626714
-0.0633175
-0.063967
-0.0646089
-0.0652464
-0.0658634
-0.0664339
-0.0669322
-0.0144491
-0.0137892
-0.0097283
-0.00514988
-0.00134001
0.00136389
0.00292819
0.00345784
0.00320864
0.00248706
0.00155705
0.000599874
-0.000281119
-0.00103623
-0.00164424
-0.00209651
-0.00239862
-0.00256968
-0.00263834
-0.00263741
-0.00259957
-0.00255635
-0.00253712
-0.00256677
-0.00266388
-0.00283779
-0.00308656
-0.00339648
-0.00374258
-0.00409332
-0.00441799
-0.00469436
-0.00491646
-0.0050951
-0.00525158
-0.00541101
-0.00559493
-0.00581617
-0.00607767
-0.00637107
-0.00667895
-0.00698173
-0.00726304
-0.00751592
-0.00774773
-0.00797509
-0.00821734
-0.00849
-0.00878947
-0.00909228
-0.00937475
-0.00962704
-0.00986178
-0.0101095
-0.0103873
-0.0106782
-0.0109541
-0.0112034
-0.0114292
-0.0116449
-0.0118778
-0.012143
-0.0124164
-0.0126583
-0.012858
-0.0130423
-0.0132475
-0.013486
-0.0137362
-0.0139633
-0.0141572
-0.0143476
-0.0145706
-0.0148268
-0.0150801
-0.0152989
-0.0154961
-0.0157147
-0.0159758
-0.016253
-0.0165026
-0.0167172
-0.0169385
-0.017202
-0.017488
-0.0177517
-0.0179861
-0.0182309
-0.0185114
-0.0187986
-0.019055
-0.0192983
-0.019573
-0.019874
-0.0201562
-0.0204126
-0.0206808
-0.0209752
-0.0212704
-0.021553
-0.0218361
-0.0221271
-0.0224201
-0.0227148
-0.0230146
-0.0233156
-0.0236138
-0.0239144
-0.024222
-0.0245332
-0.024843
-0.0251533
-0.0254684
-0.0257877
-0.0261084
-0.0264303
-0.0267552
-0.0270838
-0.0274151
-0.0277485
-0.028085
-0.0284245
-0.0287673
-0.0291126
-0.0294614
-0.0298128
-0.0301681
-0.0305261
-0.030888
-0.0312529
-0.0316217
-0.0319937
-0.0323695
-0.032749
-0.0331321
-0.0335192
-0.0339097
-0.0343045
-0.0347026
-0.0351051
-0.0355109
-0.035921
-0.0363347
-0.0367525
-0.0371742
-0.0375997
-0.0380296
-0.0384631
-0.0389012
-0.0393429
-0.0397892
-0.0402395
-0.040694
-0.0411529
-0.0416158
-0.0420835
-0.0425549
-0.0430313
-0.0435116
-0.0439965
-0.0444859
-0.0449796
-0.0454781
-0.0459809
-0.0464883
-0.0470006
-0.0475168
-0.0480388
-0.0485642
-0.0490957
-0.0496309
-0.0501716
-0.050717
-0.0512668
-0.0518226
-0.0523821
-0.0529476
-0.0535178
-0.0540925
-0.0546738
-0.0552577
-0.05585
-0.056444
-0.0570459
-0.0576516
-0.0582617
-0.0588799
-0.0594983
-0.0601271
-0.0607567
-0.0613924
-0.0620343
-0.0626773
-0.063325
-0.0639761
-0.0646198
-0.0652593
-0.065878
-0.0664501
-0.0669498
-0.0144978
-0.0138363
-0.00977213
-0.00519193
-0.00138217
0.0013202
0.00288227
0.00340945
0.00315771
0.00243359
0.00150085
0.000540787
-0.000343339
-0.00110151
-0.00171131
-0.00216329
-0.0024623
-0.00262671
-0.0026851
-0.00267164
-0.00262135
-0.00256783
-0.0025428
-0.00257386
-0.00268027
-0.00286931
-0.00313467
-0.003457
-0.00380649
-0.00414921
-0.00445511
-0.00470614
-0.00490234
-0.00506142
-0.00521062
-0.00537602
-0.0055747
-0.00581082
-0.00607813
-0.00636457
-0.00665513
-0.00693708
-0.00720284
-0.00744953
-0.0076815
-0.00791015
-0.00814986
-0.00841347
-0.00870196
-0.00899856
-0.00927956
-0.00953143
-0.00976172
-0.00999748
-0.0102629
-0.010552
-0.0108354
-0.0110921
-0.0113209
-0.0115352
-0.0117597
-0.0120144
-0.0122885
-0.0125443
-0.0127584
-0.012948
-0.0131509
-0.0133877
-0.0136444
-0.0138865
-0.0140918
-0.0142797
-0.0144945
-0.0147537
-0.0150224
-0.0152552
-0.0154536
-0.0156636
-0.0159186
-0.0162009
-0.0164643
-0.0166882
-0.0169054
-0.0171604
-0.0174483
-0.0177243
-0.0179654
-0.018202
-0.018474
-0.018769
-0.0190383
-0.019278
-0.0195399
-0.0198419
-0.0201358
-0.0203954
-0.0206574
-0.0209498
-0.0212488
-0.0215333
-0.0218162
-0.0221087
-0.0224024
-0.0226953
-0.0229947
-0.0232988
-0.023599
-0.0238982
-0.0242049
-0.0245181
-0.0248296
-0.0251399
-0.0254546
-0.0257748
-0.0260967
-0.0264192
-0.0267445
-0.0270738
-0.0274059
-0.0277399
-0.0280769
-0.0284167
-0.02876
-0.0291057
-0.0294551
-0.0298071
-0.030163
-0.0305215
-0.0308839
-0.0312491
-0.0316183
-0.0319906
-0.0323668
-0.0327466
-0.03313
-0.0335173
-0.0339081
-0.0343031
-0.0347013
-0.0351039
-0.0355098
-0.0359201
-0.0363338
-0.0367518
-0.0371736
-0.0375992
-0.0380292
-0.0384628
-0.0389009
-0.0393427
-0.0397891
-0.0402393
-0.0406939
-0.0411528
-0.0416157
-0.0420834
-0.0425549
-0.0430312
-0.0435116
-0.0439965
-0.0444859
-0.0449796
-0.0454781
-0.0459809
-0.0464883
-0.0470006
-0.0475168
-0.0480389
-0.0485643
-0.0490958
-0.049631
-0.0501717
-0.0507172
-0.051267
-0.0518228
-0.0523824
-0.052948
-0.0535182
-0.054093
-0.0546744
-0.0552584
-0.0558508
-0.0564449
-0.0570471
-0.0576529
-0.0582633
-0.0588819
-0.0595006
-0.06013
-0.0607602
-0.0613967
-0.0620397
-0.0626837
-0.063333
-0.0639856
-0.064631
-0.0652724
-0.0658927
-0.0664662
-0.0669672
-0.014495
-0.0138312
-0.00976401
-0.00518331
-0.00137605
0.00132124
0.00287645
0.00339627
0.00313751
0.002407
0.00146844
0.000502833
-0.000386271
-0.00114859
-0.00176202
-0.00221598
-0.00251412
-0.00267476
-0.00272577
-0.00270048
-0.00263706
-0.00257465
-0.00254827
-0.00258666
-0.0027084
-0.00291813
-0.0032035
-0.00353813
-0.00388725
-0.0042156
-0.00449599
-0.00471706
-0.00488713
-0.00503146
-0.00518163
-0.00536193
-0.00558119
-0.0058325
-0.00610057
-0.00637151
-0.00663729
-0.00689646
-0.00715056
-0.00739868
-0.00763834
-0.00787099
-0.00810558
-0.008356
-0.00863057
-0.00892085
-0.00920374
-0.0094599
-0.00968935
-0.00991397
-0.0101631
-0.0104442
-0.0107346
-0.0110044
-0.0112398
-0.0114511
-0.011667
-0.0119138
-0.0121912
-0.0124648
-0.0126981
-0.0128931
-0.0130876
-0.0133164
-0.0135762
-0.0138354
-0.0140552
-0.0142424
-0.0144463
-0.0147003
-0.0149778
-0.0152268
-0.0154334
-0.015636
-0.0158791
-0.016161
-0.0164363
-0.0166723
-0.0168883
-0.0171326
-0.0174147
-0.0176992
-0.0179488
-0.0181807
-0.0184406
-0.0187355
-0.0190193
-0.019265
-0.0195136
-0.0198065
-0.020111
-0.0203808
-0.0206376
-0.0209227
-0.0212246
-0.0215132
-0.0217949
-0.0220873
-0.0223841
-0.0226771
-0.0229742
-0.0232794
-0.0235833
-0.0238828
-0.0241874
-0.024501
-0.0248152
-0.0251265
-0.0254406
-0.0257613
-0.0260846
-0.0264079
-0.0267335
-0.0270631
-0.0273958
-0.0277304
-0.0280677
-0.0284082
-0.0287522
-0.0290987
-0.0294486
-0.0298012
-0.0301574
-0.0305164
-0.0308792
-0.0312449
-0.0316145
-0.0319873
-0.0323639
-0.032744
-0.0331276
-0.0335152
-0.0339061
-0.0343013
-0.0346997
-0.0351025
-0.0355085
-0.035919
-0.0363329
-0.0367509
-0.0371728
-0.0375986
-0.0380286
-0.0384623
-0.0389006
-0.0393424
-0.0397888
-0.0402391
-0.0406937
-0.0411527
-0.0416156
-0.0420833
-0.0425548
-0.0430311
-0.0435115
-0.0439965
-0.0444859
-0.0449796
-0.0454781
-0.0459809
-0.0464882
-0.0470006
-0.0475168
-0.0480389
-0.0485643
-0.0490959
-0.0496311
-0.0501718
-0.0507173
-0.0512672
-0.051823
-0.0523827
-0.0529483
-0.0535186
-0.0540935
-0.054675
-0.0552591
-0.0558517
-0.0564459
-0.0570483
-0.0576544
-0.058265
-0.0588841
-0.0595032
-0.0601332
-0.0607641
-0.0614014
-0.0620455
-0.0626906
-0.0633414
-0.0639956
-0.0646425
-0.0652857
-0.0659076
-0.0664823
-0.0669843
-0.0145129
-0.0138484
-0.00977689
-0.00519326
-0.00138544
0.00131048
0.00286192
0.00337682
0.00311395
0.00238083
0.00144155
0.000476773
-0.000410363
-0.0011685
-0.0017751
-0.00221985
-0.00250542
-0.0026516
-0.00268933
-0.00264966
-0.00257177
-0.0025008
-0.00247546
-0.002528
-0.00267213
-0.00291175
-0.00322289
-0.00357049
-0.00391592
-0.00422468
-0.00447384
-0.00466032
-0.004804
-0.00493935
-0.00509957
-0.00530287
-0.00554637
-0.00581084
-0.00607364
-0.00632266
-0.00656091
-0.00680005
-0.00704883
-0.00730463
-0.00755547
-0.00779225
-0.00801949
-0.0082539
-0.00851168
-0.00879289
-0.00907757
-0.00934083
-0.00957333
-0.00979035
-0.0100221
-0.0102873
-0.0105748
-0.0108538
-0.0111038
-0.0113206
-0.0115326
-0.01177
-0.0120407
-0.0123188
-0.0125668
-0.0127747
-0.0129707
-0.0131955
-0.0134628
-0.0137361
-0.0139763
-0.0141774
-0.0143779
-0.0146197
-0.0148972
-0.0151643
-0.0153896
-0.0155929
-0.0158228
-0.016097
-0.0163805
-0.0166322
-0.0168535
-0.0170825
-0.0173544
-0.0176459
-0.0179123
-0.0181498
-0.0184002
-0.0186877
-0.0189826
-0.0192437
-0.0194852
-0.0197635
-0.0200726
-0.0203585
-0.0206163
-0.0208925
-0.0211951
-0.0214908
-0.0217734
-0.0220641
-0.0223633
-0.0226586
-0.0229535
-0.0232577
-0.023565
-0.0238671
-0.0241702
-0.0244826
-0.0247992
-0.0251128
-0.0254265
-0.0257466
-0.026071
-0.0263957
-0.0267215
-0.0270513
-0.0273849
-0.0277204
-0.0280586
-0.0283996
-0.0287441
-0.029091
-0.0294414
-0.0297944
-0.0301513
-0.0305108
-0.0308741
-0.0312404
-0.0316104
-0.0319836
-0.0323605
-0.0327409
-0.0331249
-0.0335127
-0.0339039
-0.0342993
-0.0346979
-0.0351009
-0.0355071
-0.0359177
-0.0363317
-0.0367499
-0.0371719
-0.0375978
-0.038028
-0.0384617
-0.0389001
-0.039342
-0.0397885
-0.0402388
-0.0406935
-0.0411525
-0.0416155
-0.0420832
-0.0425547
-0.043031
-0.0435114
-0.0439964
-0.0444858
-0.0449796
-0.045478
-0.0459809
-0.0464882
-0.0470006
-0.0475169
-0.048039
-0.0485644
-0.049096
-0.0496312
-0.050172
-0.0507175
-0.0512675
-0.0518233
-0.0523831
-0.0529487
-0.0535191
-0.0540941
-0.0546757
-0.0552599
-0.0558527
-0.056447
-0.0570498
-0.057656
-0.058267
-0.0588865
-0.059506
-0.0601367
-0.0607683
-0.0614065
-0.0620517
-0.062698
-0.0633501
-0.0640059
-0.0646544
-0.0652992
-0.0659226
-0.0664984
-0.0670013
-0.0143255
-0.0136819
-0.00963222
-0.00507312
-0.00129408
0.00136705
0.00287747
0.00334627
0.00303549
0.0022577
0.00127996
0.000285767
-0.000620059
-0.00138763
-0.00199244
-0.00242351
-0.00268806
-0.00280505
-0.00280522
-0.00273454
-0.00263883
-0.0025594
-0.00253803
-0.00260614
-0.00277964
-0.00304309
-0.00336902
-0.00371532
-0.00404065
-0.00431481
-0.00452398
-0.00467583
-0.00480035
-0.0049371
-0.00511523
-0.00534169
-0.00560128
-0.0058664
-0.00611284
-0.00633418
-0.00654508
-0.00676812
-0.00701528
-0.00727898
-0.00753864
-0.00777807
-0.00799835
-0.00821762
-0.0084582
-0.00872847
-0.00901419
-0.00928755
-0.00952925
-0.00974554
-0.00996481
-0.0102149
-0.0104969
-0.010782
-0.0110353
-0.0112546
-0.0114596
-0.0116827
-0.0119412
-0.0122207
-0.0124858
-0.0127129
-0.0129146
-0.0131288
-0.0133812
-0.0136566
-0.0139158
-0.0141357
-0.0143358
-0.0145611
-0.0148296
-0.0151085
-0.0153545
-0.0155665
-0.0157863
-0.0160468
-0.0163314
-0.0165983
-0.0168326
-0.0170606
-0.0173192
-0.017607
-0.0178845
-0.0181318
-0.0183758
-0.0186504
-0.0189478
-0.0192264
-0.0194755
-0.0197374
-0.0200403
-0.0203396
-0.0206041
-0.0208712
-0.0211687
-0.0214697
-0.021755
-0.0220442
-0.0223432
-0.0226414
-0.0229354
-0.0232368
-0.0235457
-0.0238516
-0.0241545
-0.0244645
-0.0247816
-0.0250979
-0.0254123
-0.0257315
-0.0260565
-0.026383
-0.0267098
-0.0270398
-0.0273739
-0.0277101
-0.0280487
-0.02839
-0.028735
-0.0290827
-0.0294337
-0.0297874
-0.0301448
-0.0305048
-0.0308686
-0.0312353
-0.0316058
-0.0319794
-0.0323567
-0.0327375
-0.0331218
-0.03351
-0.0339014
-0.0342971
-0.0346958
-0.0350991
-0.0355054
-0.0359162
-0.0363303
-0.0367487
-0.0371709
-0.0375969
-0.0380272
-0.038461
-0.0388995
-0.0393414
-0.0397881
-0.0402384
-0.0406932
-0.0411522
-0.0416153
-0.042083
-0.0425545
-0.0430309
-0.0435113
-0.0439963
-0.0444857
-0.0449795
-0.0454779
-0.0459809
-0.0464882
-0.0470006
-0.0475169
-0.048039
-0.0485645
-0.049096
-0.0496314
-0.0501721
-0.0507177
-0.0512678
-0.0518236
-0.0523835
-0.0529492
-0.0535197
-0.0540947
-0.0546765
-0.0552608
-0.0558538
-0.0564483
-0.0570513
-0.0576579
-0.0582692
-0.0588892
-0.0595092
-0.0601406
-0.060773
-0.0614119
-0.0620583
-0.0627058
-0.0633593
-0.0640166
-0.0646665
-0.0653128
-0.0659375
-0.0665142
-0.0670179
-0.0141372
-0.0134799
-0.00941512
-0.00483982
-0.0010463
0.00162598
0.00314202
0.00360865
0.00328749
0.00249258
0.00149512
0.000482414
-0.000437682
-0.00121126
-0.00181273
-0.00223307
-0.00248172
-0.00258463
-0.00258016
-0.00251295
-0.00242847
-0.00237043
-0.00237869
-0.0024817
-0.002687
-0.00297754
-0.0033181
-0.00366509
-0.00397586
-0.00422145
-0.00440005
-0.00453598
-0.00466469
-0.0048188
-0.00501891
-0.00526539
-0.00553702
-0.00580304
-0.00604119
-0.00624965
-0.00644741
-0.0066612
-0.00690597
-0.00717444
-0.00744347
-0.00769165
-0.00791382
-0.00812465
-0.00834922
-0.00860469
-0.00888599
-0.00916701
-0.0094206
-0.00964199
-0.00985338
-0.0100861
-0.010353
-0.0106367
-0.0109057
-0.0111416
-0.0113536
-0.0115711
-0.0118182
-0.0120926
-0.0123667
-0.0126114
-0.0128256
-0.0130377
-0.0132783
-0.0135493
-0.0138201
-0.0140596
-0.0142707
-0.0144896
-0.0147458
-0.0150252
-0.0152882
-0.0155179
-0.0157382
-0.0159852
-0.0162631
-0.0165401
-0.0167904
-0.0170244
-0.0172737
-0.0175523
-0.0178367
-0.0180987
-0.0183458
-0.0186093
-0.0188999
-0.0191897
-0.0194515
-0.0197079
-0.0199973
-0.0203018
-0.0205805
-0.0208471
-0.0211365
-0.0214389
-0.0217289
-0.0220134
-0.0223115
-0.0226142
-0.0229118
-0.0232118
-0.0235202
-0.0238299
-0.0241355
-0.0244442
-0.0247608
-0.0250797
-0.0253964
-0.0257154
-0.02604
-0.0263675
-0.0266956
-0.027026
-0.0273604
-0.0276979
-0.0280377
-0.0283798
-0.0287256
-0.0290739
-0.0294256
-0.0297797
-0.0301376
-0.0304982
-0.0308626
-0.0312298
-0.0316007
-0.0319748
-0.0323525
-0.0327337
-0.0331183
-0.0335068
-0.0338985
-0.0342945
-0.0346935
-0.0350969
-0.0355035
-0.0359145
-0.0363288
-0.0367473
-0.0371696
-0.0375957
-0.0380262
-0.0384601
-0.0388987
-0.0393408
-0.0397875
-0.0402379
-0.0406928
-0.0411518
-0.0416149
-0.0420827
-0.0425543
-0.0430307
-0.0435111
-0.0439962
-0.0444856
-0.0449794
-0.0454779
-0.0459808
-0.0464882
-0.0470006
-0.047517
-0.048039
-0.0485646
-0.0490962
-0.0496315
-0.0501723
-0.0507179
-0.0512681
-0.051824
-0.0523839
-0.0529497
-0.0535203
-0.0540955
-0.0546774
-0.0552619
-0.0558551
-0.0564498
-0.0570531
-0.05766
-0.0582717
-0.0588921
-0.0595127
-0.0601447
-0.060778
-0.0614178
-0.0620653
-0.0627139
-0.0633687
-0.0640275
-0.0646788
-0.0653264
-0.0659523
-0.0665299
-0.0670342
-0.0138329
-0.0133144
-0.00941213
-0.0049981
-0.00134933
0.00120116
0.00261856
0.00301171
0.00264396
0.00182883
0.000834488
-0.000155602
-0.00103558
-0.0017513
-0.00227606
-0.00260644
-0.00276416
-0.00278918
-0.00272942
-0.00263443
-0.00255148
-0.00252108
-0.0025724
-0.00271691
-0.00294581
-0.00323313
-0.00354353
-0.00384108
-0.00409713
-0.00429867
-0.00445257
-0.00458155
-0.00471416
-0.00487535
-0.00507855
-0.00532014
-0.00558082
-0.00583491
-0.00606335
-0.00626362
-0.00645082
-0.0066489
-0.00687635
-0.00713429
-0.00740453
-0.00766103
-0.0078884
-0.00809357
-0.00830157
-0.0085375
-0.00880646
-0.00908779
-0.00935103
-0.00958156
-0.00979256
-0.010013
-0.0102631
-0.0105378
-0.0108125
-0.011063
-0.0112863
-0.0115026
-0.0117375
-0.0119996
-0.012273
-0.0125305
-0.0127608
-0.0129782
-0.0132097
-0.0134689
-0.0137402
-0.0139954
-0.0142242
-0.0144455
-0.0146884
-0.0149582
-0.0152296
-0.0154778
-0.0157071
-0.0159456
-0.016212
-0.0164906
-0.0167541
-0.0169986
-0.0172448
-0.0175125
-0.0177959
-0.0180692
-0.0183244
-0.0185827
-0.0188628
-0.0191542
-0.0194304
-0.0196909
-0.0199666
-0.0202659
-0.0205573
-0.0208302
-0.0211116
-0.0214106
-0.0217067
-0.021995
-0.0222898
-0.0225924
-0.0228928
-0.0231925
-0.0234988
-0.0238099
-0.0241186
-0.0244272
-0.0247422
-0.025062
-0.025381
-0.0257005
-0.0260245
-0.0263528
-0.0266823
-0.0270134
-0.0273481
-0.0276862
-0.0280268
-0.0283695
-0.0287156
-0.0290645
-0.0294168
-0.0297716
-0.0301301
-0.0304912
-0.0308561
-0.0312238
-0.0315952
-0.0319697
-0.0323478
-0.0327294
-0.0331144
-0.0335032
-0.0338953
-0.0342915
-0.0346908
-0.0350945
-0.0355013
-0.0359125
-0.036327
-0.0367457
-0.0371682
-0.0375945
-0.0380251
-0.0384591
-0.0388978
-0.03934
-0.0397868
-0.0402373
-0.0406923
-0.0411514
-0.0416145
-0.0420824
-0.042554
-0.0430305
-0.0435109
-0.043996
-0.0444854
-0.0449792
-0.0454778
-0.0459807
-0.0464882
-0.0470005
-0.047517
-0.048039
-0.0485646
-0.0490963
-0.0496316
-0.0501726
-0.0507182
-0.0512684
-0.0518244
-0.0523843
-0.0529503
-0.0535209
-0.0540963
-0.0546783
-0.055263
-0.0558564
-0.0564514
-0.057055
-0.0576623
-0.0582744
-0.0588953
-0.0595165
-0.0601491
-0.0607833
-0.061424
-0.0620726
-0.0627224
-0.0633784
-0.0640385
-0.0646911
-0.0653399
-0.0659669
-0.0665453
-0.0670502
-0.0119305
-0.0112042
-0.00721776
-0.00287911
0.000574302
0.00285594
0.00395047
0.00401285
0.00334977
0.00229588
0.00112742
2.58091e-05
-0.000908181
-0.00161933
-0.00208828
-0.00233742
-0.00242062
-0.00240326
-0.00234611
-0.00229752
-0.00229142
-0.00234779
-0.0024721
-0.00265684
-0.00288668
-0.00314336
-0.0034089
-0.00366751
-0.00390665
-0.00411798
-0.00429948
-0.00445803
-0.00460952
-0.00477462
-0.00497042
-0.00520144
-0.00545684
-0.00571536
-0.00595581
-0.00616815
-0.00635917
-0.0065498
-0.00676374
-0.00701189
-0.00728271
-0.00754892
-0.00778813
-0.00799976
-0.00820459
-0.00842874
-0.00868392
-0.00895893
-0.00922848
-0.00947315
-0.00969451
-0.00991278
-0.0101502
-0.0104129
-0.0106862
-0.0109475
-0.0111853
-0.0114087
-0.0116388
-0.0118901
-0.0121577
-0.0124223
-0.0126679
-0.0128965
-0.0131267
-0.013376
-0.0136423
-0.0139065
-0.014152
-0.0143827
-0.0146201
-0.0148798
-0.0151517
-0.0154129
-0.0156554
-0.0158952
-0.0161526
-0.0164266
-0.0166976
-0.0169539
-0.0172039
-0.0174653
-0.0177435
-0.0180222
-0.0182877
-0.0185483
-0.018821
-0.0191083
-0.0193935
-0.0196636
-0.0199341
-0.0202246
-0.0205218
-0.0208043
-0.0210836
-0.0213776
-0.0216773
-0.0219705
-0.0222642
-0.0225657
-0.0228691
-0.0231708
-0.0234758
-0.0237866
-0.0240982
-0.0244088
-0.0247228
-0.0250424
-0.0253634
-0.0256845
-0.0260086
-0.0263371
-0.0266679
-0.027
-0.0273351
-0.0276735
-0.0280149
-0.0283583
-0.0287051
-0.0290546
-0.0294075
-0.0297628
-0.0301219
-0.0304836
-0.030849
-0.0312172
-0.0315891
-0.0319641
-0.0323427
-0.0327247
-0.0331101
-0.0334993
-0.0338916
-0.0342882
-0.0346878
-0.0350917
-0.0354988
-0.0359102
-0.0363249
-0.0367438
-0.0371665
-0.037593
-0.0380237
-0.0384579
-0.0388968
-0.0393391
-0.039786
-0.0402366
-0.0406916
-0.0411509
-0.0416141
-0.042082
-0.0425536
-0.0430302
-0.0435106
-0.0439958
-0.0444852
-0.0449791
-0.0454777
-0.0459806
-0.0464881
-0.0470005
-0.047517
-0.0480391
-0.0485647
-0.0490964
-0.0496318
-0.0501728
-0.0507185
-0.0512687
-0.0518248
-0.0523849
-0.052951
-0.0535217
-0.0540972
-0.0546794
-0.0552643
-0.055858
-0.0564532
-0.0570571
-0.0576648
-0.0582773
-0.0588988
-0.0595205
-0.0601539
-0.0607888
-0.0614304
-0.0620801
-0.062731
-0.0633882
-0.0640496
-0.0647034
-0.0653533
-0.0659813
-0.0665604
-0.0670657
-0.0131827
-0.0129971
-0.00958166
-0.00567948
-0.00244941
-0.000169821
0.00114823
0.001618
0.00146377
0.000938484
0.000250112
-0.000455238
-0.00108601
-0.00159563
-0.00196334
-0.00219728
-0.00232527
-0.00238767
-0.00242343
-0.00246127
-0.00251876
-0.00260455
-0.00272081
-0.00286571
-0.00303653
-0.00323058
-0.00344392
-0.00366975
-0.00389724
-0.00411347
-0.00430896
-0.00448223
-0.00464155
-0.00480289
-0.00498329
-0.00519273
-0.00542891
-0.00567757
-0.00591914
-0.00613916
-0.00633679
-0.00652632
-0.00672943
-0.00696087
-0.00721731
-0.00747921
-0.00772509
-0.0079473
-0.00815713
-0.00837503
-0.00861468
-0.00887425
-0.00913914
-0.00939231
-0.00962621
-0.00984894
-0.0100786
-0.0103278
-0.0105922
-0.0108554
-0.0111035
-0.0113369
-0.0115685
-0.0118121
-0.0120705
-0.0123339
-0.0125881
-0.0128285
-0.0130639
-0.0133081
-0.0135668
-0.0138311
-0.0140866
-0.0143292
-0.0145699
-0.0148228
-0.0150889
-0.0153548
-0.0156095
-0.0158568
-0.0161102
-0.0163771
-0.0166494
-0.0169147
-0.017172
-0.0174323
-0.0177042
-0.0179825
-0.0182556
-0.018522
-0.018792
-0.0190734
-0.01936
-0.0196386
-0.0199115
-0.0201954
-0.0204904
-0.0207798
-0.0210622
-0.0213525
-0.0216512
-0.021948
-0.0222427
-0.0225428
-0.022847
-0.0231509
-0.0234558
-0.0237656
-0.0240783
-0.024391
-0.0247052
-0.025024
-0.025346
-0.0256688
-0.0259933
-0.0263216
-0.0266531
-0.0269863
-0.027322
-0.0276608
-0.0280028
-0.028347
-0.0286944
-0.0290443
-0.0293977
-0.0297532
-0.0301131
-0.0304755
-0.0308415
-0.0312102
-0.0315826
-0.0319581
-0.0323371
-0.0327195
-0.0331052
-0.0334948
-0.0338875
-0.0342844
-0.0346843
-0.0350886
-0.0354959
-0.0359075
-0.0363225
-0.0367416
-0.0371645
-0.0375911
-0.0380221
-0.0384564
-0.0388954
-0.0393378
-0.0397849
-0.0402356
-0.0406907
-0.0411501
-0.0416133
-0.0420813
-0.0425531
-0.0430297
-0.0435102
-0.0439953
-0.0444849
-0.0449788
-0.0454774
-0.0459804
-0.0464879
-0.0470004
-0.0475169
-0.0480391
-0.0485647
-0.0490965
-0.0496319
-0.050173
-0.0507188
-0.0512691
-0.0518253
-0.0523854
-0.0529516
-0.0535225
-0.0540981
-0.0546806
-0.0552656
-0.0558596
-0.056455
-0.0570593
-0.0576674
-0.0582803
-0.0589024
-0.0595248
-0.0601588
-0.0607946
-0.0614371
-0.0620877
-0.0627398
-0.063398
-0.0640606
-0.0647155
-0.0653664
-0.0659952
-0.066575
-0.0670807
0.00880371
0.00876605
0.00559322
0.00181595
-0.00114328
-0.00309088
-0.00404655
-0.00419335
-0.00381668
-0.00319441
-0.00253702
-0.00198128
-0.00160886
-0.00145888
-0.0015179
-0.00172439
-0.00200066
-0.0022736
-0.00249371
-0.00264462
-0.00273747
-0.00280002
-0.00286426
-0.00295591
-0.00308688
-0.00325399
-0.00344542
-0.0036488
-0.00385561
-0.00406039
-0.00425846
-0.00444645
-0.00462498
-0.00479919
-0.00497744
-0.00516953
-0.00538232
-0.00561358
-0.00585082
-0.00607859
-0.00628921
-0.00648802
-0.00668945
-0.00690723
-0.00714566
-0.00739655
-0.00764407
-0.00787642
-0.00809521
-0.00831308
-0.00854295
-0.00878919
-0.00904594
-0.00930099
-0.00954383
-0.00977446
-0.0100041
-0.0102453
-0.0105006
-0.0107611
-0.0110148
-0.0112575
-0.0114945
-0.0117359
-0.011988
-0.0122478
-0.0125059
-0.0127552
-0.0129977
-0.0132421
-0.0134959
-0.0137571
-0.0140169
-0.014269
-0.0145158
-0.0147666
-0.0150271
-0.0152928
-0.0155546
-0.0158094
-0.0160639
-0.0163265
-0.0165967
-0.0168658
-0.0171298
-0.0173926
-0.0176609
-0.0179367
-0.0182133
-0.0184854
-0.0187569
-0.0190349
-0.0193192
-0.0196025
-0.0198816
-0.0201635
-0.0204539
-0.0207462
-0.0210344
-0.0213244
-0.0216209
-0.0219195
-0.022217
-0.022517
-0.0228213
-0.023127
-0.0234333
-0.0237428
-0.0240558
-0.0243704
-0.024686
-0.0250047
-0.0253269
-0.0256511
-0.0259767
-0.0263054
-0.0266373
-0.0269716
-0.0273082
-0.0276475
-0.02799
-0.028335
-0.0286831
-0.0290338
-0.029388
-0.029745
-0.030105
-0.0304677
-0.030834
-0.0312032
-0.031576
-0.0319519
-0.0323314
-0.0327142
-0.0331004
-0.0334903
-0.0338834
-0.0342806
-0.0346809
-0.0350854
-0.035493
-0.0359049
-0.0363202
-0.0367395
-0.0371626
-0.0375894
-0.0380205
-0.0384551
-0.0388942
-0.0393368
-0.039784
-0.0402348
-0.04069
-0.0411494
-0.0416128
-0.0420809
-0.0425526
-0.0430293
-0.0435099
-0.0439951
-0.0444847
-0.0449786
-0.0454773
-0.0459803
-0.0464879
-0.0470004
-0.0475169
-0.0480391
-0.0485648
-0.0490967
-0.0496321
-0.0501733
-0.0507191
-0.0512695
-0.0518258
-0.052386
-0.0529523
-0.0535234
-0.0540992
-0.0546818
-0.055267
-0.0558612
-0.0564571
-0.0570616
-0.0576701
-0.0582836
-0.0589061
-0.0595292
-0.0601639
-0.0608005
-0.0614438
-0.0620954
-0.0627485
-0.0634078
-0.0640714
-0.0647273
-0.0653791
-0.0660087
-0.066589
-0.067095
-0.0138224
-0.0138144
-0.0105321
-0.00646336
-0.00306866
-0.000609249
0.00090707
0.00157881
0.0016104
0.00123441
0.00065099
5.22262e-06
-0.000607452
-0.00112695
-0.00151802
-0.00177507
-0.00192475
-0.00200694
-0.0020626
-0.00212418
-0.00221482
-0.00234614
-0.00251591
-0.00270935
-0.00290568
-0.0030885
-0.00325407
-0.00341216
-0.00357937
-0.00376864
-0.00398164
-0.00420828
-0.00443219
-0.00463973
-0.00482897
-0.00501158
-0.00520471
-0.00541912
-0.00565246
-0.00589224
-0.00612507
-0.00634508
-0.00655639
-0.00677002
-0.00699673
-0.00723882
-0.00748787
-0.00773193
-0.00796542
-0.00819257
-0.00842275
-0.00866297
-0.00891333
-0.00916744
-0.00941745
-0.00965977
-0.00989754
-0.0101381
-0.0103871
-0.0106434
-0.0109006
-0.0111522
-0.0113974
-0.0116416
-0.0118913
-0.012148
-0.0124076
-0.0126635
-0.0129137
-0.0131624
-0.0134153
-0.0136748
-0.0139368
-0.0141954
-0.0144493
-0.0147033
-0.014963
-0.0152281
-0.0154933
-0.0157546
-0.0160141
-0.0162773
-0.016546
-0.0168169
-0.017086
-0.0173532
-0.0176224
-0.0178969
-0.0181744
-0.0184507
-0.0187258
-0.0190032
-0.0192854
-0.0195706
-0.0198545
-0.0201374
-0.0204248
-0.0207174
-0.0210095
-0.0213008
-0.0215957
-0.0218946
-0.0221942
-0.0224949
-0.0227987
-0.0231052
-0.0234129
-0.0237228
-0.0240357
-0.0243511
-0.0246678
-0.0249869
-0.0253091
-0.025634
-0.0259608
-0.0262899
-0.0266221
-0.026957
-0.0272944
-0.0276342
-0.0279772
-0.0283227
-0.0286714
-0.0290225
-0.0293772
-0.0297343
-0.0300947
-0.030458
-0.0308249
-0.0311946
-0.031568
-0.0319444
-0.0323243
-0.0327076
-0.0330942
-0.0334846
-0.0338781
-0.0342757
-0.0346763
-0.0350811
-0.0354891
-0.0359013
-0.0363168
-0.0367364
-0.0371597
-0.0375868
-0.0380182
-0.0384529
-0.0388923
-0.039335
-0.0397823
-0.0402334
-0.0406887
-0.0411483
-0.0416117
-0.0420799
-0.0425518
-0.0430285
-0.0435092
-0.0439945
-0.0444841
-0.0449781
-0.0454769
-0.0459799
-0.0464876
-0.0470002
-0.0475167
-0.048039
-0.0485648
-0.0490967
-0.0496322
-0.0501734
-0.0507194
-0.0512698
-0.0518263
-0.0523866
-0.052953
-0.0535242
-0.0541002
-0.0546831
-0.0552685
-0.055863
-0.0564591
-0.057064
-0.057673
-0.0582869
-0.0589099
-0.0595336
-0.060169
-0.0608063
-0.0614506
-0.062103
-0.0627571
-0.0634173
-0.0640818
-0.0647387
-0.0653913
-0.0660215
-0.0666023
-0.0671086
0.0127971
0.0126852
0.00920284
0.0049196
0.00134123
-0.00126673
-0.00289199
-0.00364286
-0.00374641
-0.00345788
-0.00298987
-0.00248734
-0.00203665
-0.00168679
-0.00146865
-0.00139493
-0.0014483
-0.00159904
-0.00181499
-0.00206701
-0.00233006
-0.00258252
-0.0028062
-0.00298899
-0.00312889
-0.00323726
-0.00333703
-0.00345481
-0.00361013
-0.00380768
-0.004037
-0.00427813
-0.00451001
-0.00471926
-0.00490567
-0.00508098
-0.00526248
-0.00546396
-0.00568791
-0.00592488
-0.006161
-0.00638678
-0.00660141
-0.00681199
-0.00702865
-0.00725769
-0.00749763
-0.00774078
-0.00797915
-0.00821032
-0.00843886
-0.00867176
-0.00891247
-0.00915913
-0.00940712
-0.0096523
-0.00989333
-0.0101328
-0.0103755
-0.0106245
-0.0108778
-0.0111302
-0.0113782
-0.0116237
-0.011871
-0.0121231
-0.0123789
-0.0126345
-0.0128876
-0.0131386
-0.0133907
-0.0136465
-0.0139054
-0.0141646
-0.0144218
-0.0146777
-0.0149355
-0.0151973
-0.0154614
-0.0157248
-0.0159867
-0.0162494
-0.0165156
-0.0167851
-0.0170548
-0.0173236
-0.0175934
-0.0178664
-0.0181423
-0.0184193
-0.0186961
-0.0189739
-0.0192551
-0.0195399
-0.019825
-0.0201095
-0.0203968
-0.0206885
-0.0209816
-0.0212744
-0.0215695
-0.0218683
-0.0221689
-0.0224707
-0.0227748
-0.0230817
-0.0233904
-0.0237011
-0.0240142
-0.0243301
-0.024648
-0.024968
-0.0252906
-0.0256161
-0.0259437
-0.0262737
-0.0266064
-0.0269418
-0.0272799
-0.0276204
-0.027964
-0.0283101
-0.0286594
-0.0290111
-0.0293662
-0.0297238
-0.030085
-0.030449
-0.0308165
-0.0311868
-0.0315607
-0.0319376
-0.032318
-0.0327017
-0.0330887
-0.0334795
-0.0338734
-0.0342714
-0.0346723
-0.0350775
-0.0354857
-0.0358982
-0.036314
-0.0367339
-0.0371574
-0.0375847
-0.0380163
-0.0384512
-0.0388907
-0.0393336
-0.0397811
-0.0402322
-0.0406877
-0.0411473
-0.0416109
-0.0420792
-0.0425511
-0.0430279
-0.0435087
-0.043994
-0.0444837
-0.0449778
-0.0454766
-0.0459797
-0.0464874
-0.047
-0.0475166
-0.048039
-0.0485648
-0.0490968
-0.0496324
-0.0501736
-0.0507197
-0.0512702
-0.0518268
-0.0523872
-0.0529538
-0.0535251
-0.0541013
-0.0546843
-0.05527
-0.0558647
-0.0564612
-0.0570664
-0.0576758
-0.0582902
-0.0589138
-0.0595381
-0.0601741
-0.0608121
-0.0614571
-0.0621104
-0.0627653
-0.0634265
-0.0640918
-0.0647495
-0.0654028
-0.0660335
-0.0666147
-0.0671213
-0.0130874
-0.0130509
-0.0096865
-0.00553229
-0.00206801
0.000433423
0.00195893
0.00261098
0.00260788
0.00219743
0.00158733
0.000919247
0.000276498
-0.000295513
-0.000769588
-0.00113204
-0.00138988
-0.00156429
-0.00168245
-0.00177302
-0.00186099
-0.00195972
-0.00207853
-0.00222452
-0.00240214
-0.00261001
-0.00283928
-0.00307645
-0.00330907
-0.00353023
-0.00373916
-0.00393914
-0.00413533
-0.00433271
-0.00453467
-0.00474348
-0.00496102
-0.00518765
-0.00542106
-0.00565714
-0.0058917
-0.00612172
-0.00634692
-0.00657055
-0.00679783
-0.00703286
-0.00727607
-0.00752346
-0.00776901
-0.00800938
-0.00824665
-0.00848593
-0.0087306
-0.00898015
-0.00923162
-0.00948214
-0.00973055
-0.00997782
-0.0102264
-0.0104783
-0.010733
-0.0109884
-0.0112427
-0.0114958
-0.0117491
-0.012004
-0.0122612
-0.0125198
-0.0127784
-0.013036
-0.0132931
-0.0135515
-0.0138125
-0.0140751
-0.0143373
-0.0145986
-0.0148604
-0.0151243
-0.0153905
-0.0156575
-0.0159241
-0.0161909
-0.0164594
-0.0167303
-0.0170025
-0.0172754
-0.0175486
-0.0178232
-0.0181002
-0.0183791
-0.0186583
-0.0189386
-0.0192214
-0.0195063
-0.0197922
-0.0200794
-0.0203686
-0.0206603
-0.0209538
-0.0212486
-0.0215452
-0.0218443
-0.0221455
-0.0224484
-0.0227532
-0.0230606
-0.0233701
-0.0236817
-0.0239953
-0.0243116
-0.0246302
-0.024951
-0.025274
-0.0255998
-0.0259281
-0.0262588
-0.026592
-0.0269278
-0.0272665
-0.0276076
-0.0279517
-0.0282983
-0.0286481
-0.0290003
-0.0293558
-0.0297138
-0.0300761
-0.0304404
-0.0308082
-0.0311787
-0.0315529
-0.0319301
-0.0323108
-0.0326949
-0.0330823
-0.0334734
-0.0338677
-0.034266
-0.0346673
-0.0350728
-0.0354814
-0.0358942
-0.0363103
-0.0367305
-0.0371543
-0.0375819
-0.0380137
-0.0384488
-0.0388885
-0.0393316
-0.0397793
-0.0402306
-0.0406862
-0.041146
-0.0416097
-0.0420781
-0.0425502
-0.0430271
-0.0435079
-0.0439934
-0.0444832
-0.0449773
-0.0454761
-0.0459793
-0.0464871
-0.0469998
-0.0475165
-0.0480389
-0.0485648
-0.0490968
-0.0496325
-0.0501738
-0.0507199
-0.0512706
-0.0518272
-0.0523878
-0.0529545
-0.053526
-0.0541023
-0.0546855
-0.0552715
-0.0558664
-0.0564632
-0.0570688
-0.0576785
-0.0582934
-0.0589174
-0.0595423
-0.0601789
-0.0608176
-0.0614633
-0.0621174
-0.062773
-0.063435
-0.064101
-0.0647594
-0.0654133
-0.0660446
-0.0666261
-0.0671328
0.0152634
0.0150646
0.0113693
0.00709151
0.0034517
0.000748948
-0.000995324
-0.00188301
-0.0021325
-0.00199221
-0.00166968
-0.00130555
-0.000981436
-0.000740564
-0.000606767
-0.000589187
-0.000677358
-0.000848369
-0.00107533
-0.00133117
-0.00159106
-0.00184511
-0.00208773
-0.00231684
-0.00253235
-0.00273496
-0.00292675
-0.0031122
-0.00329809
-0.00349146
-0.00369688
-0.00391447
-0.00414013
-0.00436821
-0.00459511
-0.00481996
-0.00504254
-0.00526296
-0.00548361
-0.0057084
-0.00593884
-0.00617265
-0.0064068
-0.00664021
-0.00687361
-0.00710828
-0.00734536
-0.00758515
-0.00782676
-0.00806871
-0.00831035
-0.00855236
-0.00879576
-0.0090408
-0.00928708
-0.00953429
-0.00978226
-0.0100307
-0.0102795
-0.0105286
-0.0107786
-0.0110297
-0.011282
-0.011535
-0.0117877
-0.0120401
-0.0122932
-0.0125482
-0.0128047
-0.0130611
-0.0133168
-0.0135729
-0.0138306
-0.01409
-0.01435
-0.0146101
-0.0148704
-0.0151318
-0.0153949
-0.0156594
-0.0159246
-0.0161902
-0.0164569
-0.0167254
-0.0169956
-0.017267
-0.0175391
-0.0178126
-0.0180878
-0.0183648
-0.0186435
-0.0189237
-0.019205
-0.0194879
-0.0197733
-0.0200608
-0.0203493
-0.0206396
-0.0209324
-0.0212273
-0.0215238
-0.0218223
-0.0221233
-0.0224264
-0.0227315
-0.0230389
-0.0233486
-0.0236606
-0.0239747
-0.0242913
-0.0246103
-0.0249317
-0.0252553
-0.0255816
-0.0259103
-0.0262416
-0.0265754
-0.0269117
-0.0272509
-0.0275925
-0.027937
-0.028284
-0.0286341
-0.0289866
-0.0293423
-0.0296996
-0.0300615
-0.0304264
-0.030795
-0.0311663
-0.0315414
-0.0319194
-0.0323009
-0.0326858
-0.0330739
-0.0334657
-0.0338605
-0.0342594
-0.0346612
-0.0350672
-0.0354762
-0.0358894
-0.0363059
-0.0367264
-0.0371505
-0.0375784
-0.0380104
-0.0384458
-0.0388858
-0.0393291
-0.039777
-0.0402285
-0.0406843
-0.0411442
-0.0416081
-0.0420766
-0.0425488
-0.0430259
-0.0435068
-0.0439923
-0.0444823
-0.0449765
-0.0454754
-0.0459787
-0.0464866
-0.0469993
-0.0475161
-0.0480386
-0.0485645
-0.0490967
-0.0496324
-0.0501738
-0.05072
-0.0512708
-0.0518275
-0.0523882
-0.0529551
-0.0535267
-0.0541032
-0.0546867
-0.0552728
-0.055868
-0.0564651
-0.057071
-0.0576811
-0.0582963
-0.0589208
-0.0595462
-0.0601833
-0.0608226
-0.061469
-0.0621236
-0.06278
-0.0634426
-0.0641093
-0.0647682
-0.0654227
-0.0660544
-0.0666363
-0.0671434
-0.00906893
-0.0089578
-0.00553275
-0.00166475
0.00147694
0.00362763
0.00477134
0.00503907
0.00468149
0.00396889
0.00311714
0.00226537
0.00148871
0.00082301
0.000286191
-0.000120111
-0.000416562
-0.000631304
-0.000794092
-0.000934167
-0.00107866
-0.00124508
-0.00143903
-0.0016597
-0.00190212
-0.00215937
-0.00242326
-0.00268497
-0.00293703
-0.00317571
-0.00340134
-0.00361735
-0.00382956
-0.00404504
-0.00426931
-0.00450365
-0.00474514
-0.00498926
-0.00523255
-0.00547343
-0.0057118
-0.00594858
-0.00618528
-0.00642344
-0.00666408
-0.00690724
-0.00715228
-0.00739876
-0.00764654
-0.00789505
-0.00814321
-0.00839037
-0.00863722
-0.00888534
-0.00913588
-0.00938872
-0.00964266
-0.00989633
-0.010149
-0.0104011
-0.0106541
-0.0109092
-0.0111663
-0.0114238
-0.0116802
-0.0119359
-0.0121925
-0.0124512
-0.0127112
-0.0129711
-0.0132305
-0.0134904
-0.0137515
-0.0140139
-0.0142769
-0.0145402
-0.0148041
-0.0150688
-0.0153346
-0.0156015
-0.0158694
-0.016138
-0.0164076
-0.0166785
-0.0169508
-0.0172243
-0.0174989
-0.0177745
-0.0180516
-0.0183306
-0.0186111
-0.0188927
-0.0191756
-0.0194607
-0.0197477
-0.0200362
-0.020326
-0.0206179
-0.0209118
-0.0212077
-0.0215053
-0.0218049
-0.0221065
-0.0224104
-0.0227162
-0.0230242
-0.0233344
-0.0236469
-0.0239616
-0.0242787
-0.024598
-0.0249198
-0.0252439
-0.0255705
-0.0258996
-0.0262312
-0.0265654
-0.0269021
-0.0272416
-0.0275837
-0.0279287
-0.0282763
-0.0286272
-0.0289808
-0.0293384
-0.0296978
-0.0300595
-0.030424
-0.0307923
-0.0311634
-0.0315382
-0.0319161
-0.0322976
-0.0326824
-0.0330705
-0.0334624
-0.0338573
-0.0342564
-0.0346583
-0.0350645
-0.0354737
-0.0358871
-0.0363038
-0.0367244
-0.0371488
-0.0375768
-0.038009
-0.0384446
-0.0388846
-0.0393281
-0.039776
-0.0402277
-0.0406835
-0.0411436
-0.0416075
-0.0420761
-0.0425484
-0.0430255
-0.0435065
-0.0439921
-0.044482
-0.0449763
-0.0454753
-0.0459786
-0.0464865
-0.0469993
-0.0475161
-0.0480386
-0.0485646
-0.0490967
-0.0496326
-0.050174
-0.0507203
-0.0512711
-0.0518279
-0.0523887
-0.0529556
-0.0535274
-0.054104
-0.0546877
-0.055274
-0.0558695
-0.0564667
-0.0570729
-0.0576833
-0.0582989
-0.0589237
-0.0595495
-0.0601871
-0.0608268
-0.0614737
-0.0621288
-0.0627857
-0.0634488
-0.064116
-0.0647754
-0.0654302
-0.0660621
-0.0666441
-0.0671511
0.0199694
0.0195692
0.0157196
0.0112042
0.00726294
0.00421985
0.00210285
0.000834319
0.000227387
5.70999e-05
0.000125219
0.000288741
0.000458395
0.000583474
0.00063536
0.000599625
0.000477983
0.000279168
1.64043e-05
-0.000293668
-0.000631139
-0.000973618
-0.00130353
-0.00160738
-0.00188172
-0.00213204
-0.00236786
-0.00259775
-0.00282617
-0.00305346
-0.00327835
-0.00350131
-0.00372588
-0.00395655
-0.00419564
-0.0044423
-0.00469365
-0.00494635
-0.00519777
-0.00544649
-0.00569223
-0.00593568
-0.0061785
-0.0064229
-0.00667042
-0.00692105
-0.00717405
-0.0074288
-0.00768434
-0.00793881
-0.00819058
-0.00843996
-0.00868938
-0.00894123
-0.00919603
-0.00945258
-0.00970921
-0.00996441
-0.0102175
-0.0104694
-0.0107224
-0.0109782
-0.0112359
-0.0114927
-0.0117473
-0.012001
-0.0122561
-0.0125133
-0.0127712
-0.0130283
-0.0132849
-0.013542
-0.0138004
-0.0140597
-0.0143193
-0.0145792
-0.0148398
-0.0151013
-0.0153639
-0.0156275
-0.015892
-0.0161575
-0.016424
-0.0166916
-0.0169606
-0.0172309
-0.0175025
-0.0177755
-0.01805
-0.0183261
-0.0186037
-0.0188831
-0.0191645
-0.0194475
-0.0197322
-0.0200189
-0.0203077
-0.0205984
-0.0208911
-0.021186
-0.0214829
-0.021782
-0.0220832
-0.0223868
-0.0226925
-0.0230005
-0.0233108
-0.0236236
-0.0239385
-0.024256
-0.0245757
-0.024898
-0.0252226
-0.0255497
-0.0258793
-0.0262114
-0.0265461
-0.0268833
-0.0272232
-0.0275655
-0.0279107
-0.0282583
-0.0286088
-0.0289616
-0.0293163
-0.0296751
-0.0300378
-0.0304031
-0.0307724
-0.0311446
-0.0315205
-0.0318995
-0.0322821
-0.032668
-0.0330571
-0.03345
-0.0338459
-0.0342458
-0.0346485
-0.0350554
-0.0354653
-0.0358793
-0.0362965
-0.0367177
-0.0371426
-0.037571
-0.0380037
-0.0384396
-0.0388801
-0.0393239
-0.0397722
-0.0402241
-0.0406802
-0.0411405
-0.0416047
-0.0420735
-0.042546
-0.0430233
-0.0435045
-0.0439903
-0.0444804
-0.0449748
-0.0454739
-0.0459774
-0.0464854
-0.0469984
-0.0475152
-0.0480379
-0.048564
-0.0490962
-0.0496322
-0.0501737
-0.05072
-0.0512709
-0.0518278
-0.0523887
-0.0529558
-0.0535277
-0.0541045
-0.0546882
-0.0552748
-0.0558705
-0.056468
-0.0570745
-0.0576852
-0.0583011
-0.0589264
-0.0595526
-0.0601906
-0.0608309
-0.0614782
-0.0621339
-0.0627913
-0.0634549
-0.0641226
-0.0647826
-0.0654378
-0.0660703
-0.0666527
-0.0671601
)
;

boundaryField
{
    zeroGradientWall
    {
        type            zeroGradient;
    }
    inlet
    {
        type            zeroGradient;
    }
    plate
    {
        type            zeroGradient;
    }
    frontAndBack
    {
        type            empty;
    }
}


// ************************************************************************* //
