/*--------------------------------*- C++ -*----------------------------------*\
| =========                 |                                                 |
| \\      /  F ield         | OpenFOAM: The Open Source CFD Toolbox           |
|  \\    /   O peration     | Version:  v2012                                 |
|   \\  /    A nd           | Website:  www.openfoam.com                      |
|    \\/     M anipulation  |                                                 |
\*---------------------------------------------------------------------------*/
FoamFile
{
    version     2.0;
    format      ascii;
    class       volScalarField;
    location    "0.7";
    object      p;
}
// * * * * * * * * * * * * * * * * * * * * * * * * * * * * * * * * * * * * * //

dimensions      [0 2 -2 0 0 0 0];


internalField   nonuniform List<scalar> 
8800
(
5.50673e-10
0.000687568
0.000719391
0.00071994
0.000536145
0.000434922
0.000218518
5.18749e-05
-0.00017135
-0.000398574
-0.00064318
-0.000897209
-0.00120068
-0.00152581
-0.00192041
-0.00234263
-0.00287039
-0.00349933
-0.00441331
-0.00614902
3.71678e-06
0.00068509
0.000720336
0.000718287
0.000538684
0.000432994
0.00022065
5.12312e-05
-0.000168844
-0.000399598
-0.000643598
-0.00090388
-0.00119867
-0.0015346
-0.00190976
-0.00235573
-0.00286528
-0.00357641
-0.00453254
-0.00655854
1.02252e-05
0.000679516
0.000722486
0.00071452
0.000544466
0.000428291
0.000223832
5.04877e-05
-0.000171358
-0.000398087
-0.000645388
-0.000905902
-0.00120102
-0.00153209
-0.00190962
-0.00237526
-0.0029396
-0.00364349
-0.004498
-0.00630543
1.68358e-05
0.000674135
0.00072281
0.000713761
0.000547839
0.000429116
0.000221244
6.00095e-05
-0.000187876
-0.000384382
-0.000663872
-0.000905351
-0.00120874
-0.00152433
-0.00190542
-0.00236645
-0.0030969
-0.00401618
-0.00527728
-0.00636019
2.8042e-05
0.00066185
0.000727708
0.000706299
0.000561155
0.000415517
0.000236248
4.89857e-05
-0.000174646
-0.00039608
-0.000647574
-0.000923863
-0.00121262
-0.00153768
-0.00190745
-0.00237669
-0.00294018
-0.00365604
-0.00465295
-0.006799
3.96512e-05
0.000650037
0.0007283
0.000705082
0.000566761
0.000415387
0.000240478
4.49697e-05
-0.000175536
-0.00040018
-0.000656446
-0.000931851
-0.00121626
-0.00154322
-0.0018949
-0.00235767
-0.00292609
-0.00382884
-0.00516397
-0.00773855
5.50459e-05
0.000632966
0.000731565
0.000701056
0.000575041
0.000417907
0.000239252
4.91545e-05
-0.000175884
-0.000405619
-0.000666698
-0.000939096
-0.00122788
-0.00153892
-0.00190579
-0.00234953
-0.00294915
-0.00380567
-0.00523349
-0.00792139
7.52139e-05
0.00060771
0.000736555
0.00069629
0.000579321
0.000424416
0.00024254
4.95726e-05
-0.000170084
-0.000418017
-0.000681575
-0.000953439
-0.00122985
-0.00154851
-0.00190699
-0.00235587
-0.00295811
-0.00387188
-0.00541976
-0.00830154
9.65694e-05
0.000593951
0.000721677
0.000706452
0.000572609
0.000433758
0.000249062
3.43956e-05
-0.000156426
-0.000422576
-0.000701507
-0.000960264
-0.00123904
-0.00155377
-0.00191747
-0.00236921
-0.00299838
-0.00396704
-0.0056168
-0.00864275
0.000125579
0.000563977
0.000720236
0.000693819
0.000583272
0.000445432
0.000256514
4.40288e-05
-0.000179067
-0.000435742
-0.000708931
-0.000974633
-0.00125217
-0.00156404
-0.0019309
-0.00239392
-0.00305298
-0.00407705
-0.00581234
-0.00893777
0.000154281
0.00054723
0.000701643
0.000685646
0.000601116
0.000441694
0.000258626
6.65317e-05
-0.000201831
-0.00045211
-0.000712245
-0.000985884
-0.0012675
-0.00157877
-0.00195017
-0.00242972
-0.00311998
-0.00419742
-0.00600365
-0.00920602
0.000189804
0.000529191
0.000671333
0.000684137
0.000601455
0.000446715
0.000283779
6.40931e-05
-0.000211543
-0.000471288
-0.000729022
-0.000998754
-0.0012821
-0.00159652
-0.00197638
-0.00247476
-0.00319692
-0.00432305
-0.00619022
-0.0094558
0.000228959
0.000512353
0.000642336
0.000669303
0.000599177
0.000476042
0.000291089
5.09388e-05
-0.000211105
-0.000483547
-0.000752502
-0.00101741
-0.00129837
-0.00161765
-0.00200902
-0.00252777
-0.00328116
-0.00445108
-0.0063712
-0.00969131
0.000268479
0.000500485
0.000616306
0.000639428
0.000595688
0.000495094
0.000295729
5.19986e-05
-0.000207264
-0.00049079
-0.000773272
-0.00104211
-0.00132064
-0.00164423
-0.00204845
-0.00258869
-0.00337159
-0.00458046
-0.00654462
-0.0099075
0.00030605
0.000498148
0.000589937
0.000612035
0.00057838
0.000500247
0.000322421
5.71605e-05
-0.000224329
-0.000502805
-0.000786476
-0.00106399
-0.00134757
-0.00167698
-0.00209397
-0.0026555
-0.00346634
-0.00470982
-0.00671117
-0.0101108
0.000341868
0.000500264
0.000569534
0.000580423
0.00055163
0.000488628
0.000343242
7.77202e-05
-0.00023177
-0.000521233
-0.000802104
-0.00108287
-0.00137538
-0.00171375
-0.00214444
-0.00272656
-0.0035637
-0.00483774
-0.00687193
-0.0103037
0.00037769
0.000503078
0.000553055
0.000555199
0.000523878
0.000458636
0.000340833
0.000109915
-0.000218749
-0.000538029
-0.000826667
-0.0011069
-0.0014048
-0.00175332
-0.00219811
-0.00280026
-0.00366177
-0.00496288
-0.00702523
-0.0104838
0.000413237
0.000506672
0.00053943
0.000535952
0.000495856
0.000421973
0.000309525
0.000120621
-0.000186595
-0.000533092
-0.000846968
-0.00113693
-0.00143918
-0.00179648
-0.00225449
-0.00287518
-0.00375905
-0.00508366
-0.00716996
-0.0106518
0.000444609
0.000512684
0.000529468
0.000516233
0.000469972
0.000392295
0.000269675
9.66803e-05
-0.000168161
-0.000504982
-0.000847397
-0.0011621
-0.00147806
-0.00184378
-0.00231373
-0.00295075
-0.00385419
-0.0051988
-0.00730465
-0.0108054
0.0004703
0.000521728
0.000523436
0.000495972
0.000444442
0.000365553
0.000233208
5.55945e-05
-0.000178839
-0.000483274
-0.000827345
-0.00117108
-0.00151147
-0.00189345
-0.00237517
-0.00302598
-0.00394573
-0.00530693
-0.00742885
-0.0109455
0.000492891
0.000529364
0.000518169
0.000477984
0.000417654
0.000334611
0.00020199
2.01202e-05
-0.00020646
-0.000481809
-0.000809766
-0.00116336
-0.00153085
-0.0019356
-0.00243417
-0.00309861
-0.0040319
-0.00540649
-0.00754088
-0.0110699
0.0005118
0.000534522
0.000512711
0.000463236
0.000389777
0.000300051
0.000170396
-7.98302e-06
-0.000233561
-0.000498052
-0.000805327
-0.00115411
-0.00153554
-0.00196425
-0.00248306
-0.00316353
-0.00410966
-0.00549566
-0.00763982
-0.0111783
0.000524594
0.000536706
0.000507644
0.000450286
0.000363834
0.000264356
0.000136777
-3.47421e-05
-0.000256868
-0.000516437
-0.000812926
-0.00115031
-0.00153471
-0.00197853
-0.00251752
-0.00321509
-0.00417472
-0.00557114
-0.0077237
-0.0112702
0.000531724
0.000535675
0.000499731
0.000435159
0.000340671
0.000232142
0.000102239
-6.29761e-05
-0.000277529
-0.000531875
-0.000821704
-0.00115095
-0.00153153
-0.00198226
-0.00253539
-0.00324901
-0.0042219
-0.0056284
-0.0077888
-0.0113419
0.000533182
0.000530799
0.000486749
0.000416958
0.000318777
0.000204788
7.03913e-05
-9.17256e-05
-0.000298024
-0.00054421
-0.000826829
-0.00114883
-0.00152405
-0.00197507
-0.00253562
-0.00326089
-0.00424605
-0.00566279
-0.00783113
-0.0113903
0.000526484
0.00051991
0.000471248
0.000396357
0.000295973
0.00018004
4.22426e-05
-0.000118792
-0.00031713
-0.000553005
-0.000826421
-0.00114026
-0.00150798
-0.00195346
-0.00251309
-0.00324357
-0.004239
-0.00566747
-0.00784621
-0.0114151
0.000510824
0.000502099
0.000451852
0.00037372
0.00027187
0.000155083
1.60159e-05
-0.000143206
-0.000332842
-0.000555774
-0.000817573
-0.00112263
-0.00148184
-0.00191647
-0.00246161
-0.00317612
-0.00415825
-0.00558047
-0.00776251
-0.0113414
0.000485723
0.00047611
0.000425912
0.000348398
0.000247008
0.000129569
-1.04083e-05
-0.000166315
-0.000344571
-0.00054969
-0.000793133
-0.00108532
-0.00144268
-0.00188605
-0.00244583
-0.00317368
-0.00416118
-0.00557691
-0.00774524
-0.0113143
0.000449199
0.000440317
0.000391799
0.000319375
0.000221924
0.000104159
-3.60527e-05
-0.000188917
-0.000358893
-0.000545964
-0.000756782
-0.00100198
-0.00130062
-0.00168091
-0.00218454
-0.00287548
-0.00385428
-0.00528728
-0.00748303
-0.0110764
0.000400452
0.000393671
0.000347221
0.00028023
0.000188588
7.80784e-05
-5.1982e-05
-0.000193173
-0.000356451
-0.000548967
-0.000778988
-0.00105088
-0.00137433
-0.00176741
-0.00226287
-0.00291684
-0.00382757
-0.0051842
-0.0073187
-0.0108706
0.000339534
0.000340775
0.000300855
0.000228392
0.000125392
1.41635e-05
-9.50913e-05
-0.000195523
-0.000299244
-0.000412136
-0.000544353
-0.000705606
-0.000915394
-0.00120535
-0.00162496
-0.00224585
-0.00317645
-0.00458382
-0.0067967
-0.0104809
0.000246985
0.000267794
0.000259466
0.000202976
0.000104858
-1.43704e-05
-0.000157656
-0.00031731
-0.000498009
-0.000689975
-0.000889192
-0.00109066
-0.001303
-0.00154213
-0.00184078
-0.00225192
-0.00287613
-0.00390134
-0.00564916
-0.00885028
0.000182428
0.000156312
0.000103184
4.25944e-05
-3.63863e-06
-1.23179e-05
-2.61282e-05
-4.92653e-05
-8.25264e-05
-0.000119927
-0.000164136
-0.000224416
-0.000324788
-0.000501341
-0.000807415
-0.00132145
-0.00216862
-0.00356068
-0.00587366
-0.00982165
0.000109395
9.56568e-05
7.36682e-05
3.36178e-05
-6.23917e-05
-0.000244407
-0.00049766
-0.00079458
-0.00109375
-0.00133631
-0.00146502
-0.00146103
-0.00140882
-0.00139888
-0.00144858
-0.00146936
-0.00125194
-0.000471134
0.00132615
0.00488331
-0.000115436
-0.000158911
-0.000169403
-0.000122169
-7.11016e-06
0.000142293
0.000276287
0.000367619
0.000415669
0.000441951
0.000457917
0.000456337
0.000408105
0.000265206
-3.06402e-05
-0.000566776
-0.00148646
-0.00301676
-0.00550636
-0.00951199
-0.000134303
-0.000118662
-0.000157783
-0.00025441
-0.00043005
-0.00064964
-0.000873819
-0.00103226
-0.0010767
-0.00101745
-0.000903394
-0.000767149
-0.000609512
-0.000398816
-7.81292e-05
0.000451985
0.00135787
0.00287734
0.00538392
0.00954959
-0.00051426
-0.000527134
-0.000428903
-0.000247646
-9.18225e-07
0.000287564
0.000556363
0.00075133
0.000862227
0.000938935
0.00102115
0.00111096
0.00117157
0.0011374
0.000927685
0.000433508
-0.000499608
-0.00208286
-0.00466019
-0.00888116
-0.000467338
-0.000473439
-0.00054827
-0.000670821
-0.000806302
-0.000899759
-0.000921961
-0.00085864
-0.000715982
-0.000496444
-0.000204782
0.000160009
0.000606652
0.00115703
0.00185313
0.00276303
0.00399659
0.00574178
0.0083382
0.0124484
-0.00086396
-0.000850794
-0.00072953
-0.000536127
-0.000299141
-8.26467e-06
0.000323493
0.000671682
0.000981226
0.00122365
0.00144958
0.00172394
0.00205552
0.00238234
0.00258642
0.00253401
0.00207231
0.000983723
-0.00111538
-0.00494455
-0.000841212
-0.000889698
-0.000995526
-0.00112838
-0.00125258
-0.00131637
-0.00128595
-0.00112449
-0.000819507
-0.000355032
0.000274125
0.00107741
0.00206243
0.00324718
0.00464887
0.00628152
0.00817835
0.0104407
0.0133279
0.0174341
-0.00780241
-0.00703288
-0.0043166
-0.00165754
0.000408146
0.00183486
0.00269648
0.00307436
0.00303264
0.00264576
0.00202128
0.00129013
0.000568798
-6.51951e-05
-0.000576453
-0.000960942
-0.00123626
-0.0014308
-0.00157514
-0.00169566
-0.00181245
-0.00193913
-0.00208342
-0.00224909
-0.00243636
-0.00264439
-0.00287059
-0.00311271
-0.00336782
-0.00363401
-0.00390948
-0.00419327
-0.00448478
-0.00478355
-0.00509008
-0.00540457
-0.00572859
-0.00606283
-0.00640924
-0.00676849
-0.00714231
-0.00753093
-0.00793467
-0.00835364
-0.00878574
-0.0092318
-0.00968889
-0.0101575
-0.0106373
-0.0111251
-0.0116187
-0.0121099
-0.0125877
-0.0130374
-0.0134466
-0.0138064
-0.014112
-0.0143681
-0.0145777
-0.0147455
-0.0148785
-0.014978
-0.0150499
-0.0151059
-0.015158
-0.015218
-0.0152944
-0.015391
-0.0155092
-0.0156446
-0.0157932
-0.0159557
-0.0161344
-0.0163304
-0.0165425
-0.0167689
-0.0170065
-0.0172521
-0.0175065
-0.0177701
-0.0180428
-0.0183237
-0.0186076
-0.0188922
-0.0191778
-0.0194667
-0.0197639
-0.0200698
-0.0203819
-0.0206954
-0.0210059
-0.0213145
-0.0216236
-0.0219377
-0.0222595
-0.0225884
-0.0229234
-0.0232585
-0.0235915
-0.0239266
-0.0242635
-0.0246064
-0.0249576
-0.0253096
-0.0256608
-0.0260137
-0.026367
-0.0267279
-0.0270978
-0.0274694
-0.0278391
-0.0282072
-0.0285751
-0.0289498
-0.0293308
-0.0297158
-0.0301081
-0.0305025
-0.0308883
-0.0312662
-0.03165
-0.032055
-0.0324794
-0.0328912
-0.0332755
-0.0336665
-0.0340883
-0.0345109
-0.0349119
-0.0353201
-0.0357512
-0.0361821
-0.0366
-0.0370243
-0.0374589
-0.0378936
-0.0383251
-0.038762
-0.0392046
-0.0396504
-0.0400969
-0.0405465
-0.0410006
-0.0414592
-0.0419181
-0.0423796
-0.0428451
-0.0433165
-0.0437886
-0.0442659
-0.044746
-0.0452311
-0.0457167
-0.0462072
-0.0467009
-0.047199
-0.0476991
-0.0482039
-0.0487113
-0.0492245
-0.0497394
-0.0502615
-0.0507848
-0.0513156
-0.0518471
-0.0523857
-0.0529257
-0.0534721
-0.0540204
-0.0545755
-0.0551319
-0.0556965
-0.0562611
-0.0568352
-0.0574087
-0.0579919
-0.0585751
-0.0591675
-0.05976
-0.0603621
-0.0609632
-0.0615753
-0.062185
-0.0628063
-0.0634248
-0.0640544
-0.0646805
-0.0653176
-0.0659488
-0.0665916
-0.0672246
-0.0678681
-0.0684973
-0.0691322
-0.0697445
-0.0703545
-0.0709215
-0.0714699
-0.071923
-0.0723364
-0.00839069
-0.00746726
-0.00459096
-0.0018421
0.000322254
0.00185429
0.00278363
0.00317041
0.00309481
0.00266537
0.00201376
0.00127285
0.000551564
-7.96636e-05
-0.000589509
-0.000974589
-0.00125155
-0.00144751
-0.00159242
-0.00171253
-0.00182833
-0.00195382
-0.00209705
-0.00226198
-0.00244877
-0.00265666
-0.00288276
-0.00312498
-0.00338003
-0.00364625
-0.00392155
-0.00420519
-0.00449647
-0.00479492
-0.00510121
-0.00541511
-0.00573884
-0.00607226
-0.00641814
-0.00677643
-0.0071491
-0.00753666
-0.0079385
-0.00835607
-0.00878603
-0.00922988
-0.00968502
-0.0101505
-0.0106266
-0.0111102
-0.0115997
-0.0120869
-0.0125616
-0.0130097
-0.0134183
-0.0137792
-0.0140864
-0.0143444
-0.0145566
-0.0147266
-0.0148617
-0.014964
-0.0150378
-0.0150953
-0.0151492
-0.0152108
-0.0152885
-0.015386
-0.0155044
-0.0156405
-0.0157894
-0.0159519
-0.0161306
-0.016327
-0.0165395
-0.0167661
-0.0170039
-0.0172496
-0.017504
-0.0177676
-0.0180402
-0.0183212
-0.018605
-0.0188897
-0.0191754
-0.0194645
-0.0197617
-0.0200676
-0.0203797
-0.0206933
-0.0210038
-0.0213125
-0.0216218
-0.021936
-0.0222578
-0.0225867
-0.0229217
-0.0232568
-0.02359
-0.0239252
-0.0242622
-0.0246051
-0.0249564
-0.0253084
-0.0256596
-0.0260127
-0.026366
-0.0267268
-0.0270968
-0.0274685
-0.0278383
-0.0282064
-0.0285743
-0.0289491
-0.0293301
-0.029715
-0.0301074
-0.0305019
-0.0308879
-0.0312657
-0.0316493
-0.0320543
-0.032479
-0.032891
-0.0332751
-0.033666
-0.034088
-0.0345108
-0.0349116
-0.0353197
-0.035751
-0.036182
-0.0365998
-0.0370241
-0.0374588
-0.0378935
-0.0383249
-0.0387619
-0.0392045
-0.0396503
-0.0400969
-0.0405464
-0.0410006
-0.0414591
-0.0419181
-0.0423796
-0.0428451
-0.0433164
-0.0437886
-0.0442658
-0.044746
-0.0452311
-0.0457167
-0.0462072
-0.0467009
-0.047199
-0.0476991
-0.0482039
-0.0487113
-0.0492245
-0.0497394
-0.0502615
-0.0507848
-0.0513156
-0.0518471
-0.0523857
-0.0529257
-0.0534721
-0.0540204
-0.0545755
-0.0551319
-0.0556965
-0.0562611
-0.0568352
-0.0574087
-0.057992
-0.0585751
-0.0591675
-0.05976
-0.0603621
-0.0609632
-0.0615753
-0.062185
-0.0628063
-0.0634248
-0.0640544
-0.0646805
-0.0653176
-0.0659488
-0.0665916
-0.0672246
-0.0678681
-0.0684973
-0.0691323
-0.0697445
-0.0703547
-0.0709216
-0.0714703
-0.0719246
-0.072337
-0.00838553
-0.00788283
-0.00524957
-0.00244345
-1.95905e-05
0.00178527
0.00289865
0.00333573
0.00320946
0.00270213
0.00199695
0.00123684
0.000517483
-0.000105549
-0.000608946
-0.00099153
-0.0012689
-0.00146624
-0.00161195
-0.00173183
-0.00184647
-0.00197048
-0.00211232
-0.00227626
-0.00246261
-0.00267046
-0.0028969
-0.00313954
-0.00339511
-0.00366164
-0.00393726
-0.00422097
-0.00451235
-0.00481069
-0.00511682
-0.00543042
-0.00575363
-0.00608653
-0.00643143
-0.0067888
-0.00715978
-0.00754551
-0.00794475
-0.00835912
-0.00878558
-0.00922483
-0.00967524
-0.0101347
-0.0106036
-0.0110793
-0.0115597
-0.0120374
-0.0125029
-0.0129436
-0.0133467
-0.0137051
-0.0140133
-0.0142738
-0.0144905
-0.0146668
-0.0148078
-0.0149176
-0.0150005
-0.0150658
-0.0151271
-0.0151951
-0.0152779
-0.0153793
-0.0154995
-0.0156369
-0.0157879
-0.015952
-0.0161315
-0.0163285
-0.0165415
-0.0167684
-0.0170066
-0.0172527
-0.0175072
-0.0177704
-0.018042
-0.0183218
-0.0186047
-0.0188893
-0.0191754
-0.0194651
-0.0197626
-0.0200682
-0.0203794
-0.0206921
-0.0210022
-0.0213111
-0.021621
-0.0219357
-0.0222577
-0.0225863
-0.0229206
-0.0232553
-0.0235884
-0.0239241
-0.0242615
-0.0246043
-0.0249553
-0.025307
-0.0256582
-0.0260115
-0.026365
-0.0267259
-0.0270956
-0.0274671
-0.0278368
-0.0282051
-0.0285731
-0.028948
-0.029329
-0.0297138
-0.0301061
-0.0305005
-0.0308865
-0.0312647
-0.0316485
-0.0320533
-0.0324777
-0.0328896
-0.0332741
-0.0336651
-0.0340871
-0.0345098
-0.0349107
-0.0353189
-0.0357502
-0.0361812
-0.036599
-0.0370234
-0.0374581
-0.0378928
-0.0383243
-0.0387613
-0.039204
-0.0396497
-0.0400964
-0.0405459
-0.0410001
-0.0414588
-0.0419177
-0.0423793
-0.0428448
-0.0433162
-0.0437883
-0.0442656
-0.0447457
-0.0452309
-0.0457165
-0.0462071
-0.0467008
-0.0471989
-0.047699
-0.0482038
-0.0487112
-0.0492244
-0.0497393
-0.0502615
-0.0507847
-0.0513155
-0.0518471
-0.0523857
-0.0529256
-0.0534721
-0.0540203
-0.0545755
-0.0551319
-0.0556965
-0.0562611
-0.0568352
-0.0574087
-0.057992
-0.0585752
-0.0591676
-0.05976
-0.0603621
-0.0609632
-0.0615753
-0.0621851
-0.0628064
-0.0634248
-0.0640544
-0.0646806
-0.0653176
-0.065949
-0.0665917
-0.0672248
-0.0678683
-0.0684977
-0.0691327
-0.0697452
-0.0703557
-0.0709232
-0.0714726
-0.0719328
-0.072345
-0.00625635
-0.00648262
-0.00571828
-0.00342607
-0.00065079
0.00158325
0.00294444
0.00343381
0.00325351
0.00267599
0.00192645
0.00115351
0.000441704
-0.000166887
-0.000657483
-0.00103216
-0.00130609
-0.00150249
-0.00164755
-0.00176613
-0.00187853
-0.00199987
-0.00213906
-0.00230087
-0.00248575
-0.00269279
-0.00291905
-0.00316172
-0.00341763
-0.00368424
-0.00396012
-0.00424369
-0.00453513
-0.00483318
-0.00513901
-0.00545218
-0.00577454
-0.00610677
-0.00645016
-0.00680618
-0.00717468
-0.0075576
-0.00795323
-0.00836289
-0.00878452
-0.00921757
-0.00966152
-0.0101137
-0.0105745
-0.0110414
-0.0115117
-0.0119784
-0.0124331
-0.012865
-0.0132621
-0.013618
-0.0139274
-0.0141913
-0.0144132
-0.0145965
-0.0147448
-0.0148627
-0.0149555
-0.0150305
-0.0151003
-0.0151759
-0.0152648
-0.0153709
-0.0154939
-0.0156328
-0.0157857
-0.0159512
-0.0161313
-0.0163285
-0.0165419
-0.0167694
-0.0170081
-0.0172549
-0.0175097
-0.0177725
-0.0180428
-0.0183208
-0.0186025
-0.0188868
-0.0191736
-0.0194645
-0.0197625
-0.0200676
-0.0203774
-0.0206883
-0.0209979
-0.0213073
-0.0216183
-0.0219343
-0.0222567
-0.0225846
-0.0229178
-0.0232515
-0.0235847
-0.0239213
-0.0242596
-0.0246025
-0.0249527
-0.0253039
-0.025655
-0.0260088
-0.026363
-0.0267239
-0.0270931
-0.0274641
-0.0278337
-0.0282024
-0.0285708
-0.0289459
-0.029327
-0.0297118
-0.0301034
-0.0304972
-0.0308836
-0.031263
-0.0316474
-0.0320516
-0.0324748
-0.0328865
-0.0332718
-0.0336635
-0.0340852
-0.0345076
-0.034909
-0.0353176
-0.0357485
-0.0361793
-0.0365974
-0.037022
-0.0374566
-0.0378914
-0.038323
-0.0387602
-0.0392028
-0.0396486
-0.0400953
-0.040545
-0.0409992
-0.0414579
-0.0419169
-0.0423785
-0.0428441
-0.0433155
-0.0437877
-0.044265
-0.0447452
-0.0452303
-0.045716
-0.0462066
-0.0467003
-0.0471985
-0.0476986
-0.0482035
-0.0487109
-0.0492242
-0.0497391
-0.0502613
-0.0507845
-0.0513153
-0.0518469
-0.0523855
-0.0529255
-0.0534719
-0.0540202
-0.0545754
-0.0551318
-0.0556964
-0.056261
-0.0568351
-0.0574087
-0.0579919
-0.0585751
-0.0591675
-0.05976
-0.0603621
-0.0609633
-0.0615753
-0.0621851
-0.0628064
-0.063425
-0.0640545
-0.0646808
-0.0653177
-0.0659493
-0.0665919
-0.0672254
-0.0678687
-0.0684985
-0.0691335
-0.0697468
-0.0703575
-0.0709271
-0.0714771
-0.0719474
-0.0723609
-0.00915776
-0.00878069
-0.00612215
-0.00300505
-0.000178568
0.00192054
0.0031572
0.00355754
0.00331618
0.00269554
0.00191722
0.00112939
0.000413817
-0.000192442
-0.000678928
-0.00105062
-0.0013237
-0.00152087
-0.00166707
-0.00178616
-0.0018981
-0.00201822
-0.00215593
-0.00231639
-0.00250046
-0.00270723
-0.00293386
-0.00317719
-0.00343402
-0.00370144
-0.00397807
-0.00426219
-0.00455401
-0.00485229
-0.00515802
-0.00547099
-0.00579266
-0.00612412
-0.00646608
-0.00682036
-0.00718637
-0.00756598
-0.00795779
-0.00836238
-0.00877861
-0.00920515
-0.00964185
-0.0100862
-0.0105382
-0.0109952
-0.0114543
-0.0119097
-0.0123535
-0.0127768
-0.0131687
-0.0135224
-0.0138329
-0.0141005
-0.0143277
-0.0145178
-0.014674
-0.0148003
-0.0149032
-0.014989
-0.0150686
-0.0151527
-0.0152484
-0.0153599
-0.0154865
-0.0156273
-0.0157817
-0.0159485
-0.016129
-0.0163264
-0.0165404
-0.0167689
-0.0170088
-0.0172567
-0.017512
-0.0177742
-0.0180429
-0.0183189
-0.0185993
-0.0188833
-0.0191712
-0.0194636
-0.0197624
-0.020067
-0.0203749
-0.0206839
-0.0209927
-0.0213027
-0.0216153
-0.0219328
-0.0222558
-0.0225829
-0.0229144
-0.0232471
-0.0235804
-0.0239181
-0.0242576
-0.0246004
-0.0249497
-0.0253002
-0.0256512
-0.0260056
-0.0263606
-0.0267215
-0.0270899
-0.0274603
-0.0278299
-0.0281989
-0.0285679
-0.0289432
-0.0293244
-0.029709
-0.0300996
-0.0304927
-0.0308798
-0.0312607
-0.0316459
-0.0320492
-0.0324706
-0.0328819
-0.0332687
-0.0336614
-0.0340823
-0.0345043
-0.0349065
-0.0353157
-0.0357459
-0.0361764
-0.0365949
-0.0370198
-0.0374542
-0.037889
-0.038321
-0.0387583
-0.039201
-0.0396467
-0.0400936
-0.0405434
-0.0409977
-0.0414563
-0.0419154
-0.0423772
-0.0428429
-0.0433144
-0.0437866
-0.044264
-0.0447441
-0.0452293
-0.0457151
-0.0462058
-0.0466995
-0.0471977
-0.0476979
-0.0482028
-0.0487103
-0.0492237
-0.0497386
-0.0502609
-0.0507841
-0.0513149
-0.0518465
-0.0523851
-0.0529251
-0.0534716
-0.0540199
-0.0545751
-0.0551316
-0.0556962
-0.0562608
-0.0568349
-0.0574086
-0.0579917
-0.0585751
-0.0591673
-0.05976
-0.060362
-0.0609634
-0.0615752
-0.0621853
-0.0628063
-0.0634252
-0.0640544
-0.0646811
-0.0653178
-0.0659498
-0.0665921
-0.0672262
-0.0678692
-0.0685
-0.0691346
-0.0697495
-0.07036
-0.0709332
-0.0714841
-0.0719665
-0.0723842
-0.0100158
-0.00918228
-0.00579366
-0.00232703
0.00042777
0.00231778
0.00334771
0.00362453
0.00332827
0.00268177
0.00188981
0.00109453
0.000375642
-0.000230837
-0.00071559
-0.00108482
-0.00135575
-0.00155146
-0.00169655
-0.00181446
-0.00192484
-0.00204306
-0.00217879
-0.00233742
-0.00252013
-0.00272605
-0.00295249
-0.00319605
-0.00345346
-0.00372152
-0.00399874
-0.00428337
-0.00457541
-0.00487387
-0.0051793
-0.00549189
-0.00581262
-0.00614293
-0.00648324
-0.00683527
-0.00719857
-0.00757445
-0.00796208
-0.00836135
-0.00877165
-0.00919135
-0.00962028
-0.0100563
-0.0104989
-0.0109455
-0.0113934
-0.0118377
-0.0122714
-0.0126867
-0.0130735
-0.0134249
-0.0137364
-0.0140072
-0.0142396
-0.0144361
-0.0146002
-0.0147352
-0.0148479
-0.0149449
-0.0150348
-0.0151281
-0.0152312
-0.0153481
-0.0154786
-0.0156215
-0.0157772
-0.0159448
-0.0161259
-0.0163237
-0.0165385
-0.0167683
-0.0170097
-0.0172589
-0.0175146
-0.0177761
-0.018043
-0.0183167
-0.0185957
-0.0188798
-0.0191688
-0.0194629
-0.0197625
-0.0200664
-0.0203723
-0.0206792
-0.0209871
-0.0212979
-0.0216122
-0.0219314
-0.0222549
-0.022581
-0.0229106
-0.0232421
-0.0235756
-0.0239147
-0.0242555
-0.0245981
-0.0249462
-0.0252959
-0.0256469
-0.026002
-0.0263579
-0.0267188
-0.0270863
-0.0274559
-0.0278255
-0.0281951
-0.0285646
-0.0289401
-0.0293213
-0.0297055
-0.0300953
-0.0304878
-0.0308756
-0.031258
-0.0316439
-0.0320461
-0.0324657
-0.0328767
-0.0332652
-0.0336589
-0.0340789
-0.0345004
-0.0349037
-0.0353134
-0.0357428
-0.0361729
-0.0365919
-0.0370171
-0.0374513
-0.0378861
-0.0383186
-0.0387562
-0.0391987
-0.0396445
-0.0400915
-0.0405415
-0.0409958
-0.0414544
-0.0419136
-0.0423757
-0.0428414
-0.043313
-0.0437853
-0.0442627
-0.0447429
-0.0452281
-0.045714
-0.0462047
-0.0466985
-0.0471968
-0.0476971
-0.048202
-0.0487096
-0.0492231
-0.0497381
-0.0502603
-0.0507836
-0.0513144
-0.051846
-0.0523846
-0.0529247
-0.0534711
-0.0540196
-0.0545747
-0.0551313
-0.0556958
-0.0562607
-0.0568345
-0.0574085
-0.0579914
-0.058575
-0.0591671
-0.05976
-0.0603618
-0.0609634
-0.061575
-0.0621855
-0.0628062
-0.0634255
-0.0640544
-0.0646816
-0.0653178
-0.0659506
-0.0665924
-0.0672274
-0.0678698
-0.0685019
-0.069136
-0.0697531
-0.0703631
-0.070941
-0.0714932
-0.0719875
-0.0724122
-0.0103886
-0.00965881
-0.00609212
-0.00240272
0.000487436
0.00241739
0.00340851
0.0036209
0.00328367
0.00262476
0.0018319
0.00103693
0.000317561
-0.000289156
-0.000772946
-0.00113939
-0.0014063
-0.00159762
-0.00173872
-0.00185317
-0.00196051
-0.00207591
-0.00220899
-0.00236522
-0.00254589
-0.0027503
-0.00297584
-0.00321911
-0.00347667
-0.00374512
-0.00402277
-0.00430776
-0.00459996
-0.00489839
-0.00520343
-0.00551534
-0.00583495
-0.00616375
-0.0065021
-0.00685157
-0.00721174
-0.00758361
-0.00796654
-0.00836014
-0.00876394
-0.0091763
-0.00959703
-0.0100241
-0.010457
-0.0108932
-0.0113303
-0.0117643
-0.0121884
-0.0125961
-0.0129775
-0.0133264
-0.0136383
-0.013912
-0.0141494
-0.014352
-0.0145236
-0.0146673
-0.0147898
-0.0148979
-0.0149988
-0.0151019
-0.0152129
-0.0153356
-0.0154701
-0.0156153
-0.0157718
-0.0159401
-0.0161219
-0.0163204
-0.0165362
-0.0167676
-0.0170108
-0.0172614
-0.0175174
-0.0177778
-0.0180428
-0.0183143
-0.018592
-0.0188762
-0.0191666
-0.0194624
-0.0197628
-0.0200658
-0.0203695
-0.020674
-0.0209811
-0.0212929
-0.021609
-0.0219299
-0.0222539
-0.0225787
-0.0229063
-0.0232366
-0.0235705
-0.0239112
-0.0242533
-0.0245956
-0.0249423
-0.0252912
-0.0256423
-0.0259983
-0.026355
-0.0267157
-0.0270822
-0.0274512
-0.0278209
-0.028191
-0.028561
-0.0289366
-0.0293177
-0.0297017
-0.0300908
-0.0304827
-0.0308712
-0.0312549
-0.0316414
-0.0320427
-0.0324607
-0.0328714
-0.0332615
-0.033656
-0.0340751
-0.0344962
-0.0349007
-0.0353108
-0.0357395
-0.0361692
-0.0365888
-0.0370143
-0.0374482
-0.0378831
-0.0383159
-0.0387538
-0.0391963
-0.039642
-0.0400893
-0.0405394
-0.0409937
-0.0414523
-0.0419117
-0.0423739
-0.0428398
-0.0433114
-0.0437838
-0.0442613
-0.0447415
-0.0452267
-0.0457127
-0.0462035
-0.0466974
-0.0471957
-0.0476961
-0.0482012
-0.0487088
-0.0492223
-0.0497374
-0.0502597
-0.050783
-0.0513138
-0.0518455
-0.052384
-0.0529242
-0.0534706
-0.0540192
-0.0545742
-0.055131
-0.0556954
-0.0562605
-0.0568341
-0.0574084
-0.0579911
-0.058575
-0.0591668
-0.05976
-0.0603615
-0.0609636
-0.0615748
-0.0621857
-0.062806
-0.0634259
-0.0640543
-0.0646822
-0.0653179
-0.0659515
-0.0665926
-0.0672288
-0.0678705
-0.0685042
-0.0691376
-0.0697573
-0.0703669
-0.0709497
-0.0715042
-0.0720092
-0.0724426
-0.0109091
-0.0102443
-0.00657396
-0.0026414
0.000464472
0.00252294
0.00355164
0.00373842
0.00335284
0.0026509
0.00182846
0.00101504
0.000284459
-0.000328702
-0.000815192
-0.00118127
-0.00144559
-0.0016333
-0.00177074
-0.001882
-0.00198672
-0.00209993
-0.00223112
-0.00238567
-0.00256497
-0.00276839
-0.00299343
-0.00323673
-0.00349473
-0.00376394
-0.0040424
-0.00432817
-0.0046209
-0.00491964
-0.0052246
-0.005536
-0.00585465
-0.00618196
-0.00651834
-0.00686518
-0.00722205
-0.00758973
-0.00796764
-0.0083553
-0.00875226
-0.00915697
-0.00956929
-0.00998734
-0.0104106
-0.0108368
-0.0112635
-0.0116875
-0.0121023
-0.012502
-0.0128778
-0.0132238
-0.0135359
-0.0138123
-0.0140543
-0.0142628
-0.0144415
-0.0145938
-0.0147259
-0.0148451
-0.0149576
-0.0150713
-0.0151912
-0.0153201
-0.0154589
-0.0156064
-0.0157638
-0.0159327
-0.0161153
-0.016315
-0.0165323
-0.0167656
-0.0170108
-0.017263
-0.0175192
-0.0177786
-0.0180416
-0.0183109
-0.0185874
-0.0188719
-0.0191638
-0.0194614
-0.0197625
-0.0200644
-0.0203658
-0.0206681
-0.0209744
-0.0212872
-0.0216053
-0.021928
-0.0222524
-0.0225759
-0.0229014
-0.0232306
-0.023565
-0.0239072
-0.0242506
-0.0245927
-0.0249379
-0.025286
-0.0256374
-0.025994
-0.0263516
-0.0267122
-0.0270778
-0.0274462
-0.027816
-0.0281867
-0.0285571
-0.0289327
-0.0293137
-0.0296977
-0.0300861
-0.0304774
-0.0308663
-0.0312513
-0.0316386
-0.0320391
-0.0324554
-0.0328658
-0.0332574
-0.0336529
-0.0340711
-0.0344918
-0.0348973
-0.035308
-0.0357359
-0.0361652
-0.0365855
-0.0370112
-0.0374448
-0.0378797
-0.0383131
-0.0387511
-0.0391936
-0.0396394
-0.0400868
-0.0405372
-0.0409914
-0.04145
-0.0419096
-0.042372
-0.042838
-0.0433097
-0.0437822
-0.0442597
-0.04474
-0.0452252
-0.0457113
-0.0462022
-0.0466962
-0.0471945
-0.047695
-0.0482002
-0.048708
-0.0492215
-0.0497368
-0.0502589
-0.0507824
-0.0513131
-0.051845
-0.0523834
-0.0529237
-0.05347
-0.0540188
-0.0545737
-0.0551307
-0.0556949
-0.0562603
-0.0568337
-0.0574082
-0.0579907
-0.0585749
-0.0591664
-0.0597601
-0.0603612
-0.0609637
-0.0615745
-0.062186
-0.0628057
-0.0634263
-0.0640541
-0.0646828
-0.0653179
-0.0659525
-0.0665929
-0.0672304
-0.0678713
-0.0685068
-0.0691395
-0.0697617
-0.0703715
-0.070959
-0.0715168
-0.0720312
-0.0724743
-0.0113245
-0.010674
-0.0069234
-0.002828
0.000444892
0.00263027
0.00372359
0.00390522
0.00347083
0.00271027
0.00183981
0.000994275
0.000244658
-0.000378605
-0.000868788
-0.00123415
-0.00149495
-0.001678
-0.00181061
-0.0019176
-0.00201866
-0.00212883
-0.00225748
-0.00240987
-0.00258745
-0.00278956
-0.00301389
-0.00325691
-0.00351514
-0.00378486
-0.00406399
-0.00435044
-0.00464363
-0.00494264
-0.0052474
-0.00555826
-0.00587576
-0.00620143
-0.00653554
-0.0068794
-0.00723264
-0.00759568
-0.00796818
-0.00834941
-0.00873922
-0.00913591
-0.00953956
-0.00994844
-0.0103619
-0.0107783
-0.0111948
-0.0116089
-0.0120143
-0.0124058
-0.012776
-0.0131191
-0.0134314
-0.0137103
-0.0139564
-0.0141705
-0.0143559
-0.0145167
-0.0146586
-0.0147889
-0.0149131
-0.015038
-0.0151675
-0.0153034
-0.0154467
-0.0155966
-0.015755
-0.0159244
-0.0161078
-0.0163086
-0.0165277
-0.0167633
-0.0170107
-0.0172646
-0.0175212
-0.0177794
-0.0180403
-0.0183073
-0.0185826
-0.0188675
-0.0191609
-0.0194604
-0.0197622
-0.0200629
-0.020362
-0.0206621
-0.0209676
-0.0212816
-0.0216017
-0.021926
-0.0222508
-0.0225728
-0.0228963
-0.0232244
-0.0235594
-0.0239031
-0.0242478
-0.0245896
-0.0249334
-0.0252807
-0.0256322
-0.0259896
-0.0263479
-0.0267086
-0.0270733
-0.027441
-0.0278109
-0.028182
-0.0285529
-0.0289286
-0.0293096
-0.0296935
-0.0300812
-0.0304718
-0.0308612
-0.0312475
-0.0316356
-0.0320354
-0.03245
-0.0328599
-0.033253
-0.0336495
-0.0340669
-0.0344871
-0.0348938
-0.035305
-0.0357321
-0.036161
-0.0365819
-0.037008
-0.0374413
-0.0378762
-0.0383101
-0.0387484
-0.0391908
-0.0396366
-0.0400843
-0.0405347
-0.040989
-0.0414476
-0.0419074
-0.04237
-0.0428362
-0.0433079
-0.0437806
-0.0442581
-0.0447384
-0.0452236
-0.0457099
-0.0462008
-0.0466949
-0.0471933
-0.047694
-0.0481991
-0.0487071
-0.0492206
-0.0497361
-0.0502582
-0.0507818
-0.0513123
-0.0518444
-0.0523827
-0.0529233
-0.0534693
-0.0540184
-0.0545731
-0.0551304
-0.0556943
-0.0562601
-0.0568332
-0.0574082
-0.0579903
-0.0585749
-0.0591661
-0.0597601
-0.0603608
-0.0609639
-0.0615742
-0.0621863
-0.0628055
-0.0634268
-0.064054
-0.0646836
-0.065318
-0.0659536
-0.0665933
-0.0672321
-0.0678724
-0.0685095
-0.0691419
-0.0697665
-0.0703771
-0.0709688
-0.0715309
-0.0720535
-0.0725068
-0.0116723
-0.0110274
-0.00722158
-0.00301883
0.000374699
0.00265954
0.00381813
0.00401688
0.00355942
0.00275709
0.00184412
0.000964832
0.000192574
-0.000443479
-0.00093824
-0.00130232
-0.00155836
-0.00173519
-0.00186138
-0.00196249
-0.00205842
-0.00216427
-0.00228934
-0.00243878
-0.00261409
-0.00281446
-0.00303771
-0.0032801
-0.00353824
-0.00380817
-0.00408775
-0.00437471
-0.00466825
-0.00496744
-0.00527192
-0.00558212
-0.00589829
-0.00622208
-0.00655361
-0.00689413
-0.00724332
-0.0076013
-0.00796797
-0.00834236
-0.00872465
-0.00911307
-0.00950782
-0.00990744
-0.0103111
-0.0107176
-0.0111239
-0.011528
-0.0119242
-0.012308
-0.0126729
-0.0130134
-0.0133257
-0.0136065
-0.0138561
-0.0140751
-0.0142669
-0.0144362
-0.0145877
-0.0147288
-0.0148649
-0.0150014
-0.0151412
-0.0152848
-0.0154331
-0.0155857
-0.0157452
-0.0159151
-0.016099
-0.016301
-0.016522
-0.0167602
-0.0170102
-0.0172659
-0.0175229
-0.0177799
-0.0180386
-0.0183033
-0.0185772
-0.0188626
-0.0191577
-0.0194591
-0.0197618
-0.0200613
-0.020358
-0.0206558
-0.0209605
-0.0212756
-0.0215979
-0.0219237
-0.0222487
-0.0225695
-0.0228909
-0.023218
-0.0235536
-0.0238986
-0.0242446
-0.0245863
-0.0249287
-0.0252751
-0.0256267
-0.0259848
-0.026344
-0.0267047
-0.0270685
-0.0274355
-0.0278054
-0.028177
-0.0285484
-0.0289242
-0.0293053
-0.0296888
-0.030076
-0.030466
-0.0308559
-0.0312435
-0.0316324
-0.0320313
-0.0324441
-0.0328538
-0.0332486
-0.0336459
-0.0340623
-0.0344821
-0.03489
-0.0353018
-0.035728
-0.0361566
-0.0365782
-0.0370045
-0.0374376
-0.0378725
-0.0383069
-0.0387454
-0.0391878
-0.0396336
-0.0400815
-0.0405322
-0.0409865
-0.0414452
-0.0419051
-0.0423679
-0.0428342
-0.043306
-0.0437788
-0.0442563
-0.0447367
-0.0452219
-0.0457085
-0.0461994
-0.0466937
-0.047192
-0.0476929
-0.048198
-0.0487062
-0.0492197
-0.0497354
-0.0502574
-0.0507812
-0.0513116
-0.0518438
-0.0523819
-0.0529228
-0.0534686
-0.054018
-0.0545725
-0.0551301
-0.0556937
-0.0562599
-0.0568327
-0.0574081
-0.0579898
-0.0585749
-0.0591657
-0.0597602
-0.0603604
-0.0609641
-0.0615739
-0.0621867
-0.0628053
-0.0634273
-0.064054
-0.0646844
-0.0653182
-0.0659548
-0.0665939
-0.0672338
-0.0678738
-0.0685123
-0.0691449
-0.0697715
-0.0703837
-0.0709792
-0.071546
-0.072076
-0.0725396
-0.011982
-0.0113407
-0.00749319
-0.00321557
0.000260875
0.00262297
0.00384617
0.00408147
0.00362685
0.00280257
0.00185796
0.000948849
0.000153442
-0.000498375
-0.0010017
-0.0013683
-0.00162235
-0.00179446
-0.00191466
-0.0020096
-0.00209982
-0.00220057
-0.00232134
-0.00246718
-0.00263974
-0.00283803
-0.00305997
-0.00330164
-0.00355957
-0.00382972
-0.00410966
-0.00439718
-0.00469108
-0.00499055
-0.0052948
-0.00560435
-0.00591923
-0.006241
-0.00656991
-0.00690682
-0.00725175
-0.00760438
-0.0079649
-0.00833223
-0.00870662
-0.00908664
-0.0094722
-0.00986243
-0.0102561
-0.0106527
-0.011049
-0.0114434
-0.011831
-0.0122076
-0.0125678
-0.0129056
-0.0132173
-0.0134993
-0.0137516
-0.0139753
-0.0141733
-0.0143506
-0.0145117
-0.0146636
-0.0148116
-0.01496
-0.0151106
-0.0152627
-0.0154166
-0.0155725
-0.0157333
-0.0159035
-0.0160877
-0.0162908
-0.016514
-0.0167551
-0.0170082
-0.017266
-0.0175237
-0.0177794
-0.0180358
-0.0182981
-0.0185708
-0.0188569
-0.0191539
-0.0194573
-0.0197608
-0.0200592
-0.0203533
-0.0206487
-0.0209525
-0.0212688
-0.0215935
-0.0219209
-0.0222461
-0.0225657
-0.022885
-0.0232111
-0.0235471
-0.0238936
-0.0242409
-0.0245826
-0.0249236
-0.025269
-0.0256207
-0.0259795
-0.0263395
-0.0267003
-0.0270633
-0.0274295
-0.0277995
-0.0281716
-0.0285435
-0.0289195
-0.0293003
-0.0296836
-0.0300704
-0.03046
-0.0308503
-0.031239
-0.0316285
-0.0320266
-0.0324379
-0.0328474
-0.0332438
-0.0336419
-0.0340574
-0.0344769
-0.0348858
-0.0352982
-0.0357236
-0.0361518
-0.0365741
-0.0370008
-0.0374336
-0.0378685
-0.0383034
-0.0387423
-0.0391846
-0.0396304
-0.0400786
-0.0405295
-0.0409838
-0.0414425
-0.0419026
-0.0423656
-0.0428321
-0.0433039
-0.0437769
-0.0442544
-0.0447349
-0.0452201
-0.0457068
-0.0461977
-0.0466922
-0.0471905
-0.0476917
-0.0481968
-0.0487053
-0.0492187
-0.0497346
-0.0502565
-0.0507806
-0.0513107
-0.0518432
-0.0523811
-0.0529222
-0.0534679
-0.0540176
-0.0545718
-0.0551298
-0.0556931
-0.0562597
-0.0568321
-0.057408
-0.0579893
-0.0585748
-0.0591652
-0.0597603
-0.0603601
-0.0609644
-0.0615736
-0.062187
-0.0628052
-0.0634278
-0.0640541
-0.0646852
-0.0653185
-0.0659559
-0.0665949
-0.0672356
-0.0678757
-0.0685153
-0.0691485
-0.0697769
-0.0703913
-0.0709902
-0.0715621
-0.072099
-0.0725728
-0.0122661
-0.0116258
-0.00774502
-0.00341277
0.000126565
0.00255205
0.003835
0.00411351
0.00367632
0.00284584
0.00188164
0.000948308
0.000130064
-0.000540439
-0.00105699
-0.00143087
-0.00168667
-0.00185644
-0.0019718
-0.00206087
-0.00214516
-0.00224027
-0.0023561
-0.00249762
-0.00266679
-0.00286246
-0.00308267
-0.00332335
-0.0035809
-0.00385117
-0.00413135
-0.00441937
-0.00471356
-0.00501333
-0.00531736
-0.00562624
-0.0059398
-0.00625943
-0.00658563
-0.00691871
-0.00725917
-0.00760615
-0.00796022
-0.00832017
-0.00868627
-0.0090576
-0.00943361
-0.00981423
-0.0101979
-0.0105844
-0.0109712
-0.0113563
-0.0117361
-0.0121061
-0.0124616
-0.0127964
-0.0131069
-0.0133896
-0.0136442
-0.0138723
-0.0140763
-0.0142615
-0.0144321
-0.0145947
-0.0147546
-0.0149149
-0.0150766
-0.0152376
-0.0153978
-0.0155576
-0.01572
-0.0158906
-0.016075
-0.0162792
-0.0165047
-0.0167489
-0.0170053
-0.0172655
-0.017524
-0.0177786
-0.0180325
-0.0182924
-0.0185638
-0.0188507
-0.0191499
-0.0194554
-0.0197597
-0.0200568
-0.0203482
-0.0206413
-0.0209441
-0.0212617
-0.021589
-0.0219182
-0.0222436
-0.0225616
-0.0228788
-0.0232039
-0.0235405
-0.0238882
-0.024237
-0.0245786
-0.0249183
-0.0252627
-0.0256146
-0.025974
-0.0263348
-0.0266957
-0.0270579
-0.0274235
-0.0277934
-0.0281661
-0.0285385
-0.0289145
-0.0292951
-0.0296782
-0.0300646
-0.0304539
-0.0308444
-0.031234
-0.0316242
-0.0320218
-0.0324317
-0.032841
-0.0332387
-0.0336377
-0.0340524
-0.0344714
-0.0348815
-0.0352944
-0.0357191
-0.0361469
-0.03657
-0.036997
-0.0374294
-0.0378644
-0.0382999
-0.038739
-0.0391813
-0.039627
-0.0400756
-0.0405266
-0.0409811
-0.0414397
-0.0419001
-0.0423633
-0.04283
-0.0433018
-0.043775
-0.0442525
-0.0447331
-0.0452183
-0.0457053
-0.0461962
-0.0466908
-0.0471891
-0.0476905
-0.0481956
-0.0487043
-0.0492177
-0.0497338
-0.0502556
-0.0507799
-0.0513098
-0.0518427
-0.0523803
-0.0529217
-0.0534672
-0.0540172
-0.0545711
-0.0551296
-0.0556925
-0.0562595
-0.0568316
-0.0574078
-0.0579889
-0.0585748
-0.0591649
-0.0597604
-0.0603598
-0.0609646
-0.0615734
-0.0621873
-0.0628052
-0.0634283
-0.0640543
-0.0646859
-0.0653192
-0.0659571
-0.0665961
-0.0672375
-0.0678779
-0.0685184
-0.0691528
-0.0697828
-0.0703998
-0.071002
-0.0715791
-0.0721227
-0.0726061
-0.0125287
-0.0118886
-0.00798096
-0.00360625
-1.60181e-05
0.00246247
0.00379809
0.00411926
0.00370632
0.00288003
0.00190559
0.000954234
0.000115863
-0.000573456
-0.00110567
-0.0014903
-0.00175129
-0.00192132
-0.00203354
-0.0021174
-0.00219576
-0.00228484
-0.00239507
-0.00253158
-0.00269657
-0.00288895
-0.00310679
-0.00334603
-0.00360283
-0.00387298
-0.00415323
-0.00444154
-0.00473594
-0.00503584
-0.00533969
-0.0056478
-0.00596
-0.00627737
-0.00660066
-0.0069298
-0.00726549
-0.00760663
-0.00795386
-0.00830612
-0.00866355
-0.00902581
-0.00939206
-0.00976284
-0.0101366
-0.0105134
-0.0108911
-0.0112676
-0.01164
-0.0120037
-0.0123544
-0.012686
-0.0129948
-0.013278
-0.0135349
-0.013767
-0.0139767
-0.014169
-0.0143487
-0.014522
-0.0146937
-0.0148659
-0.0150386
-0.0152089
-0.015376
-0.0155402
-0.0157045
-0.0158758
-0.0160607
-0.016266
-0.0164939
-0.0167413
-0.017001
-0.0172639
-0.0175233
-0.0177769
-0.0180283
-0.0182858
-0.0185562
-0.0188438
-0.0191453
-0.019453
-0.0197582
-0.0200539
-0.0203426
-0.0206334
-0.0209353
-0.0212541
-0.0215841
-0.0219152
-0.0222405
-0.0225569
-0.0228719
-0.0231963
-0.0235336
-0.0238825
-0.0242324
-0.0245743
-0.0249127
-0.025256
-0.0256081
-0.0259682
-0.0263296
-0.0266906
-0.0270521
-0.027417
-0.027787
-0.0281601
-0.0285328
-0.028909
-0.0292895
-0.0296725
-0.0300586
-0.0304475
-0.0308381
-0.0312286
-0.0316197
-0.0320168
-0.0324252
-0.0328342
-0.0332333
-0.0336331
-0.0340469
-0.0344656
-0.0348768
-0.0352903
-0.0357143
-0.0361417
-0.0365655
-0.0369929
-0.037425
-0.03786
-0.038296
-0.0387354
-0.0391776
-0.0396234
-0.0400723
-0.0405235
-0.0409781
-0.0414367
-0.0418973
-0.0423607
-0.0428277
-0.0432994
-0.0437729
-0.0442504
-0.0447311
-0.0452163
-0.0457036
-0.0461945
-0.0466892
-0.0471875
-0.0476892
-0.0481943
-0.0487033
-0.0492165
-0.049733
-0.0502546
-0.0507792
-0.0513089
-0.051842
-0.0523794
-0.0529212
-0.0534664
-0.0540167
-0.0545704
-0.0551292
-0.0556919
-0.0562593
-0.0568311
-0.0574077
-0.0579885
-0.0585747
-0.0591645
-0.0597604
-0.0603595
-0.0609647
-0.0615733
-0.0621876
-0.0628054
-0.0634287
-0.0640547
-0.0646866
-0.06532
-0.0659582
-0.0665976
-0.0672394
-0.0678807
-0.0685219
-0.0691578
-0.0697893
-0.070409
-0.0710147
-0.0715968
-0.0721468
-0.0726394
-0.0127718
-0.0121334
-0.00820332
-0.00379328
-0.000161198
0.00236147
0.00374224
0.00410258
0.00371611
0.00290044
0.0019223
0.000958627
0.000104201
-0.000601826
-0.00114959
-0.00154656
-0.00181529
-0.00198821
-0.00209933
-0.0021791
-0.00225187
-0.00233465
-0.00243871
-0.00256949
-0.00272945
-0.00291779
-0.00313247
-0.00336973
-0.00362527
-0.00389496
-0.00417502
-0.00446336
-0.00475784
-0.00505764
-0.00536133
-0.00566855
-0.00597939
-0.00629436
-0.00661456
-0.00693968
-0.0072703
-0.00760547
-0.00794542
-0.00828971
-0.00863812
-0.00899099
-0.00934745
-0.00970826
-0.0100724
-0.0104398
-0.0108088
-0.0111771
-0.0115424
-0.0119001
-0.0122459
-0.0125745
-0.0128818
-0.0131654
-0.013424
-0.0136594
-0.0138739
-0.0140727
-0.0142612
-0.0144449
-0.0146285
-0.0148126
-0.0149964
-0.0151765
-0.0153507
-0.0155196
-0.0156864
-0.0158588
-0.0160446
-0.0162512
-0.0164815
-0.0167321
-0.0169953
-0.0172609
-0.0175212
-0.0177737
-0.0180229
-0.0182781
-0.0185476
-0.0188363
-0.0191403
-0.0194502
-0.019756
-0.0200501
-0.0203362
-0.020625
-0.0209261
-0.021246
-0.0215786
-0.0219117
-0.0222369
-0.0225515
-0.0228645
-0.0231884
-0.0235267
-0.0238764
-0.0242271
-0.0245694
-0.0249068
-0.0252491
-0.0256012
-0.0259618
-0.0263238
-0.0266849
-0.027046
-0.0274104
-0.0277803
-0.0281537
-0.0285268
-0.0289031
-0.0292836
-0.0296664
-0.0300521
-0.0304407
-0.0308315
-0.0312229
-0.0316148
-0.0320113
-0.0324183
-0.0328271
-0.0332277
-0.0336281
-0.0340411
-0.0344595
-0.0348719
-0.035286
-0.0357091
-0.0361362
-0.0365608
-0.0369885
-0.0374204
-0.0378553
-0.0382919
-0.0387317
-0.0391739
-0.0396196
-0.0400689
-0.0405203
-0.040975
-0.0414336
-0.0418945
-0.0423581
-0.0428252
-0.043297
-0.0437707
-0.0442482
-0.0447291
-0.0452143
-0.0457018
-0.0461927
-0.0466877
-0.0471859
-0.0476879
-0.048193
-0.0487022
-0.0492154
-0.0497322
-0.0502536
-0.0507785
-0.051308
-0.0518414
-0.0523786
-0.0529206
-0.0534656
-0.0540163
-0.0545697
-0.0551289
-0.0556913
-0.056259
-0.0568307
-0.0574074
-0.0579882
-0.0585746
-0.0591643
-0.0597604
-0.0603594
-0.0609647
-0.0615734
-0.0621878
-0.0628057
-0.0634291
-0.0640553
-0.0646874
-0.0653211
-0.0659595
-0.0665995
-0.0672416
-0.0678838
-0.0685258
-0.0691633
-0.0697966
-0.0704191
-0.0710283
-0.0716154
-0.0721715
-0.0726726
-0.0129983
-0.0123609
-0.00841158
-0.00397178
-0.00030501
0.0022545
0.00367343
0.0040682
0.00370721
0.00290498
0.00192858
0.000957745
9.15612e-05
-0.000628148
-0.00118997
-0.00159943
-0.0018774
-0.00205506
-0.00216695
-0.00224406
-0.00231203
-0.00238875
-0.00248639
-0.002611
-0.00276527
-0.00294889
-0.00315966
-0.00339426
-0.00364796
-0.00391674
-0.00419629
-0.00448437
-0.00477875
-0.00507826
-0.00538168
-0.00568795
-0.00599739
-0.0063099
-0.00662684
-0.00694782
-0.00727313
-0.00760216
-0.00793452
-0.00827056
-0.00860973
-0.00895301
-0.00929971
-0.00965056
-0.0100053
-0.0103634
-0.010724
-0.0110845
-0.0114431
-0.0117953
-0.0121367
-0.0124625
-0.0127682
-0.0130518
-0.0133114
-0.013549
-0.0137676
-0.0139723
-0.0141695
-0.0143638
-0.0145592
-0.0147553
-0.0149501
-0.01514
-0.0153216
-0.0154955
-0.0156652
-0.0158391
-0.0160262
-0.0162345
-0.0164673
-0.0167213
-0.0169879
-0.017256
-0.0175171
-0.0177688
-0.0180159
-0.0182693
-0.0185384
-0.0188283
-0.0191348
-0.0194467
-0.0197528
-0.0200454
-0.0203289
-0.0206159
-0.0209168
-0.0212376
-0.0215725
-0.0219073
-0.0222324
-0.0225456
-0.0228569
-0.0231804
-0.0235195
-0.0238696
-0.0242209
-0.0245637
-0.0249007
-0.0252421
-0.0255939
-0.0259549
-0.0263175
-0.0266788
-0.0270397
-0.0274036
-0.0277732
-0.0281469
-0.0285205
-0.0288968
-0.0292772
-0.0296599
-0.0300453
-0.0304338
-0.0308248
-0.0312168
-0.0316093
-0.0320054
-0.0324112
-0.0328198
-0.0332219
-0.0336229
-0.034035
-0.0344531
-0.0348667
-0.0352813
-0.0357037
-0.0361305
-0.0365558
-0.036984
-0.0374156
-0.0378504
-0.0382877
-0.0387278
-0.03917
-0.0396157
-0.0400653
-0.040517
-0.0409718
-0.0414303
-0.0418916
-0.0423553
-0.0428227
-0.0432945
-0.0437685
-0.044246
-0.0447271
-0.0452121
-0.0457
-0.0461908
-0.0466861
-0.0471842
-0.0476865
-0.0481916
-0.0487011
-0.0492142
-0.0497313
-0.0502526
-0.0507777
-0.0513071
-0.0518407
-0.0523777
-0.05292
-0.0534649
-0.0540158
-0.0545691
-0.0551284
-0.0556908
-0.0562586
-0.0568303
-0.0574071
-0.0579879
-0.0585744
-0.0591641
-0.0597603
-0.0603594
-0.0609647
-0.0615736
-0.0621879
-0.0628061
-0.0634295
-0.0640561
-0.0646881
-0.0653224
-0.0659609
-0.0666016
-0.0672441
-0.0678873
-0.0685302
-0.0691693
-0.0698046
-0.0704299
-0.0710427
-0.0716347
-0.0721967
-0.0727057
-0.0132075
-0.0125712
-0.00860528
-0.00414045
-0.000444963
0.00214524
0.00359615
0.00402037
0.00368238
0.00289426
0.00192286
0.000949477
7.55205e-05
-0.00065459
-0.00122827
-0.00164925
-0.00193675
-0.00212043
-0.00223447
-0.00231038
-0.00237457
-0.00244592
-0.00253731
-0.00265567
-0.00280389
-0.00298222
-0.00318847
-0.00341962
-0.0036709
-0.00393813
-0.00421685
-0.00450429
-0.00479834
-0.00509734
-0.00540029
-0.00570561
-0.00601351
-0.00632363
-0.00663711
-0.00695385
-0.00727367
-0.00759636
-0.00792104
-0.00824854
-0.00857837
-0.00891183
-0.00924881
-0.00958972
-0.00993518
-0.0102843
-0.0106369
-0.0109904
-0.0113426
-0.01169
-0.0120274
-0.0123507
-0.0126546
-0.0129371
-0.0131968
-0.0134357
-0.0136579
-0.0138686
-0.0140744
-0.0142793
-0.0144862
-0.0146942
-0.0148998
-0.0150991
-0.015288
-0.015467
-0.0156401
-0.0158161
-0.0160053
-0.0162159
-0.0164518
-0.0167093
-0.0169791
-0.0172493
-0.0175109
-0.0177618
-0.0180072
-0.0182594
-0.0185287
-0.0188199
-0.0191289
-0.0194425
-0.0197482
-0.0200393
-0.0203207
-0.0206063
-0.0209075
-0.0212294
-0.0215659
-0.021902
-0.0222268
-0.022539
-0.0228492
-0.0231723
-0.0235118
-0.0238623
-0.0242139
-0.0245574
-0.0248945
-0.025235
-0.0255862
-0.0259474
-0.0263106
-0.0266723
-0.0270331
-0.0273963
-0.0277655
-0.0281397
-0.0285138
-0.0288901
-0.0292704
-0.0296529
-0.0300383
-0.0304267
-0.0308178
-0.0312101
-0.0316032
-0.0319992
-0.0324039
-0.0328123
-0.0332157
-0.0336174
-0.0340286
-0.0344463
-0.0348612
-0.0352764
-0.0356981
-0.0361245
-0.0365507
-0.0369792
-0.0374105
-0.0378453
-0.0382833
-0.0387236
-0.0391658
-0.0396115
-0.0400615
-0.0405135
-0.0409684
-0.041427
-0.0418886
-0.0423524
-0.04282
-0.0432918
-0.043766
-0.0442436
-0.0447249
-0.04521
-0.0456981
-0.0461889
-0.0466844
-0.0471825
-0.0476851
-0.0481902
-0.0487
-0.049213
-0.0497304
-0.0502515
-0.0507769
-0.0513061
-0.0518399
-0.0523769
-0.0529193
-0.0534642
-0.0540152
-0.0545685
-0.0551279
-0.0556904
-0.0562582
-0.05683
-0.0574068
-0.0579877
-0.0585741
-0.0591641
-0.0597601
-0.0603595
-0.0609647
-0.0615739
-0.0621881
-0.0628067
-0.06343
-0.064057
-0.064689
-0.0653239
-0.0659625
-0.0666039
-0.067247
-0.0678912
-0.0685353
-0.0691761
-0.0698135
-0.0704417
-0.0710581
-0.0716548
-0.0722224
-0.0727386
-0.0134041
-0.0127661
-0.00878468
-0.00429857
-0.000579177
0.0020364
0.00351372
0.00396261
0.00364462
0.00287004
0.00190523
0.000932453
5.42684e-05
-0.000683163
-0.00126618
-0.00169702
-0.00199337
-0.00218346
-0.00230069
-0.00237666
-0.00243816
-0.00250506
-0.00259068
-0.00270298
-0.00284507
-0.00301772
-0.00321896
-0.00344593
-0.00369417
-0.00395916
-0.0042366
-0.00452299
-0.00481639
-0.00511466
-0.00541685
-0.0057212
-0.00602743
-0.00633524
-0.00664512
-0.0069575
-0.00727172
-0.00758788
-0.00790493
-0.00822362
-0.00854414
-0.00886755
-0.0091948
-0.00952592
-0.00986217
-0.0102029
-0.010548
-0.0108953
-0.011242
-0.0115849
-0.0119187
-0.0122391
-0.0125406
-0.0128212
-0.0130805
-0.0133203
-0.0135459
-0.0137625
-0.0139765
-0.0141917
-0.0144095
-0.0146289
-0.0148453
-0.0150537
-0.0152497
-0.0154336
-0.0156106
-0.0157896
-0.0159817
-0.0161958
-0.0164352
-0.0166964
-0.0169689
-0.0172404
-0.0175019
-0.0177519
-0.0179964
-0.0182482
-0.0185184
-0.0188114
-0.0191224
-0.019437
-0.0197419
-0.0200317
-0.0203116
-0.0205965
-0.0208984
-0.0212212
-0.0215586
-0.0218951
-0.0222196
-0.0225316
-0.0228417
-0.0231644
-0.0235039
-0.0238544
-0.0242059
-0.0245501
-0.0248878
-0.0252281
-0.0255783
-0.0259393
-0.0263032
-0.0266653
-0.027026
-0.0273889
-0.0277576
-0.0281319
-0.0285067
-0.0288832
-0.0292632
-0.0296457
-0.0300309
-0.0304193
-0.0308104
-0.031203
-0.0315968
-0.0319928
-0.0323965
-0.0328045
-0.0332092
-0.0336116
-0.0340219
-0.0344393
-0.0348554
-0.0352713
-0.0356922
-0.0361182
-0.0365453
-0.0369743
-0.0374053
-0.03784
-0.0382786
-0.0387194
-0.0391616
-0.0396072
-0.0400577
-0.0405098
-0.0409649
-0.0414234
-0.0418853
-0.0423493
-0.0428172
-0.0432891
-0.0437636
-0.0442412
-0.0447227
-0.0452077
-0.0456961
-0.046187
-0.0466827
-0.0471808
-0.0476836
-0.0481887
-0.0486988
-0.0492118
-0.0497294
-0.0502506
-0.0507761
-0.0513053
-0.0518392
-0.0523761
-0.0529186
-0.0534635
-0.0540145
-0.054568
-0.0551273
-0.05569
-0.0562577
-0.0568298
-0.0574064
-0.0579876
-0.0585738
-0.0591641
-0.05976
-0.0603596
-0.0609647
-0.0615743
-0.0621883
-0.0628073
-0.0634306
-0.0640579
-0.0646901
-0.0653252
-0.0659645
-0.0666065
-0.0672503
-0.0678955
-0.068541
-0.0691835
-0.0698231
-0.0704543
-0.0710743
-0.0716756
-0.0722484
-0.0727713
-0.0135832
-0.0129448
-0.00895013
-0.00444593
-0.000706697
0.00192985
0.00342893
0.00389831
0.0035973
0.002835
0.00187726
0.000906859
2.70212e-05
-0.000715061
-0.00130488
-0.00174362
-0.00204755
-0.00224376
-0.00236461
-0.00244162
-0.00250147
-0.00256484
-0.00264548
-0.00275207
-0.00288824
-0.00305502
-0.00325096
-0.00347318
-0.00371778
-0.00397991
-0.00425547
-0.00454044
-0.00483271
-0.00513002
-0.0054311
-0.00573436
-0.00603879
-0.00634427
-0.00665059
-0.00695844
-0.00726711
-0.00757656
-0.00788608
-0.00819588
-0.00850705
-0.00882039
-0.00913777
-0.00945942
-0.00978665
-0.0101196
-0.0104577
-0.0107994
-0.0111412
-0.0114801
-0.0118104
-0.0121274
-0.0124264
-0.0127047
-0.0129631
-0.0132036
-0.013432
-0.0136542
-0.0138758
-0.0141007
-0.0143291
-0.0145597
-0.0147867
-0.0150038
-0.0152066
-0.0153952
-0.0155762
-0.0157592
-0.0159552
-0.0161737
-0.0164174
-0.0166822
-0.0169568
-0.0172288
-0.0174896
-0.0177388
-0.0179833
-0.0182359
-0.0185081
-0.0188032
-0.0191152
-0.01943
-0.0197336
-0.0200221
-0.0203016
-0.0205867
-0.0208893
-0.0212129
-0.0215503
-0.0218864
-0.0222108
-0.0225235
-0.0228345
-0.023157
-0.0234959
-0.0238456
-0.0241967
-0.0245417
-0.0248808
-0.0252213
-0.0255706
-0.0259307
-0.0262947
-0.0266575
-0.0270187
-0.0273814
-0.0277496
-0.0281237
-0.028499
-0.0288758
-0.0292558
-0.0296381
-0.0300231
-0.0304113
-0.0308027
-0.0311957
-0.03159
-0.0319859
-0.0323887
-0.0327965
-0.0332023
-0.0336054
-0.034015
-0.034432
-0.0348493
-0.0352658
-0.0356862
-0.0361117
-0.0365395
-0.0369691
-0.0373999
-0.0378345
-0.0382737
-0.0387149
-0.0391571
-0.0396027
-0.0400535
-0.0405059
-0.0409613
-0.0414198
-0.0418821
-0.0423462
-0.0428143
-0.0432863
-0.0437611
-0.0442387
-0.0447203
-0.0452054
-0.045694
-0.046185
-0.0466809
-0.0471791
-0.0476822
-0.0481874
-0.0486976
-0.0492107
-0.0497284
-0.0502496
-0.0507751
-0.0513045
-0.0518383
-0.0523754
-0.0529178
-0.053463
-0.0540138
-0.0545676
-0.0551267
-0.0556897
-0.0562572
-0.0568295
-0.057406
-0.0579875
-0.0585736
-0.059164
-0.0597599
-0.0603598
-0.0609648
-0.0615746
-0.0621887
-0.0628079
-0.0634314
-0.064059
-0.0646915
-0.065327
-0.0659668
-0.0666095
-0.0672541
-0.0679004
-0.0685473
-0.0691917
-0.0698336
-0.0704679
-0.0710914
-0.0716971
-0.0722748
-0.0728037
-0.0137487
-0.0131085
-0.00910202
-0.00458244
-0.000826679
0.00182725
0.00334419
0.00383041
0.00354354
0.0027919
0.00184098
0.000873778
-6.01649e-06
-0.000750735
-0.00134522
-0.00179002
-0.0021001
-0.00230166
-0.00242605
-0.00250451
-0.00256362
-0.00262428
-0.0027008
-0.00280218
-0.00293276
-0.0030937
-0.00328418
-0.00350132
-0.00374167
-0.00400042
-0.00427342
-0.00455657
-0.0048472
-0.00514323
-0.00544287
-0.00574479
-0.00604741
-0.00635044
-0.00665336
-0.00695656
-0.0072597
-0.00756233
-0.00786428
-0.00816531
-0.00846698
-0.00877041
-0.00907779
-0.00939033
-0.00970898
-0.0100347
-0.0103664
-0.010703
-0.0110405
-0.0113754
-0.0117024
-0.0120161
-0.0123123
-0.0125883
-0.0128451
-0.013086
-0.0133165
-0.0135436
-0.0137724
-0.0140066
-0.0142459
-0.0144873
-0.0147246
-0.0149496
-0.0151582
-0.0153512
-0.0155363
-0.0157241
-0.0159255
-0.0161496
-0.0163984
-0.0166667
-0.0169428
-0.0172142
-0.0174738
-0.0177221
-0.0179675
-0.0182226
-0.0184976
-0.0187949
-0.0191072
-0.0194208
-0.0197229
-0.0200104
-0.0202906
-0.0205769
-0.0208807
-0.0212046
-0.021541
-0.0218761
-0.0222004
-0.0225146
-0.0228272
-0.0231499
-0.0234875
-0.0238358
-0.0241861
-0.0245321
-0.0248732
-0.0252147
-0.0255631
-0.0259215
-0.026285
-0.0266487
-0.0270111
-0.0273741
-0.0277414
-0.0281149
-0.0284905
-0.0288679
-0.0292482
-0.0296303
-0.0300148
-0.0304029
-0.0307948
-0.0311882
-0.0315828
-0.0319785
-0.0323806
-0.0327882
-0.0331952
-0.033599
-0.0340079
-0.0344244
-0.0348428
-0.03526
-0.0356798
-0.036105
-0.0365337
-0.0369637
-0.0373943
-0.0378288
-0.0382686
-0.0387102
-0.0391525
-0.0395982
-0.0400493
-0.040502
-0.0409575
-0.0414161
-0.0418786
-0.042343
-0.0428113
-0.0432834
-0.0437584
-0.0442362
-0.0447179
-0.0452032
-0.045692
-0.0461832
-0.0466791
-0.0471774
-0.0476806
-0.048186
-0.0486962
-0.0492096
-0.0497273
-0.0502488
-0.0507742
-0.0513038
-0.0518375
-0.0523749
-0.052917
-0.0534624
-0.0540131
-0.0545671
-0.0551261
-0.0556894
-0.0562567
-0.0568293
-0.0574057
-0.0579873
-0.0585735
-0.059164
-0.0597599
-0.0603599
-0.0609651
-0.061575
-0.0621892
-0.0628086
-0.0634324
-0.0640602
-0.0646932
-0.065329
-0.0659693
-0.0666127
-0.0672584
-0.0679058
-0.0685542
-0.0692006
-0.0698449
-0.0704823
-0.0711094
-0.0717192
-0.0723016
-0.0728358
-0.013897
-0.0132565
-0.00924034
-0.00470786
-0.000938333
0.00172994
0.0032615
0.00376143
0.00348619
0.00274348
0.00179869
0.000834853
-4.39893e-05
-0.000789986
-0.00138748
-0.00183668
-0.00215153
-0.00235738
-0.00248486
-0.00256473
-0.00262359
-0.00268224
-0.00275538
-0.00285215
-0.00297751
-0.00313288
-0.00331785
-0.00352983
-0.00376548
-0.00402042
-0.00429029
-0.00457115
-0.00485976
-0.00515408
-0.00545206
-0.00575226
-0.00605302
-0.00635342
-0.00665301
-0.00695154
-0.00724909
-0.00754496
-0.00783922
-0.00813176
-0.00842396
-0.00871775
-0.00901531
-0.00931897
-0.00962958
-0.00994831
-0.0102743
-0.010606
-0.0109398
-0.0112711
-0.0115951
-0.0119056
-0.0121988
-0.0124721
-0.0127268
-0.0129673
-0.0131993
-0.0134306
-0.0136667
-0.0139105
-0.0141609
-0.0144127
-0.0146589
-0.0148907
-0.015104
-0.015301
-0.0154903
-0.0156838
-0.0158922
-0.0161233
-0.0163781
-0.0166498
-0.0169266
-0.0171965
-0.0174539
-0.0177017
-0.0179491
-0.0182082
-0.0184871
-0.0187865
-0.0190983
-0.0194095
-0.0197095
-0.0199966
-0.0202784
-0.0205672
-0.0208726
-0.0211964
-0.0215309
-0.0218641
-0.0221882
-0.0225041
-0.0228193
-0.0231431
-0.0234795
-0.0238257
-0.0241746
-0.0245213
-0.0248647
-0.0252079
-0.0255559
-0.0259122
-0.0262744
-0.0266389
-0.0270029
-0.0273668
-0.0277332
-0.0281055
-0.0284813
-0.0288593
-0.02924
-0.0296223
-0.0300066
-0.0303944
-0.0307865
-0.0311802
-0.031575
-0.0319708
-0.0323725
-0.0327797
-0.0331878
-0.0335924
-0.0340005
-0.0344166
-0.0348361
-0.0352541
-0.0356733
-0.0360982
-0.0365276
-0.0369582
-0.0373886
-0.037823
-0.0382634
-0.0387055
-0.0391479
-0.0395935
-0.040045
-0.040498
-0.0409537
-0.0414124
-0.0418752
-0.0423398
-0.0428083
-0.0432806
-0.0437558
-0.0442337
-0.0447155
-0.0452009
-0.0456898
-0.0461812
-0.0466771
-0.0471757
-0.047679
-0.0481847
-0.048695
-0.0492086
-0.0497262
-0.0502479
-0.0507732
-0.051303
-0.0518365
-0.0523742
-0.0529162
-0.0534619
-0.0540125
-0.0545667
-0.0551256
-0.055689
-0.0562564
-0.056829
-0.0574055
-0.0579871
-0.0585734
-0.059164
-0.05976
-0.0603601
-0.0609654
-0.0615754
-0.0621899
-0.0628094
-0.0634335
-0.0640616
-0.064695
-0.0653314
-0.0659723
-0.0666165
-0.0672631
-0.0679119
-0.0685619
-0.0692104
-0.0698572
-0.0704976
-0.0711281
-0.071742
-0.0723285
-0.0728676
-0.0140301
-0.0133887
-0.00936424
-0.00482107
-0.00104027
0.00163962
0.00318299
0.00369392
0.00342802
0.00269251
0.00175284
0.000792079
-8.55037e-05
-0.000831939
-0.00143135
-0.00188359
-0.00220199
-0.0024111
-0.00254103
-0.00262205
-0.00268076
-0.00273783
-0.00280816
-0.00290097
-0.00302154
-0.00317172
-0.0033513
-0.00355816
-0.00378894
-0.0040397
-0.00430603
-0.00458406
-0.00487033
-0.00516248
-0.0054585
-0.00575664
-0.00605531
-0.00635302
-0.00664919
-0.00694322
-0.00723509
-0.00752435
-0.0078109
-0.0080951
-0.00837808
-0.0086624
-0.00895053
-0.00924545
-0.00954854
-0.0098607
-0.0101815
-0.0105087
-0.0108392
-0.0111675
-0.0114883
-0.0117958
-0.0120854
-0.0123557
-0.0126078
-0.0128473
-0.0130809
-0.0133166
-0.0135604
-0.013814
-0.0140749
-0.0143361
-0.0145894
-0.0148268
-0.015044
-0.0152447
-0.0154385
-0.0156385
-0.0158556
-0.0160952
-0.0163567
-0.0166315
-0.0169077
-0.017175
-0.0174298
-0.0176775
-0.017928
-0.018192
-0.0184756
-0.0187773
-0.0190881
-0.0193962
-0.0196935
-0.0199805
-0.0202647
-0.0205571
-0.0208648
-0.021188
-0.0215198
-0.0218505
-0.0221742
-0.0224922
-0.0228107
-0.0231363
-0.0234718
-0.0238153
-0.0241623
-0.0245092
-0.024855
-0.0252005
-0.0255485
-0.0259031
-0.0262636
-0.026628
-0.0269937
-0.0273591
-0.0277251
-0.0280961
-0.0284718
-0.0288503
-0.0292313
-0.0296141
-0.0299983
-0.0303854
-0.0307775
-0.0311717
-0.031567
-0.0319631
-0.0323643
-0.0327711
-0.0331799
-0.0335854
-0.033993
-0.0344085
-0.034829
-0.0352479
-0.0356666
-0.0360911
-0.0365214
-0.0369525
-0.0373827
-0.037817
-0.0382581
-0.0387006
-0.039143
-0.0395886
-0.0400405
-0.0404939
-0.0409498
-0.0414086
-0.0418715
-0.0423365
-0.0428052
-0.0432777
-0.0437531
-0.0442312
-0.044713
-0.0451987
-0.0456878
-0.0461795
-0.0466755
-0.0471743
-0.0476776
-0.0481835
-0.0486938
-0.0492076
-0.0497252
-0.0502472
-0.0507724
-0.0513025
-0.0518359
-0.0523738
-0.0529157
-0.0534615
-0.054012
-0.0545663
-0.0551252
-0.0556886
-0.0562561
-0.0568287
-0.0574054
-0.057987
-0.0585734
-0.059164
-0.0597602
-0.0603604
-0.0609658
-0.061576
-0.0621907
-0.0628104
-0.0634349
-0.0640633
-0.0646971
-0.0653342
-0.0659756
-0.0666207
-0.0672684
-0.0679186
-0.0685704
-0.0692211
-0.0698703
-0.0705138
-0.0711476
-0.0717652
-0.0723557
-0.0728991
-0.0141447
-0.013503
-0.00947192
-0.00492014
-0.00113041
0.00155856
0.00311111
0.00363049
0.0033717
0.00264165
0.00170585
0.00074754
-0.00012889
-0.000875356
-0.00147596
-0.00193027
-0.00225127
-0.00246281
-0.00259455
-0.00267639
-0.00273481
-0.0027905
-0.00285834
-0.00294772
-0.00306399
-0.00320936
-0.00338381
-0.00358559
-0.00381152
-0.00405785
-0.00432036
-0.00459511
-0.00487868
-0.00516832
-0.00546206
-0.00575788
-0.00605414
-0.0063491
-0.00664175
-0.00693139
-0.00721763
-0.00750032
-0.00777928
-0.0080552
-0.00832936
-0.00860448
-0.00888374
-0.00917033
-0.00946641
-0.00977267
-0.0100887
-0.0104122
-0.0107393
-0.0110646
-0.011382
-0.0116859
-0.0119715
-0.012238
-0.0124874
-0.012726
-0.0129618
-0.0132026
-0.0134542
-0.0137173
-0.0139876
-0.0142569
-0.014516
-0.0147577
-0.0149785
-0.0151828
-0.0153818
-0.0155892
-0.0158159
-0.016065
-0.0163329
-0.0166104
-0.0168855
-0.0171499
-0.0174023
-0.0176503
-0.0179046
-0.0181744
-0.018463
-0.0187669
-0.0190764
-0.019381
-0.0196753
-0.0199623
-0.0202497
-0.0205464
-0.0208569
-0.0211794
-0.0215078
-0.0218354
-0.0221586
-0.0224791
-0.0228014
-0.0231293
-0.023464
-0.0238048
-0.0241494
-0.024496
-0.0248441
-0.0251925
-0.0255412
-0.0258943
-0.0262528
-0.0266164
-0.0269834
-0.027351
-0.0277172
-0.0280868
-0.0284619
-0.0288407
-0.029222
-0.0296053
-0.0299899
-0.0303765
-0.0307683
-0.0311631
-0.0315589
-0.031955
-0.032356
-0.0327623
-0.0331715
-0.0335781
-0.0339856
-0.0344003
-0.0348216
-0.0352417
-0.03566
-0.0360839
-0.036515
-0.0369468
-0.0373767
-0.0378109
-0.0382525
-0.0386957
-0.0391382
-0.0395837
-0.0400359
-0.0404898
-0.0409459
-0.0414048
-0.041868
-0.0423333
-0.0428021
-0.0432747
-0.0437503
-0.0442287
-0.0447106
-0.0451965
-0.0456857
-0.0461776
-0.0466735
-0.0471726
-0.0476759
-0.0481822
-0.0486924
-0.0492066
-0.0497242
-0.0502464
-0.0507715
-0.0513017
-0.0518351
-0.052373
-0.052915
-0.0534608
-0.0540115
-0.0545658
-0.0551249
-0.0556882
-0.0562559
-0.0568285
-0.0574053
-0.0579869
-0.0585735
-0.0591642
-0.0597604
-0.0603607
-0.0609663
-0.0615767
-0.0621916
-0.0628116
-0.0634364
-0.0640652
-0.0646994
-0.0653372
-0.0659794
-0.0666255
-0.0672744
-0.0679261
-0.0685796
-0.0692325
-0.0698844
-0.0705308
-0.0711679
-0.071789
-0.072383
-0.0729302
-0.0142406
-0.0135976
-0.00956059
-0.00500208
-0.00120574
0.00148983
0.00304898
0.00357439
0.00332053
0.00259417
0.00166088
0.000704094
-0.000171654
-0.000918193
-0.00151966
-0.00197547
-0.00229831
-0.00251164
-0.00264469
-0.00272709
-0.00278509
-0.00283944
-0.00290498
-0.00299128
-0.00310374
-0.00324474
-0.00341446
-0.00361135
-0.00383256
-0.00407441
-0.00433298
-0.00460425
-0.00488486
-0.00517183
-0.00546299
-0.00575629
-0.00604986
-0.00634193
-0.00663102
-0.00691628
-0.00719704
-0.00747319
-0.00774473
-0.00801246
-0.00827809
-0.00854444
-0.00881529
-0.00909418
-0.00938381
-0.00968504
-0.0099971
-0.0103174
-0.0106414
-0.0109635
-0.0112769
-0.0115761
-0.0118568
-0.0121186
-0.0123649
-0.0126028
-0.0128411
-0.0130876
-0.0133471
-0.0136194
-0.0138985
-0.014175
-0.0144389
-0.0146834
-0.0149069
-0.0151148
-0.0153199
-0.0155361
-0.0157731
-0.0160321
-0.0163062
-0.0165856
-0.0168591
-0.0171205
-0.0173713
-0.0176204
-0.0178792
-0.0181553
-0.018449
-0.0187545
-0.0190619
-0.0193629
-0.0196546
-0.0199421
-0.0202334
-0.020535
-0.0208484
-0.02117
-0.0214946
-0.0218187
-0.0221416
-0.0224651
-0.0227914
-0.0231217
-0.0234558
-0.0237936
-0.0241359
-0.0244823
-0.0248323
-0.0251836
-0.0255335
-0.0258852
-0.0262418
-0.0266044
-0.0269723
-0.0273419
-0.027709
-0.0280776
-0.0284518
-0.0288306
-0.0292123
-0.0295961
-0.0299813
-0.0303679
-0.0307593
-0.0311541
-0.0315503
-0.0319464
-0.0323474
-0.0327537
-0.0331633
-0.0335706
-0.0339782
-0.0343924
-0.0348141
-0.0352352
-0.0356534
-0.0360767
-0.0365084
-0.0369411
-0.0373709
-0.0378049
-0.0382471
-0.038691
-0.0391335
-0.039579
-0.0400315
-0.040486
-0.0409422
-0.0414012
-0.0418646
-0.0423303
-0.0427992
-0.0432722
-0.043748
-0.0442267
-0.0447085
-0.0451947
-0.045684
-0.0461762
-0.0466722
-0.0471715
-0.047675
-0.0481815
-0.0486917
-0.049206
-0.0497236
-0.0502459
-0.0507711
-0.0513014
-0.0518349
-0.0523728
-0.0529149
-0.0534607
-0.0540114
-0.0545656
-0.0551249
-0.0556881
-0.0562559
-0.0568285
-0.0574054
-0.057987
-0.0585736
-0.0591644
-0.0597608
-0.0603613
-0.060967
-0.0615776
-0.0621927
-0.062813
-0.0634381
-0.0640675
-0.0647022
-0.0653407
-0.0659837
-0.0666308
-0.0672809
-0.0679342
-0.0685897
-0.0692448
-0.0698992
-0.0705486
-0.0711888
-0.0718131
-0.0724104
-0.072961
-0.0143151
-0.0136701
-0.00962781
-0.00506408
-0.0012632
0.00143664
0.00299991
0.003529
0.00327802
0.00255359
0.00162138
0.000665035
-0.000210781
-0.000957822
-0.00156021
-0.00201732
-0.0023416
-0.00255624
-0.00269016
-0.0027728
-0.00283026
-0.00288327
-0.00294674
-0.00303031
-0.00313945
-0.00327657
-0.00344204
-0.00363445
-0.0038512
-0.00408876
-0.00434336
-0.00461109
-0.00488856
-0.00517273
-0.0054612
-0.00575185
-0.00604265
-0.0063317
-0.00661727
-0.00689816
-0.00717357
-0.00744325
-0.0077075
-0.00796731
-0.0082248
-0.00848311
-0.00874637
-0.00901868
-0.00930297
-0.00960037
-0.00990957
-0.0102275
-0.0105488
-0.0108673
-0.0111761
-0.0114693
-0.0117437
-0.0119998
-0.0122423
-0.0124791
-0.0127197
-0.0129719
-0.0132396
-0.0135212
-0.0138086
-0.0140907
-0.0143574
-0.0146028
-0.0148279
-0.0150403
-0.0152531
-0.0154798
-0.015728
-0.0159964
-0.0162761
-0.0165561
-0.0168275
-0.0170861
-0.0173362
-0.017588
-0.0178524
-0.018135
-0.0184331
-0.0187392
-0.0190439
-0.0193414
-0.0196316
-0.0199207
-0.0202164
-0.0205229
-0.0208387
-0.021159
-0.0214798
-0.0218007
-0.0221235
-0.0224502
-0.0227805
-0.023113
-0.0234463
-0.0237816
-0.0241218
-0.0244682
-0.0248198
-0.0251734
-0.0255246
-0.0258753
-0.0262305
-0.0265925
-0.0269605
-0.0273315
-0.0276999
-0.0280682
-0.0284416
-0.0288201
-0.0292018
-0.0295861
-0.0299721
-0.0303589
-0.0307498
-0.0311444
-0.031541
-0.0319373
-0.0323383
-0.032745
-0.033155
-0.0335626
-0.0339702
-0.0343839
-0.034806
-0.0352282
-0.0356465
-0.0360691
-0.0365013
-0.0369351
-0.0373648
-0.0377984
-0.0382411
-0.0386857
-0.0391284
-0.0395738
-0.0400264
-0.0404815
-0.040938
-0.0413972
-0.0418607
-0.0423268
-0.0427959
-0.043269
-0.043745
-0.044224
-0.0447059
-0.0451923
-0.0456818
-0.0461742
-0.0466702
-0.0471697
-0.0476733
-0.0481799
-0.0486903
-0.0492047
-0.0497226
-0.050245
-0.0507704
-0.0513005
-0.0518342
-0.052372
-0.0529143
-0.05346
-0.054011
-0.0545651
-0.0551245
-0.0556878
-0.0562557
-0.0568284
-0.0574053
-0.0579871
-0.0585737
-0.0591647
-0.0597612
-0.0603619
-0.0609678
-0.0615786
-0.062194
-0.0628146
-0.0634401
-0.06407
-0.0647052
-0.0653444
-0.0659884
-0.0666366
-0.0672882
-0.0679432
-0.0686005
-0.069258
-0.0699149
-0.070567
-0.0712102
-0.0718376
-0.0724379
-0.0729915
-0.0143664
-0.0137196
-0.0096725
-0.00510452
-0.0013004
0.00140207
0.00296741
0.00349793
0.00324776
0.00252363
0.0015913
0.000634484
-0.00024203
-0.000989942
-0.00159336
-0.00205163
-0.00237709
-0.0025927
-0.00272715
-0.00280967
-0.00286628
-0.00291769
-0.0029789
-0.00305963
-0.00316545
-0.00329889
-0.00346041
-0.00364872
-0.00386133
-0.00409487
-0.00434569
-0.00461004
-0.00488447
-0.00516595
-0.00545187
-0.00573996
-0.00602807
-0.00631403
-0.00659593
-0.00687216
-0.00714194
-0.00740501
-0.00766198
-0.00791426
-0.00816435
-0.00841591
-0.00867331
-0.00894107
-0.00922224
-0.0095179
-0.00982627
-0.0101433
-0.010463
-0.0107784
-0.0110822
-0.0113691
-0.0116369
-0.0118873
-0.0121262
-0.0123627
-0.0126064
-0.012865
-0.0131406
-0.0134293
-0.0137218
-0.014006
-0.0142725
-0.0145172
-0.0147439
-0.0149621
-0.0151844
-0.0154228
-0.0156821
-0.0159587
-0.0162424
-0.016522
-0.0167906
-0.0170475
-0.0172987
-0.017555
-0.0178259
-0.0181144
-0.0184158
-0.0187213
-0.0190229
-0.0193175
-0.0196076
-0.0198995
-0.0201998
-0.0205105
-0.0208281
-0.021147
-0.0214645
-0.0217828
-0.0221061
-0.0224356
-0.0227694
-0.0231037
-0.0234365
-0.02377
-0.0241087
-0.0244554
-0.0248081
-0.025163
-0.0255154
-0.0258661
-0.0262206
-0.0265822
-0.0269497
-0.0273208
-0.0276908
-0.0280601
-0.028433
-0.0288109
-0.0291921
-0.0295766
-0.0299635
-0.0303509
-0.0307415
-0.0311361
-0.0315328
-0.0319294
-0.0323304
-0.0327373
-0.0331478
-0.0335557
-0.0339631
-0.0343765
-0.0347991
-0.0352225
-0.035641
-0.0360629
-0.0364952
-0.0369303
-0.0373601
-0.0377932
-0.0382363
-0.038682
-0.0391247
-0.03957
-0.040023
-0.0404787
-0.0409353
-0.0413946
-0.0418584
-0.0423249
-0.042794
-0.0432675
-0.0437437
-0.044223
-0.0447049
-0.0451914
-0.0456812
-0.0461738
-0.0466699
-0.0471695
-0.0476734
-0.0481801
-0.0486907
-0.049205
-0.049723
-0.0502453
-0.0507708
-0.0513008
-0.0518347
-0.0523724
-0.0529148
-0.0534604
-0.0540114
-0.0545655
-0.0551249
-0.0556883
-0.056256
-0.0568289
-0.0574057
-0.0579877
-0.0585743
-0.0591654
-0.0597619
-0.0603627
-0.0609688
-0.0615798
-0.0621955
-0.0628165
-0.0634424
-0.0640728
-0.0647087
-0.0653487
-0.0659937
-0.0666432
-0.0672961
-0.0679529
-0.0686121
-0.0692719
-0.0699313
-0.0705862
-0.0712322
-0.0718625
-0.0724654
-0.0730215
-0.0143991
-0.013756
-0.00970958
-0.00514122
-0.00133656
0.00136649
0.00293238
0.00346302
0.00321237
0.0024872
0.00155341
0.000594923
-0.000283319
-0.00103288
-0.00163778
-0.00209732
-0.00242368
-0.0026396
-0.00277362
-0.00285489
-0.00290949
-0.00295827
-0.00301639
-0.00309368
-0.00319571
-0.00332491
-0.00348172
-0.00366491
-0.00387217
-0.00410039
-0.0043461
-0.0046058
-0.0048761
-0.0051539
-0.00543647
-0.00572129
-0.00600603
-0.00628825
-0.00656579
-0.00683677
-0.0071001
-0.00735555
-0.00760391
-0.00784717
-0.00808843
-0.0083321
-0.00858314
-0.00884636
-0.00912482
-0.00941908
-0.00972677
-0.0100428
-0.0103603
-0.0106716
-0.01097
-0.0112507
-0.0115127
-0.0117593
-0.0119978
-0.0122379
-0.012489
-0.0127567
-0.013041
-0.0133358
-0.0136307
-0.0139144
-0.0141789
-0.0144229
-0.0146525
-0.0148783
-0.015112
-0.0153623
-0.0156316
-0.0159145
-0.0162002
-0.0164786
-0.016745
-0.0170018
-0.0172564
-0.0175189
-0.0177965
-0.0180899
-0.018393
-0.0186968
-0.0189954
-0.0192883
-0.0195795
-0.0198753
-0.0201801
-0.0204941
-0.0208127
-0.0211303
-0.0214454
-0.0217622
-0.0220859
-0.0224178
-0.0227544
-0.0230902
-0.0234229
-0.0237553
-0.0240933
-0.0244401
-0.0247936
-0.025149
-0.0255022
-0.0258538
-0.0262083
-0.0265697
-0.0269365
-0.027307
-0.0276781
-0.028049
-0.0284222
-0.0287996
-0.0291802
-0.0295641
-0.0299517
-0.0303404
-0.0307315
-0.0311257
-0.0315223
-0.0319186
-0.0323196
-0.032727
-0.0331383
-0.0335467
-0.033954
-0.0343669
-0.0347898
-0.0352146
-0.0356335
-0.0360544
-0.0364868
-0.0369234
-0.0373535
-0.0377858
-0.0382292
-0.0386762
-0.0391191
-0.039564
-0.0400173
-0.0404736
-0.0409305
-0.0413899
-0.041854
-0.0423209
-0.0427902
-0.0432638
-0.0437403
-0.0442199
-0.044702
-0.0451886
-0.0456787
-0.0461714
-0.0466678
-0.0471674
-0.0476715
-0.0481783
-0.0486891
-0.0492035
-0.0497217
-0.0502441
-0.0507698
-0.0513
-0.0518339
-0.0523716
-0.0529141
-0.0534598
-0.0540108
-0.0545652
-0.0551244
-0.0556881
-0.0562558
-0.0568288
-0.0574057
-0.0579877
-0.0585746
-0.0591657
-0.0597625
-0.0603635
-0.0609698
-0.0615812
-0.0621972
-0.0628186
-0.063445
-0.064076
-0.0647126
-0.0653535
-0.0659996
-0.0666503
-0.0673047
-0.0679632
-0.0686245
-0.0692865
-0.0699484
-0.070606
-0.0712546
-0.0718875
-0.0724928
-0.0730512
-0.0143348
-0.013698
-0.00965723
-0.0050943
-0.001295
0.00140291
0.00296388
0.00348952
0.00323355
0.00250266
0.00156274
0.000597596
-0.000287586
-0.001044
-0.00165535
-0.00212068
-0.00245206
-0.00267227
-0.00280981
-0.00289373
-0.00294997
-0.00299931
-0.00305696
-0.0031329
-0.00323291
-0.00335965
-0.00351367
-0.00369388
-0.00389804
-0.00412316
-0.00436596
-0.00462302
-0.00489105
-0.00516686
-0.00544753
-0.00573028
-0.00601245
-0.00629142
-0.00656477
-0.00683054
-0.00708756
-0.00733571
-0.00757608
-0.00781115
-0.00804462
-0.00828134
-0.00852665
-0.00878533
-0.0090606
-0.00935266
-0.00965836
-0.00997157
-0.0102843
-0.0105885
-0.0108778
-0.011149
-0.011403
-0.0116451
-0.0118836
-0.0121282
-0.0123867
-0.0126626
-0.0129534
-0.0132514
-0.0135457
-0.0138265
-0.0140881
-0.0143321
-0.014566
-0.0148006
-0.0150458
-0.0153073
-0.0155848
-0.0158717
-0.0161578
-0.0164348
-0.0167001
-0.0169585
-0.0172182
-0.0174877
-0.0177716
-0.0180688
-0.0183723
-0.0186741
-0.0189701
-0.0192622
-0.0195556
-0.0198559
-0.0201652
-0.0204816
-0.0208003
-0.0211166
-0.0214303
-0.0217466
-0.0220712
-0.0224049
-0.0227433
-0.0230804
-0.0234133
-0.0237454
-0.024083
-0.0244301
-0.024784
-0.0251396
-0.025493
-0.0258456
-0.0262009
-0.0265624
-0.0269288
-0.0272984
-0.0276694
-0.0280415
-0.0284161
-0.028794
-0.0291739
-0.0295561
-0.0299434
-0.030334
-0.0307266
-0.0311205
-0.0315163
-0.0319123
-0.0323133
-0.0327215
-0.0331336
-0.0335424
-0.0339494
-0.0343619
-0.0347847
-0.0352107
-0.0356305
-0.0360505
-0.0364825
-0.0369207
-0.0373515
-0.0377827
-0.0382261
-0.0386746
-0.039118
-0.0395622
-0.0400156
-0.0404729
-0.04093
-0.0413894
-0.0418537
-0.042321
-0.0427904
-0.0432641
-0.043741
-0.0442207
-0.0447029
-0.0451895
-0.0456799
-0.0461728
-0.0466692
-0.0471688
-0.0476731
-0.04818
-0.0486909
-0.0492053
-0.0497236
-0.0502459
-0.0507715
-0.0513016
-0.0518354
-0.0523732
-0.0529155
-0.0534613
-0.0540121
-0.0545665
-0.0551256
-0.0556892
-0.0562569
-0.0568298
-0.0574068
-0.0579887
-0.0585757
-0.0591669
-0.0597637
-0.0603649
-0.0609713
-0.061583
-0.0621993
-0.0628211
-0.063448
-0.0640796
-0.064717
-0.0653589
-0.066006
-0.0666581
-0.067314
-0.0679744
-0.0686376
-0.0693019
-0.0699662
-0.0706262
-0.0712774
-0.0719126
-0.0725201
-0.0730805
-0.0143066
-0.0136703
-0.0096324
-0.00507568
-0.00128432
0.00140562
0.00295904
0.00347836
0.00321781
0.00248424
0.00154367
0.000580266
-0.000301088
-0.00105213
-0.00165698
-0.00211502
-0.00243875
-0.00265143
-0.00278197
-0.0028597
-0.00291067
-0.00295564
-0.00300975
-0.00308292
-0.00318089
-0.00330625
-0.00345942
-0.00363912
-0.00384291
-0.00406765
-0.00431006
-0.00456673
-0.00483445
-0.00510991
-0.00539001
-0.00567162
-0.00595175
-0.00622754
-0.00649646
-0.00675664
-0.00700711
-0.00724813
-0.00748136
-0.00771
-0.00793864
-0.00817278
-0.00841803
-0.00867885
-0.00895731
-0.00925229
-0.00955913
-0.00987068
-0.0101784
-0.0104749
-0.0107552
-0.0110184
-0.0112676
-0.0115095
-0.0117525
-0.0120049
-0.0122723
-0.0125556
-0.0128506
-0.0131491
-0.0134411
-0.0137187
-0.0139791
-0.0142253
-0.0144657
-0.0147102
-0.0149667
-0.0152381
-0.0155219
-0.0158113
-0.0160971
-0.0163733
-0.0166394
-0.0169011
-0.0171669
-0.0174436
-0.0177337
-0.018034
-0.0183375
-0.0186375
-0.0189315
-0.0192237
-0.0195202
-0.0198252
-0.0201388
-0.0204572
-0.0207756
-0.0210909
-0.0214043
-0.0217213
-0.0220473
-0.0223824
-0.0227219
-0.0230598
-0.0233933
-0.0237259
-0.0240639
-0.0244115
-0.0247659
-0.0251216
-0.0254749
-0.0258279
-0.0261844
-0.0265473
-0.0269141
-0.0272827
-0.0276523
-0.0280247
-0.0284015
-0.0287818
-0.0291618
-0.0295416
-0.0299269
-0.0303193
-0.0307149
-0.0311095
-0.031504
-0.0318991
-0.0323001
-0.0327093
-0.0331228
-0.0335318
-0.0339384
-0.034351
-0.034774
-0.0352006
-0.0356214
-0.0360414
-0.0364729
-0.0369123
-0.0373442
-0.0377744
-0.0382175
-0.0386677
-0.0391119
-0.0395555
-0.0400088
-0.040467
-0.0409247
-0.0413841
-0.0418487
-0.0423164
-0.0427861
-0.0432599
-0.0437372
-0.0442173
-0.0446997
-0.0451864
-0.0456771
-0.0461703
-0.0466669
-0.0471667
-0.0476712
-0.0481783
-0.0486892
-0.0492038
-0.0497222
-0.0502448
-0.0507705
-0.0513008
-0.0518346
-0.0523726
-0.0529148
-0.0534608
-0.0540116
-0.0545661
-0.0551253
-0.055689
-0.0562568
-0.0568297
-0.0574069
-0.057989
-0.0585761
-0.0591675
-0.0597645
-0.060366
-0.0609726
-0.0615847
-0.0622014
-0.0628237
-0.0634512
-0.0640835
-0.0647218
-0.0653647
-0.0660129
-0.0666664
-0.067324
-0.067986
-0.0686513
-0.0693178
-0.0699845
-0.0706469
-0.0713004
-0.0719378
-0.0725472
-0.0731092
-0.0140842
-0.0134585
-0.00943619
-0.00490197
-0.00113841
0.00151966
0.00303728
0.00351787
0.00321809
0.00244754
0.00147426
0.000483228
-0.000420384
-0.00118832
-0.00180479
-0.00226927
-0.00259471
-0.00280517
-0.00293053
-0.00300111
-0.0030438
-0.00308002
-0.00312534
-0.00319005
-0.00328014
-0.00339841
-0.00354545
-0.00371993
-0.00391928
-0.00414012
-0.00437893
-0.00463215
-0.00489638
-0.00516822
-0.00544423
-0.00572094
-0.00599489
-0.00626284
-0.00652221
-0.00677134
-0.00700987
-0.00723884
-0.00746093
-0.0076803
-0.00790236
-0.00813301
-0.00837754
-0.00863941
-0.00891908
-0.00921375
-0.00951737
-0.0098221
-0.0101198
-0.0104044
-0.0106732
-0.0109276
-0.0111725
-0.0114152
-0.0116631
-0.0119224
-0.0121959
-0.0124827
-0.0127775
-0.0130728
-0.0133603
-0.0136346
-0.0138945
-0.0141441
-0.0143912
-0.0146445
-0.0149098
-0.0151883
-0.0154762
-0.0157666
-0.0160519
-0.016328
-0.0165955
-0.016861
-0.0171324
-0.0174156
-0.0177109
-0.0180138
-0.018317
-0.0186152
-0.0189079
-0.0192005
-0.0194999
-0.0198092
-0.0201265
-0.0204466
-0.0207642
-0.0210786
-0.0213922
-0.0217104
-0.0220379
-0.0223739
-0.0227136
-0.0230516
-0.0233857
-0.0237191
-0.024058
-0.0244061
-0.0247608
-0.0251165
-0.0254694
-0.0258218
-0.026179
-0.0265439
-0.0269124
-0.0272803
-0.0276474
-0.0280183
-0.0283965
-0.0287805
-0.0291626
-0.02954
-0.029921
-0.0303131
-0.030713
-0.0311103
-0.0315033
-0.031896
-0.0322965
-0.0327069
-0.0331222
-0.0335313
-0.0339368
-0.0343494
-0.0347735
-0.0352002
-0.0356208
-0.0360408
-0.0364726
-0.0369128
-0.0373454
-0.0377748
-0.0382174
-0.0386689
-0.0391143
-0.0395573
-0.0400101
-0.0404689
-0.0409273
-0.0413867
-0.0418514
-0.0423191
-0.042789
-0.043263
-0.0437406
-0.0442207
-0.0447031
-0.0451898
-0.0456806
-0.0461739
-0.0466705
-0.0471702
-0.0476747
-0.0481819
-0.0486929
-0.0492074
-0.0497257
-0.0502482
-0.0507737
-0.0513038
-0.0518375
-0.0523754
-0.0529175
-0.0534633
-0.054014
-0.0545684
-0.0551275
-0.055691
-0.0562588
-0.0568316
-0.0574087
-0.0579908
-0.0585778
-0.0591694
-0.0597663
-0.0603681
-0.0609749
-0.0615872
-0.0622043
-0.062827
-0.0634551
-0.0640881
-0.0647272
-0.0653711
-0.0660205
-0.0666754
-0.0673346
-0.0679984
-0.0686657
-0.0693343
-0.0700032
-0.0706679
-0.0713235
-0.0719629
-0.072574
-0.0731375
-0.0138583
-0.0132238
-0.00919284
-0.00464806
-0.000874596
0.00179092
0.00331314
0.0037946
0.00349148
0.00271389
0.00173107
0.000729335
-0.000185079
-0.000963269
-0.00158914
-0.00206199
-0.00239468
-0.00261139
-0.00274228
-0.00281801
-0.00286575
-0.00290703
-0.00295748
-0.00302731
-0.00312255
-0.00324606
-0.00339852
-0.00357853
-0.00378339
-0.00400948
-0.00425303
-0.00451025
-0.00477756
-0.00505141
-0.0053282
-0.00560423
-0.00587585
-0.00613986
-0.00639404
-0.0066374
-0.00687053
-0.00709554
-0.00731596
-0.0075365
-0.00776246
-0.00799906
-0.00825018
-0.00851767
-0.00880048
-0.00909478
-0.00939441
-0.00969225
-0.00998184
-0.0102591
-0.0105231
-0.0107767
-0.0110249
-0.011274
-0.0115298
-0.0117963
-0.0120748
-0.0123633
-0.0126573
-0.0129503
-0.013236
-0.0135106
-0.0137737
-0.0140293
-0.0142842
-0.0145457
-0.0148185
-0.0151029
-0.0153946
-0.0156869
-0.0159735
-0.0162512
-0.016522
-0.0167922
-0.0170694
-0.0173586
-0.0176588
-0.0179647
-0.0182686
-0.0185666
-0.0188596
-0.0191537
-0.019456
-0.0197693
-0.02009
-0.0204122
-0.0207302
-0.0210445
-0.0213591
-0.0216792
-0.0220085
-0.0223458
-0.0226861
-0.0230245
-0.0233594
-0.0236939
-0.0240341
-0.0243833
-0.024739
-0.0250954
-0.0254483
-0.0257998
-0.0261568
-0.0265239
-0.0268958
-0.0272649
-0.0276298
-0.0279976
-0.0283756
-0.0287638
-0.0291508
-0.0295282
-0.0299038
-0.0302928
-0.0306965
-0.0310994
-0.0314927
-0.031882
-0.0322808
-0.0326928
-0.0331108
-0.033521
-0.033925
-0.0343367
-0.0347627
-0.0351913
-0.0356109
-0.0360297
-0.0364627
-0.0369051
-0.0373381
-0.0377663
-0.0382084
-0.0386615
-0.0391083
-0.0395512
-0.0400035
-0.0404627
-0.0409218
-0.0413819
-0.041847
-0.0423149
-0.042785
-0.0432593
-0.0437375
-0.044218
-0.0447005
-0.0451874
-0.0456787
-0.0461724
-0.0466691
-0.047169
-0.0476737
-0.0481812
-0.0486922
-0.0492069
-0.0497252
-0.0502479
-0.0507736
-0.0513038
-0.0518376
-0.0523755
-0.0529177
-0.0534634
-0.0540142
-0.0545685
-0.0551277
-0.0556912
-0.0562591
-0.056832
-0.0574091
-0.0579914
-0.0585785
-0.0591703
-0.0597675
-0.0603694
-0.0609767
-0.0615893
-0.0622069
-0.0628301
-0.0634589
-0.0640928
-0.0647328
-0.0653778
-0.0660285
-0.0666848
-0.0673457
-0.0680113
-0.0686805
-0.0693512
-0.0700222
-0.070689
-0.0713466
-0.0719878
-0.0726005
-0.0731652
-0.0136199
-0.0131137
-0.00923237
-0.00484122
-0.00121035
0.0013324
0.00275388
0.0031616
0.00281578
0.00202653
0.00105892
9.27073e-05
-0.000772616
-0.00149357
-0.00205747
-0.00246648
-0.00273735
-0.00289803
-0.00298143
-0.0030195
-0.00303927
-0.00306115
-0.00309904
-0.00316144
-0.00325288
-0.00337515
-0.0035278
-0.00370845
-0.00391346
-0.00413849
-0.00437918
-0.00463133
-0.00489113
-0.00515493
-0.00541927
-0.0056807
-0.00593621
-0.00618347
-0.00642141
-0.00665027
-0.00687178
-0.00708889
-0.00730543
-0.00752566
-0.00775366
-0.00799281
-0.00824507
-0.00851068
-0.00878785
-0.00907299
-0.00936113
-0.009647
-0.009926
-0.0101956
-0.0104555
-0.0107083
-0.0109582
-0.0112102
-0.0114688
-0.0117369
-0.012015
-0.0123013
-0.0125918
-0.0128812
-0.0131645
-0.0134388
-0.0137042
-0.0139641
-0.0142244
-0.0144912
-0.0147682
-0.0150555
-0.0153488
-0.015642
-0.0159295
-0.0162091
-0.016483
-0.0167573
-0.0170388
-0.0173318
-0.0176347
-0.0179421
-0.018247
-0.0185456
-0.0188397
-0.0191354
-0.0194394
-0.0197545
-0.020077
-0.0204005
-0.0207198
-0.0210348
-0.0213503
-0.0216713
-0.0220012
-0.0223391
-0.0226801
-0.0230191
-0.0233548
-0.0236898
-0.02403
-0.0243797
-0.0247364
-0.0250942
-0.0254477
-0.0257979
-0.0261528
-0.0265202
-0.0268956
-0.0272681
-0.0276322
-0.0279956
-0.0283705
-0.0287607
-0.0291538
-0.0295345
-0.029906
-0.0302884
-0.0306922
-0.0311014
-0.0314985
-0.031885
-0.0322797
-0.0326914
-0.0331124
-0.033525
-0.0339279
-0.0343369
-0.0347634
-0.0351955
-0.0356156
-0.036031
-0.0364632
-0.0369093
-0.0373442
-0.03777
-0.0382104
-0.0386652
-0.0391138
-0.0395563
-0.040008
-0.0404675
-0.0409269
-0.041387
-0.0418525
-0.0423206
-0.0427902
-0.0432644
-0.0437431
-0.0442238
-0.044706
-0.0451927
-0.045684
-0.0461779
-0.0466744
-0.0471742
-0.0476787
-0.0481862
-0.0486971
-0.0492117
-0.0497299
-0.0502524
-0.0507779
-0.0513079
-0.0518415
-0.0523792
-0.0529213
-0.0534669
-0.0540175
-0.0545717
-0.0551308
-0.0556941
-0.0562619
-0.0568347
-0.0574117
-0.0579939
-0.058581
-0.0591728
-0.0597701
-0.0603721
-0.0609796
-0.0615925
-0.0622105
-0.0628343
-0.0634636
-0.0640983
-0.0647391
-0.0653853
-0.0660372
-0.0666948
-0.0673573
-0.0680247
-0.0686957
-0.0693684
-0.0700414
-0.0707101
-0.0713696
-0.0720125
-0.0726264
-0.0731922
-0.0116481
-0.0109213
-0.00692756
-0.00258285
0.000879998
0.00317683
0.00428496
0.00435802
0.0037069
0.00267159
0.00152232
0.000431352
-0.000514065
-0.00128121
-0.00186365
-0.00227142
-0.0025308
-0.00267781
-0.00275101
-0.002785
-0.00280709
-0.0028365
-0.00288543
-0.00296071
-0.00306569
-0.00320117
-0.00336583
-0.00355665
-0.00376959
-0.0040001
-0.00424373
-0.00449625
-0.00475397
-0.00501359
-0.00527227
-0.0055275
-0.00577743
-0.00602086
-0.00625752
-0.00648803
-0.00671396
-0.00693763
-0.00716179
-0.0073894
-0.00762316
-0.00786537
-0.00811754
-0.00838018
-0.0086525
-0.00893234
-0.00921617
-0.00949974
-0.00977878
-0.0100503
-0.0103134
-0.0105697
-0.0108227
-0.0110775
-0.0113385
-0.0116088
-0.0118888
-0.0121764
-0.0124675
-0.0127572
-0.0130412
-0.0133174
-0.0135867
-0.0138524
-0.0141194
-0.0143925
-0.0146743
-0.0149645
-0.0152596
-0.0155543
-0.0158445
-0.0161283
-0.016408
-0.0166883
-0.0169748
-0.0172708
-0.0175753
-0.0178838
-0.0181908
-0.018493
-0.0187914
-0.0190909
-0.0193968
-0.0197123
-0.0200351
-0.0203602
-0.0206827
-0.0210014
-0.0213195
-0.0216416
-0.0219712
-0.0223089
-0.0226514
-0.022993
-0.0233312
-0.0236674
-0.0240072
-0.0243561
-0.0247141
-0.0250747
-0.0254309
-0.0257815
-0.0261338
-0.0264992
-0.0268769
-0.0272547
-0.0276219
-0.0279828
-0.0283528
-0.0287417
-0.0291396
-0.0295273
-0.0298995
-0.0302752
-0.0306746
-0.0310878
-0.0314919
-0.0318799
-0.03227
-0.0326784
-0.0331016
-0.0335187
-0.033923
-0.0343289
-0.0347527
-0.0351882
-0.0356131
-0.0360261
-0.0364534
-0.0369021
-0.0373428
-0.0377676
-0.0382038
-0.0386596
-0.0391119
-0.0395545
-0.0400049
-0.040465
-0.0409255
-0.0413856
-0.0418515
-0.0423208
-0.0427907
-0.0432645
-0.0437436
-0.0442255
-0.0447079
-0.0451944
-0.0456859
-0.0461805
-0.0466773
-0.047177
-0.0476817
-0.0481894
-0.0487004
-0.0492149
-0.0497331
-0.0502556
-0.0507811
-0.0513109
-0.0518444
-0.052382
-0.0529239
-0.0534693
-0.0540196
-0.0545737
-0.0551325
-0.0556958
-0.0562633
-0.0568361
-0.0574131
-0.0579953
-0.0585824
-0.0591743
-0.0597718
-0.0603741
-0.0609818
-0.0615951
-0.0622136
-0.0628381
-0.0634681
-0.0641036
-0.0647454
-0.0653927
-0.066046
-0.0667051
-0.0673692
-0.0680383
-0.0687111
-0.0693857
-0.0700605
-0.070731
-0.0713922
-0.0720366
-0.0726517
-0.0732185
-0.0132975
-0.0131118
-0.00966731
-0.00572961
-0.00246091
-0.000131693
0.00123724
0.00175455
0.00164546
0.00116407
0.000521977
-0.000141199
-0.000749071
-0.00126815
-0.0016887
-0.00201275
-0.00225321
-0.00242965
-0.00256267
-0.00267066
-0.00276822
-0.00286577
-0.00297011
-0.00308552
-0.00321465
-0.00335888
-0.00351866
-0.0036936
-0.00388267
-0.00408437
-0.00429701
-0.00451885
-0.00474833
-0.00498401
-0.00522457
-0.00546853
-0.00571428
-0.00595988
-0.00620351
-0.00644364
-0.00667948
-0.00691116
-0.00713979
-0.00736738
-0.00759659
-0.00783052
-0.00807213
-0.00832373
-0.0085862
-0.0088587
-0.00913836
-0.00942086
-0.00970116
-0.00997504
-0.0102403
-0.0104975
-0.0107503
-0.0110038
-0.0112633
-0.0115323
-0.0118114
-0.0120983
-0.0123886
-0.0126775
-0.0129611
-0.0132384
-0.0135104
-0.0137806
-0.0140528
-0.0143303
-0.0146146
-0.0149052
-0.0151994
-0.0154937
-0.0157856
-0.016074
-0.01636
-0.0166468
-0.0169373
-0.0172342
-0.0175372
-0.0178444
-0.0181526
-0.0184592
-0.0187638
-0.0190682
-0.0193755
-0.0196892
-0.0200094
-0.0203343
-0.0206602
-0.0209845
-0.0213067
-0.0216296
-0.0219571
-0.0222923
-0.0226349
-0.0229799
-0.0233222
-0.0236608
-0.0239995
-0.0243454
-0.0247024
-0.0250657
-0.0254262
-0.0257793
-0.0261297
-0.0264908
-0.0268672
-0.0272492
-0.0276222
-0.0279843
-0.0283495
-0.0287332
-0.0291319
-0.0295266
-0.0299046
-0.030277
-0.0306685
-0.0310805
-0.0314911
-0.031885
-0.0322734
-0.0326755
-0.0330972
-0.0335195
-0.0339282
-0.0343324
-0.0347511
-0.0351861
-0.035618
-0.0360338
-0.0364538
-0.0368995
-0.0373478
-0.037776
-0.0382062
-0.0386597
-0.0391164
-0.0395607
-0.0400087
-0.0404685
-0.0409304
-0.0413901
-0.0418553
-0.0423253
-0.0427958
-0.0432686
-0.0437471
-0.0442298
-0.0447127
-0.0451985
-0.0456895
-0.0461844
-0.0466814
-0.0471808
-0.0476852
-0.0481929
-0.048704
-0.0492183
-0.0497365
-0.0502589
-0.0507844
-0.0513142
-0.0518476
-0.0523852
-0.052927
-0.0534724
-0.0540227
-0.0545767
-0.0551355
-0.0556987
-0.0562663
-0.0568389
-0.057416
-0.0579981
-0.0585853
-0.0591773
-0.0597748
-0.0603773
-0.0609853
-0.061599
-0.0622179
-0.0628428
-0.0634735
-0.0641098
-0.0647526
-0.0654009
-0.0660554
-0.0667158
-0.0673814
-0.0680522
-0.0687266
-0.0694029
-0.0700795
-0.0707517
-0.0714144
-0.0720601
-0.0726762
-0.0732437
0.00891927
0.0090104
0.00563249
0.0019322
-0.00101154
-0.00298488
-0.00399383
-0.00421339
-0.00392379
-0.003398
-0.00283436
-0.00234641
-0.00198401
-0.00176114
-0.00167508
-0.00170674
-0.00182506
-0.00199615
-0.00219257
-0.00239559
-0.00259452
-0.00278463
-0.00296458
-0.00313524
-0.00329893
-0.00345868
-0.0036177
-0.00377893
-0.003945
-0.00411803
-0.0042999
-0.00449208
-0.00469563
-0.0049109
-0.00513746
-0.00537388
-0.00561792
-0.00586661
-0.00611678
-0.00636541
-0.00661019
-0.00684987
-0.00708441
-0.00731505
-0.00754415
-0.00777485
-0.00801062
-0.00825463
-0.00850895
-0.00877401
-0.00904815
-0.00932787
-0.00960835
-0.00988498
-0.0101545
-0.0104165
-0.0106732
-0.0109289
-0.0111887
-0.0114562
-0.0117328
-0.0120169
-0.012305
-0.0125931
-0.0128779
-0.0131585
-0.0134357
-0.0137118
-0.0139895
-0.0142706
-0.0145561
-0.0148457
-0.0151382
-0.0154322
-0.0157266
-0.0160208
-0.0163145
-0.0166085
-0.0169032
-0.0172001
-0.0175004
-0.0178053
-0.0181146
-0.0184268
-0.0187392
-0.0190501
-0.0193596
-0.0196707
-0.019987
-0.0203106
-0.0206402
-0.0209712
-0.0212994
-0.0216241
-0.0219492
-0.0222808
-0.0226222
-0.0229707
-0.0233187
-0.0236612
-0.0239996
-0.0243417
-0.0246958
-0.0250609
-0.0254265
-0.0257843
-0.0261348
-0.0264909
-0.0268632
-0.0272472
-0.0276272
-0.0279942
-0.0283566
-0.0287333
-0.029129
-0.029529
-0.0299157
-0.0302893
-0.0306726
-0.0310788
-0.0314937
-0.0318958
-0.0322862
-0.032682
-0.0330985
-0.0335245
-0.0339398
-0.0343443
-0.0347573
-0.035189
-0.0356265
-0.0360488
-0.0364638
-0.0369018
-0.0373553
-0.0377915
-0.0382178
-0.0386654
-0.0391256
-0.0395741
-0.0400202
-0.0404784
-0.0409423
-0.0414028
-0.0418669
-0.0423376
-0.0428097
-0.0432824
-0.04376
-0.0442433
-0.0447274
-0.045213
-0.0457033
-0.0461984
-0.0466959
-0.0471951
-0.0476991
-0.0482066
-0.0487176
-0.0492315
-0.0497491
-0.0502709
-0.0507959
-0.0513251
-0.0518577
-0.0523946
-0.0529355
-0.0534802
-0.0540298
-0.054583
-0.0551412
-0.0557037
-0.0562708
-0.0568429
-0.0574195
-0.0580013
-0.0585882
-0.05918
-0.0597775
-0.0603801
-0.0609883
-0.0616022
-0.0622215
-0.062847
-0.0634784
-0.0641155
-0.0647592
-0.0654086
-0.0660644
-0.0667263
-0.0673932
-0.0680655
-0.0687416
-0.0694194
-0.0700978
-0.0707716
-0.0714357
-0.0720826
-0.0726997
-0.0732678
-0.0136062
-0.0137458
-0.0103274
-0.00636968
-0.00301843
-0.000563334
0.000971506
0.0016803
0.00176595
0.00146112
0.000962787
0.000406342
-0.000130316
-0.000610257
-0.00102054
-0.00135989
-0.00163561
-0.00186133
-0.00205203
-0.00222093
-0.00237746
-0.0025281
-0.00267739
-0.00282861
-0.00298411
-0.00314549
-0.00331386
-0.00348982
-0.0036737
-0.0038655
-0.0040652
-0.00427257
-0.0044874
-0.00470931
-0.00493782
-0.00517222
-0.00541164
-0.00565499
-0.00590113
-0.00614882
-0.00639691
-0.00664433
-0.00689033
-0.00713452
-0.00737709
-0.00761894
-0.00786164
-0.00810739
-0.00835847
-0.00861679
-0.00888299
-0.00915623
-0.00943397
-0.00971286
-0.00998948
-0.0102618
-0.0105294
-0.010794
-0.0110587
-0.0113266
-0.0115999
-0.0118793
-0.0121638
-0.0124513
-0.0127395
-0.0130269
-0.0133125
-0.0135969
-0.0138806
-0.014165
-0.0144509
-0.0147394
-0.015031
-0.0153261
-0.0156246
-0.0159257
-0.0162278
-0.0165289
-0.0168279
-0.0171254
-0.0174241
-0.0177277
-0.0180387
-0.0183565
-0.0186768
-0.0189947
-0.0193075
-0.0196177
-0.0199312
-0.0202536
-0.0205859
-0.0209232
-0.0212581
-0.0215866
-0.0219113
-0.0222399
-0.0225795
-0.02293
-0.0232839
-0.023632
-0.0239725
-0.0243124
-0.0246628
-0.0250276
-0.0253978
-0.025762
-0.0261158
-0.0264691
-0.026836
-0.0272191
-0.0276048
-0.0279795
-0.0283435
-0.0287143
-0.0291045
-0.0295064
-0.0299017
-0.0302814
-0.0306604
-0.0310586
-0.0314737
-0.0318835
-0.0322796
-0.0326727
-0.0330826
-0.0335087
-0.0339308
-0.034339
-0.0347488
-0.0351757
-0.0356147
-0.0360453
-0.0364616
-0.036891
-0.0373435
-0.0377894
-0.0382175
-0.0386577
-0.0391176
-0.0395719
-0.0400183
-0.0404736
-0.0409385
-0.0414007
-0.0418638
-0.0423339
-0.0428074
-0.0432806
-0.0437569
-0.0442398
-0.044725
-0.0452111
-0.0457006
-0.0461954
-0.0466936
-0.047193
-0.0476967
-0.0482041
-0.0487155
-0.0492295
-0.0497472
-0.0502693
-0.0507944
-0.0513239
-0.0518568
-0.052394
-0.0529353
-0.0534803
-0.0540302
-0.0545837
-0.0551422
-0.055705
-0.0562723
-0.0568448
-0.0574215
-0.0580037
-0.0585908
-0.0591829
-0.0597807
-0.0603835
-0.0609921
-0.0616064
-0.0622262
-0.0628522
-0.0634842
-0.0641221
-0.0647667
-0.0654172
-0.066074
-0.0667371
-0.0674055
-0.0680794
-0.0687571
-0.0694367
-0.070116
-0.070791
-0.0714563
-0.0721042
-0.0727221
-0.0732907
0.0131651
0.0127862
0.00934038
0.00525447
0.00178372
-0.000769007
-0.00237963
-0.00315235
-0.00330775
-0.00309462
-0.00271965
-0.00232154
-0.00197738
-0.00172169
-0.00156509
-0.00150673
-0.00153582
-0.00163458
-0.00178286
-0.00196233
-0.00215981
-0.00236605
-0.00257505
-0.00278323
-0.00298877
-0.00319102
-0.0033903
-0.00358748
-0.00378383
-0.00398067
-0.00417933
-0.00438087
-0.00458623
-0.00479603
-0.00501076
-0.00523072
-0.00545606
-0.00568675
-0.00592257
-0.006163
-0.00640734
-0.0066546
-0.00690369
-0.00715343
-0.00740275
-0.00765097
-0.00789802
-0.0081447
-0.00839251
-0.00864352
-0.0088996
-0.009162
-0.00943063
-0.00970417
-0.00998022
-0.0102562
-0.0105299
-0.0108005
-0.0110686
-0.0113359
-0.0116049
-0.0118779
-0.0121561
-0.0124397
-0.0127275
-0.0130176
-0.0133076
-0.0135961
-0.0138825
-0.0141674
-0.0144522
-0.014739
-0.0150294
-0.0153246
-0.0156247
-0.0159287
-0.0162341
-0.0165384
-0.0168396
-0.0171381
-0.0174367
-0.0177398
-0.0180506
-0.0183696
-0.0186926
-0.0190142
-0.0193303
-0.0196418
-0.0199545
-0.0202749
-0.0206061
-0.0209448
-0.0212835
-0.0216163
-0.0219429
-0.0222701
-0.0226063
-0.0229547
-0.0233104
-0.0236632
-0.0240076
-0.0243478
-0.0246942
-0.0250548
-0.0254252
-0.0257942
-0.0261533
-0.026507
-0.0268684
-0.0272464
-0.0276329
-0.0280141
-0.0283834
-0.0287517
-0.0291346
-0.0295329
-0.0299326
-0.0303202
-0.0307002
-0.0310908
-0.0315007
-0.0319137
-0.0323166
-0.0327115
-0.0331156
-0.0335367
-0.0339621
-0.0343761
-0.034786
-0.0352073
-0.0356427
-0.0360787
-0.0365014
-0.0369251
-0.0373699
-0.0378215
-0.0382568
-0.0386918
-0.0391465
-0.0396049
-0.0400544
-0.0405069
-0.0409707
-0.041435
-0.0418983
-0.0423669
-0.0428409
-0.0433155
-0.0437912
-0.044273
-0.0447585
-0.0452454
-0.0457343
-0.0462279
-0.0467259
-0.0472253
-0.0477281
-0.0482345
-0.048745
-0.0492583
-0.0497748
-0.0502956
-0.0508194
-0.0513476
-0.0518789
-0.0524145
-0.0529543
-0.0534976
-0.0540459
-0.0545978
-0.0551547
-0.055716
-0.0562818
-0.056853
-0.0574285
-0.0580097
-0.0585959
-0.0591874
-0.0597846
-0.0603871
-0.0609955
-0.0616098
-0.0622299
-0.0628563
-0.0634888
-0.0641274
-0.0647728
-0.0654243
-0.0660823
-0.0667466
-0.0674163
-0.0680913
-0.0687704
-0.0694515
-0.0701323
-0.0708089
-0.0714754
-0.0721242
-0.0727428
-0.0733118
-0.0125738
-0.0123074
-0.0089939
-0.00504959
-0.00171636
0.000699371
0.00217146
0.00279798
0.00279263
0.00239944
0.00182316
0.00120245
0.000615254
9.70722e-05
-0.000340763
-0.000698467
-0.000985547
-0.00121821
-0.00141499
-0.00159184
-0.00176005
-0.0019269
-0.00209707
-0.00227331
-0.0024571
-0.00264901
-0.002849
-0.00305658
-0.00327105
-0.00349149
-0.00371699
-0.00394656
-0.00417934
-0.00441454
-0.00465167
-0.00489037
-0.0051306
-0.00537239
-0.00561591
-0.00586129
-0.0061087
-0.00635826
-0.00661
-0.00686383
-0.00711946
-0.00737651
-0.00763453
-0.00789329
-0.00815283
-0.00841368
-0.00867663
-0.00894263
-0.00921229
-0.00948568
-0.00976203
-0.0100401
-0.0103182
-0.0105954
-0.0108713
-0.0111463
-0.0114219
-0.0116997
-0.0119811
-0.0122669
-0.0125567
-0.012849
-0.0131423
-0.0134348
-0.0137261
-0.0140163
-0.0143067
-0.014599
-0.0148942
-0.0151934
-0.0154965
-0.0158027
-0.0161105
-0.016418
-0.0167241
-0.0170289
-0.0173338
-0.0176417
-0.0179548
-0.0182742
-0.0185979
-0.0189224
-0.0192441
-0.0195625
-0.0198803
-0.0202024
-0.0205326
-0.0208705
-0.0212117
-0.0215502
-0.0218835
-0.0222146
-0.0225505
-0.0228965
-0.0232514
-0.0236081
-0.0239593
-0.0243049
-0.0246517
-0.0250086
-0.0253767
-0.0257487
-0.026115
-0.0264744
-0.0268351
-0.0272079
-0.027592
-0.0279775
-0.0283551
-0.0287271
-0.0291059
-0.0294987
-0.029899
-0.030294
-0.0306807
-0.0310691
-0.0314724
-0.0318848
-0.0322939
-0.0326949
-0.0330978
-0.0335129
-0.0339378
-0.0343584
-0.0347725
-0.0351911
-0.0356215
-0.036059
-0.03649
-0.0369148
-0.0373516
-0.0378028
-0.038247
-0.0386831
-0.0391315
-0.0395904
-0.0400448
-0.0404971
-0.0409585
-0.0414241
-0.0418889
-0.0423565
-0.0428299
-0.0433059
-0.0437822
-0.0442629
-0.0447482
-0.0452361
-0.0457254
-0.0462184
-0.0467163
-0.0472164
-0.0477196
-0.0482259
-0.0487366
-0.0492505
-0.0497673
-0.0502884
-0.0508127
-0.0513414
-0.0518733
-0.0524094
-0.0529498
-0.0534938
-0.0540427
-0.0545953
-0.0551529
-0.0557149
-0.0562814
-0.0568533
-0.0574294
-0.0580111
-0.0585978
-0.0591897
-0.0597874
-0.0603903
-0.0609992
-0.061614
-0.0622345
-0.0628614
-0.0634945
-0.0641338
-0.06478
-0.0654323
-0.0660913
-0.0667568
-0.0674277
-0.0681042
-0.0687845
-0.0694665
-0.0701484
-0.0708256
-0.071493
-0.0721427
-0.0727619
-0.0733316
0.0159501
0.0157167
0.0120827
0.00784632
0.00422435
0.00151708
-0.00025019
-0.00117836
-0.00148421
-0.0014138
-0.0011722
-0.000897215
-0.000665517
-0.000511456
-0.000445538
-0.000466827
-0.000564724
-0.000721828
-0.000918636
-0.00113924
-0.00137266
-0.00161235
-0.00185445
-0.00209656
-0.0023374
-0.00257631
-0.00281325
-0.00304843
-0.00328234
-0.00351547
-0.00374833
-0.00398137
-0.00421502
-0.00444969
-0.00468582
-0.00492377
-0.00516384
-0.00540616
-0.00565071
-0.00589733
-0.00614581
-0.006396
-0.00664787
-0.00690157
-0.00715729
-0.00741517
-0.00767517
-0.00793704
-0.00820035
-0.00846475
-0.00873
-0.00899623
-0.00926368
-0.00953276
-0.00980362
-0.0100763
-0.0103507
-0.0106265
-0.0109035
-0.0111818
-0.0114614
-0.0117426
-0.0120257
-0.0123107
-0.0125976
-0.012886
-0.0131754
-0.0134657
-0.0137569
-0.0140493
-0.0143434
-0.0146394
-0.0149376
-0.0152378
-0.0155398
-0.0158435
-0.0161486
-0.0164551
-0.0167626
-0.0170713
-0.0173811
-0.0176926
-0.0180062
-0.0183231
-0.0186433
-0.0189662
-0.01929
-0.0196133
-0.019936
-0.0202599
-0.0205878
-0.0209218
-0.0212609
-0.0216013
-0.0219395
-0.022275
-0.0226115
-0.0229541
-0.0233048
-0.0236607
-0.0240156
-0.0243664
-0.0247154
-0.0250693
-0.0254322
-0.0258023
-0.0261722
-0.0265374
-0.0269001
-0.0272688
-0.0276471
-0.0280316
-0.0284144
-0.0287921
-0.02917
-0.0295566
-0.0299528
-0.0303506
-0.0307438
-0.0311339
-0.0315316
-0.0319391
-0.03235
-0.0327566
-0.0331615
-0.0335719
-0.0339922
-0.0344153
-0.0348346
-0.0352532
-0.0356787
-0.0361134
-0.0365488
-0.0369786
-0.0374108
-0.0378563
-0.0383049
-0.0387462
-0.0391905
-0.0396458
-0.0401035
-0.0405578
-0.0410168
-0.0414817
-0.0419482
-0.0424157
-0.0428877
-0.0433638
-0.043841
-0.044321
-0.0448049
-0.0452926
-0.045782
-0.0462739
-0.0467703
-0.0472695
-0.0477718
-0.0482765
-0.0487854
-0.0492976
-0.0498127
-0.0503316
-0.0508537
-0.0513801
-0.0519096
-0.0524431
-0.0529809
-0.0535221
-0.0540684
-0.0546182
-0.055173
-0.0557324
-0.0562964
-0.0568659
-0.0574399
-0.0580198
-0.0586049
-0.0591955
-0.0597922
-0.0603942
-0.0610025
-0.061617
-0.0622373
-0.0628643
-0.0634977
-0.0641375
-0.0647844
-0.0654375
-0.0660975
-0.0667639
-0.0674358
-0.0681133
-0.0687948
-0.0694782
-0.0701615
-0.0708401
-0.0715085
-0.0721589
-0.0727786
-0.0733485
-0.00843079
-0.00831087
-0.00498178
-0.00119816
0.00187975
0.00398668
0.00510507
0.00536405
0.00501165
0.00431517
0.00348803
0.00266687
0.00192276
0.00128402
0.000756907
0.000335487
2.04035e-06
-0.000268195
-0.000499822
-0.000712557
-0.000920195
-0.0011311
-0.00134969
-0.00157781
-0.00181556
-0.00206171
-0.00231447
-0.00257194
-0.00283237
-0.00309417
-0.00335605
-0.00361687
-0.00387586
-0.00413247
-0.0043866
-0.00463846
-0.00488862
-0.00513784
-0.00538703
-0.0056371
-0.00588888
-0.00614309
-0.00640028
-0.00666084
-0.00692489
-0.00719223
-0.00746225
-0.00773404
-0.00800649
-0.00827867
-0.00854993
-0.00882021
-0.00908992
-0.00935989
-0.00963104
-0.00990428
-0.0101802
-0.0104591
-0.0107408
-0.011025
-0.011311
-0.0115981
-0.0118859
-0.0121739
-0.0124623
-0.0127512
-0.0130412
-0.013333
-0.0136272
-0.0139242
-0.0142239
-0.0145259
-0.0148295
-0.0151339
-0.0154387
-0.0157439
-0.01605
-0.016358
-0.0166687
-0.0169821
-0.0172976
-0.0176141
-0.0179312
-0.0182493
-0.0185696
-0.018893
-0.0192193
-0.0195472
-0.0198751
-0.0202031
-0.0205325
-0.0208661
-0.0212046
-0.0215464
-0.0218886
-0.0222291
-0.022569
-0.0229119
-0.0232611
-0.0236163
-0.0239735
-0.0243289
-0.0246821
-0.025037
-0.0253979
-0.025766
-0.0261372
-0.0265073
-0.0268746
-0.0272435
-0.0276184
-0.0280008
-0.0283862
-0.0287694
-0.0291503
-0.0295347
-0.0299272
-0.030325
-0.0307229
-0.0311174
-0.0315141
-0.0319177
-0.032328
-0.0327383
-0.0331472
-0.033557
-0.0339736
-0.0343964
-0.0348197
-0.035241
-0.0356649
-0.0360963
-0.0365327
-0.0369676
-0.0374005
-0.0378411
-0.0382894
-0.0387359
-0.0391807
-0.0396323
-0.0400905
-0.0405475
-0.041006
-0.0414695
-0.0419369
-0.0424053
-0.0428765
-0.0433522
-0.0438302
-0.0443105
-0.0447938
-0.0452813
-0.0457713
-0.0462636
-0.0467597
-0.0472589
-0.0477617
-0.0482668
-0.0487758
-0.0492883
-0.0498039
-0.0503233
-0.0508457
-0.0513726
-0.0519027
-0.0524368
-0.0529752
-0.0535172
-0.0540642
-0.0546148
-0.0551704
-0.0557306
-0.0562954
-0.0568656
-0.0574403
-0.0580207
-0.0586063
-0.0591972
-0.0597943
-0.0603967
-0.0610053
-0.0616201
-0.0622408
-0.0628681
-0.0635019
-0.0641422
-0.0647898
-0.0654436
-0.0661044
-0.0667718
-0.0674447
-0.0681231
-0.0688053
-0.0694893
-0.0701733
-0.070852
-0.0715211
-0.0721719
-0.0727916
-0.0733616
0.0207348
0.0203154
0.0164618
0.0119461
0.00799756
0.00493536
0.00279065
0.00148661
0.00083467
0.000607811
0.000606955
0.000690498
0.000773768
0.000814441
0.000796155
0.000715655
0.000576368
0.000386999
0.000158296
-9.89467e-05
-0.000375181
-0.000662648
-0.000955537
-0.00124977
-0.00154275
-0.00183301
-0.00211977
-0.0024026
-0.00268136
-0.00295603
-0.00322676
-0.00349369
-0.00375709
-0.00401729
-0.0042748
-0.00453023
-0.0047844
-0.00503818
-0.00529248
-0.00554815
-0.00580593
-0.00606646
-0.00633019
-0.00659742
-0.00686812
-0.00714198
-0.00741823
-0.00769584
-0.00797358
-0.00825039
-0.00852556
-0.00879901
-0.00907117
-0.00934302
-0.00961567
-0.00989026
-0.0101676
-0.0104482
-0.0107319
-0.0110183
-0.0113066
-0.0115959
-0.0118853
-0.0121747
-0.0124638
-0.0127533
-0.0130438
-0.0133363
-0.0136318
-0.0139306
-0.0142327
-0.0145375
-0.0148439
-0.0151512
-0.0154584
-0.0157656
-0.0160733
-0.0163829
-0.0166954
-0.0170111
-0.0173293
-0.0176488
-0.0179684
-0.0182885
-0.0186102
-0.0189348
-0.0192625
-0.0195925
-0.019923
-0.0202535
-0.020585
-0.0209197
-0.0212589
-0.0216016
-0.0219454
-0.0222883
-0.0226306
-0.022975
-0.0233247
-0.0236799
-0.0240378
-0.024395
-0.0247507
-0.0251073
-0.0254684
-0.0258359
-0.0262071
-0.0265788
-0.0269487
-0.0273191
-0.0276935
-0.0280746
-0.0284602
-0.0288456
-0.0292288
-0.0296135
-0.0300046
-0.0304015
-0.0308006
-0.0311975
-0.0315952
-0.0319975
-0.0324065
-0.0328175
-0.0332286
-0.0336394
-0.0340548
-0.0344763
-0.0349006
-0.0353239
-0.0357481
-0.0361782
-0.0366137
-0.0370504
-0.0374852
-0.0379245
-0.0383711
-0.0388193
-0.0392659
-0.0397163
-0.0401735
-0.0406318
-0.0410909
-0.0415535
-0.0420208
-0.0424897
-0.0429606
-0.0434355
-0.0439131
-0.0443933
-0.0448756
-0.0453619
-0.0458509
-0.0463422
-0.0468366
-0.0473339
-0.0478348
-0.0483378
-0.0488443
-0.0493541
-0.0498669
-0.0503833
-0.0509025
-0.0514259
-0.0519524
-0.0524829
-0.0530174
-0.0535554
-0.0540984
-0.0546451
-0.0551968
-0.0557532
-0.0563144
-0.0568812
-0.057453
-0.0580307
-0.0586141
-0.0592032
-0.0597987
-0.0603999
-0.0610075
-0.0616215
-0.0622416
-0.0628686
-0.0635022
-0.0641426
-0.0647906
-0.0654451
-0.0661066
-0.0667747
-0.0674487
-0.0681286
-0.0688126
-0.0694984
-0.0701839
-0.0708641
-0.0715342
-0.0721854
-0.072806
-0.0733768
)
;

boundaryField
{
    zeroGradientWall
    {
        type            zeroGradient;
    }
    inlet
    {
        type            zeroGradient;
    }
    plate
    {
        type            zeroGradient;
    }
    frontAndBack
    {
        type            empty;
    }
}


// ************************************************************************* //
