/*--------------------------------*- C++ -*----------------------------------*\
| =========                 |                                                 |
| \\      /  F ield         | OpenFOAM: The Open Source CFD Toolbox           |
|  \\    /   O peration     | Version:  v2012                                 |
|   \\  /    A nd           | Website:  www.openfoam.com                      |
|    \\/     M anipulation  |                                                 |
\*---------------------------------------------------------------------------*/
FoamFile
{
    version     2.0;
    format      ascii;
    class       volScalarField;
    location    "0.6";
    object      p;
}
// * * * * * * * * * * * * * * * * * * * * * * * * * * * * * * * * * * * * * //

dimensions      [0 2 -2 0 0 0 0];


internalField   nonuniform List<scalar> 
8800
(
1.29143e-08
0.00068703
0.000750096
0.00077401
0.000623465
0.000555205
0.000364467
0.000207563
-1.50558e-05
-0.000249744
-0.00051259
-0.000805251
-0.00115411
-0.00150644
-0.00191622
-0.00236042
-0.00290924
-0.00354962
-0.00447515
-0.00621027
3.6934e-06
0.000684514
0.000751038
0.000772273
0.000626185
0.000552891
0.000366861
0.000206994
-1.27409e-05
-0.000250294
-0.000512531
-0.000813066
-0.00115216
-0.00151324
-0.00190589
-0.0023752
-0.00290377
-0.00362336
-0.00459032
-0.00661738
1.00258e-05
0.000678941
0.000753115
0.000768394
0.00063215
0.000547826
0.000370811
0.000206492
-1.6201e-05
-0.000246478
-0.000514851
-0.000816278
-0.00115316
-0.00151046
-0.00190706
-0.00239636
-0.00297813
-0.00368963
-0.00455439
-0.00636235
1.6371e-05
0.000673724
0.00075316
0.000767705
0.000635316
0.000548029
0.000369293
0.000215627
-3.23831e-05
-0.000230061
-0.000535983
-0.000815381
-0.00115929
-0.00150374
-0.001904
-0.00238988
-0.00313404
-0.00406002
-0.00533108
-0.00641654
2.7199e-05
0.000661538
0.000757893
0.000760129
0.000648729
0.000534169
0.000386003
0.000203484
-1.78417e-05
-0.000237626
-0.000522103
-0.000835028
-0.00115969
-0.00151674
-0.00191067
-0.00240363
-0.00297393
-0.00369349
-0.00470547
-0.00685652
3.83547e-05
0.000649941
0.000757914
0.00075941
0.000653265
0.000535154
0.00039077
0.000199982
-1.69131e-05
-0.000244639
-0.000530953
-0.000840866
-0.00116238
-0.00152391
-0.00190183
-0.00238372
-0.00296329
-0.00386903
-0.00521101
-0.00779136
5.3142e-05
0.000633207
0.000760631
0.000754883
0.000661908
0.000536827
0.000389384
0.00021081
-1.70293e-05
-0.000251656
-0.000538543
-0.000845976
-0.00117609
-0.0015233
-0.00191248
-0.00237522
-0.00298689
-0.00384534
-0.00527953
-0.0079726
7.24484e-05
0.000608403
0.000765567
0.000750406
0.00066666
0.000544778
0.000390123
0.000211916
-9.81719e-06
-0.000264533
-0.000548439
-0.000859362
-0.00118325
-0.00153874
-0.00191599
-0.00238066
-0.00299412
-0.00391112
-0.00546393
-0.00834962
9.30015e-05
0.000594076
0.000749687
0.000760297
0.000659273
0.000559325
0.000394337
0.000202479
5.92577e-06
-0.000281139
-0.000559785
-0.00085778
-0.00119522
-0.00154814
-0.00192838
-0.00239337
-0.00303391
-0.00400676
-0.00566006
-0.00868908
0.000120893
0.000564165
0.000749025
0.00074919
0.000669426
0.000569237
0.000403839
0.000209198
-1.06217e-05
-0.000280175
-0.00057689
-0.000884427
-0.00120984
-0.0015575
-0.00194178
-0.00241774
-0.00308791
-0.00411681
-0.00585469
-0.00898182
0.000147748
0.000548091
0.000726583
0.000744494
0.000687194
0.000561587
0.000422258
0.000223364
-3.94566e-05
-0.000280097
-0.0005817
-0.000905925
-0.00122691
-0.00157042
-0.00196115
-0.00245387
-0.0031545
-0.00423676
-0.00604533
-0.00924848
0.000181976
0.000529054
0.000695905
0.000746328
0.000685495
0.000570807
0.000447127
0.000224748
-4.5416e-05
-0.000304438
-0.000595998
-0.000919623
-0.00124461
-0.00158938
-0.00198874
-0.00250033
-0.00323159
-0.00436209
-0.00623146
-0.0094971
0.000217974
0.00051211
0.000668583
0.00072748
0.000690804
0.000598257
0.000446953
0.000228786
-3.96642e-05
-0.000327735
-0.000621647
-0.000935234
-0.00126146
-0.00161196
-0.00202294
-0.00255452
-0.00331616
-0.00448984
-0.00641203
-0.00973208
0.000253362
0.000500754
0.000643178
0.000696189
0.000697846
0.000616819
0.000446622
0.000239913
-2.97082e-05
-0.000343201
-0.000652195
-0.000960609
-0.00128331
-0.00163868
-0.00206239
-0.00261566
-0.00340687
-0.00461897
-0.00658458
-0.0099472
0.000287935
0.000496222
0.000617805
0.000669748
0.000680697
0.000634461
0.000471166
0.000235449
-3.31087e-05
-0.000345464
-0.000673657
-0.00099236
-0.0013133
-0.00167116
-0.00210697
-0.00268214
-0.00350194
-0.00474828
-0.00675044
-0.0101499
0.000320474
0.000495388
0.000597957
0.000640801
0.000652309
0.000634888
0.000505452
0.000244108
-4.94529e-05
-0.000354167
-0.000684489
-0.00101871
-0.00134824
-0.00171021
-0.00215728
-0.00275314
-0.0036
-0.00487685
-0.00691079
-0.0103422
0.000352358
0.000495268
0.000581244
0.000619263
0.000623375
0.000611865
0.000524335
0.000274692
-5.50841e-05
-0.000375356
-0.000700443
-0.00103927
-0.00138184
-0.00175413
-0.00221313
-0.00282779
-0.00369925
-0.00500343
-0.00706427
-0.0105216
0.0003847
0.000494684
0.000566931
0.00060475
0.000594002
0.000573292
0.000515518
0.000308399
-3.598e-05
-0.000390922
-0.00072557
-0.00106382
-0.00141446
-0.00179928
-0.00227161
-0.00290397
-0.00379752
-0.00512599
-0.00721018
-0.0106894
0.000411956
0.000498078
0.000554686
0.000588412
0.000576293
0.000537587
0.000475032
0.000313745
-8.69622e-08
-0.000382036
-0.000745552
-0.00109431
-0.00145087
-0.00184631
-0.00233172
-0.00298027
-0.00389339
-0.00524274
-0.00734664
-0.0108434
0.00043424
0.000505497
0.000544834
0.000569438
0.000563098
0.000510631
0.00042637
0.000281735
1.73102e-05
-0.000350277
-0.000743746
-0.00111923
-0.00149079
-0.00189639
-0.00239368
-0.0030559
-0.00398516
-0.00535167
-0.00747227
-0.0109841
0.000453517
0.000511149
0.000537682
0.000551184
0.000543642
0.000491467
0.000388315
0.000233808
2.68702e-06
-0.000327165
-0.00071822
-0.00112348
-0.00152288
-0.00194756
-0.00245657
-0.00312999
-0.00407172
-0.00545151
-0.00758534
-0.0111098
0.000468577
0.000514723
0.000532834
0.000535053
0.000518628
0.000468817
0.000363374
0.000192429
-3.60785e-05
-0.000328945
-0.000694362
-0.0011057
-0.00153569
-0.00198861
-0.00251641
-0.00320065
-0.00415169
-0.00554107
-0.0076849
-0.0112197
0.000477645
0.000515713
0.000530548
0.000520584
0.000491928
0.000440783
0.000337985
0.000161834
-7.24921e-05
-0.000352344
-0.000686353
-0.00108391
-0.00152712
-0.00200977
-0.00256234
-0.00326204
-0.00422159
-0.00561827
-0.0077692
-0.0113118
0.000482143
0.000513449
0.000523269
0.000507613
0.000468686
0.000409508
0.000308356
0.000136709
-9.94918e-05
-0.000376465
-0.000694538
-0.00107088
-0.00151048
-0.00200928
-0.00258671
-0.00330527
-0.00427579
-0.00567896
-0.00783554
-0.0113841
0.000482518
0.000506534
0.000509244
0.000492381
0.000449477
0.000380066
0.000275062
0.000110009
-0.000117888
-0.00039211
-0.000703401
-0.0010656
-0.00149318
-0.00199391
-0.00258598
-0.00332235
-0.00430637
-0.00571804
-0.00788071
-0.0114347
0.000475263
0.000494693
0.00049249
0.000473574
0.000429076
0.000352726
0.000241984
8.28235e-05
-0.000133242
-0.000398489
-0.000704269
-0.00105807
-0.00147358
-0.00196635
-0.00255941
-0.00330478
-0.00430205
-0.00572668
-0.00789986
-0.011463
0.000459875
0.000476876
0.000471724
0.00045059
0.000405361
0.00032549
0.00021096
5.66258e-05
-0.000145551
-0.000396142
-0.000692911
-0.00104121
-0.00144901
-0.00192951
-0.00250765
-0.00323922
-0.00422634
-0.00564702
-0.00782433
-0.0113962
0.000436271
0.000451658
0.000445436
0.000423036
0.000376658
0.000295972
0.000181961
3.25061e-05
-0.00015569
-0.00038636
-0.000664544
-0.00100111
-0.00140736
-0.00189475
-0.00248517
-0.00322935
-0.00422372
-0.00564251
-0.00781009
-0.011376
0.000402978
0.000417376
0.000412444
0.00038917
0.000340563
0.000263521
0.00015627
1.39096e-05
-0.000166762
-0.000381486
-0.000630258
-0.000922744
-0.00127359
-0.00170133
-0.00223693
-0.0029414
-0.00392122
-0.00534996
-0.00754226
-0.0111333
0.000358267
0.000375201
0.000373024
0.000345251
0.000291115
0.000220676
0.000134902
1.462e-05
-0.000157449
-0.000379058
-0.000643231
-0.000955219
-0.00132645
-0.00177034
-0.00230764
-0.00298597
-0.00390418
-0.00525668
-0.00738329
-0.0109282
0.000301442
0.000326406
0.000328519
0.000293395
0.000228948
0.00015272
7.42319e-05
-1.01799e-05
-0.000117882
-0.000255813
-0.000423382
-0.000626363
-0.000881527
-0.00121657
-0.00167227
-0.00231346
-0.00324819
-0.00465124
-0.00685937
-0.0105384
0.000222711
0.000260001
0.000265393
0.000236545
0.000197184
0.000134277
3.36029e-05
-0.000113924
-0.000300883
-0.000519943
-0.000757779
-0.00100514
-0.00126605
-0.00155429
-0.0018947
-0.00233157
-0.00295906
-0.00396581
-0.00571
-0.00890227
0.000174036
0.000174043
0.000142646
0.000105159
7.57301e-05
5.96447e-05
6.48663e-05
7.81211e-05
7.52249e-05
3.7609e-05
-3.33719e-05
-0.000133894
-0.000276151
-0.000495291
-0.000837795
-0.00137891
-0.00224266
-0.00364408
-0.00594571
-0.00988492
9.04617e-05
7.74354e-05
8.90132e-05
0.000104007
6.2118e-05
-7.92838e-05
-0.000309898
-0.000608791
-0.000934667
-0.00123665
-0.00145394
-0.0015406
-0.00153257
-0.00152323
-0.00153007
-0.00149717
-0.00123745
-0.000434443
0.0013752
0.00492056
-5.58354e-05
-8.62182e-05
-0.000114017
-0.000109083
-4.0298e-05
0.000109399
0.000289999
0.000443591
0.000542701
0.000593429
0.000609264
0.000584289
0.000490311
0.000304557
-3.75136e-05
-0.000612168
-0.00155567
-0.00309436
-0.00557999
-0.00956777
-0.000139179
-0.000112082
-0.000104038
-0.000150626
-0.000277535
-0.000476153
-0.000718741
-0.000951425
-0.00110354
-0.00112922
-0.00104263
-0.000887236
-0.000691047
-0.000440888
-8.85594e-05
0.000467332
0.00139229
0.00292406
0.00544009
0.00963232
-0.000390278
-0.000413927
-0.000385988
-0.000288377
-8.92056e-05
0.00018689
0.000489372
0.000758341
0.000957518
0.00109477
0.00119074
0.00125177
0.00126063
0.00117104
0.000914951
0.000387671
-0.000564866
-0.00215738
-0.00473994
-0.00898127
-0.000403929
-0.000399385
-0.000446893
-0.000544523
-0.000688219
-0.000842762
-0.000946518
-0.000950187
-0.000837866
-0.000621502
-0.000315659
7.32079e-05
0.000550665
0.00113262
0.00185385
0.00277806
0.00401435
0.00575404
0.00834113
0.0124416
-0.000697028
-0.000708135
-0.000667895
-0.000570971
-0.000401422
-0.000143242
0.000200672
0.000595323
0.000981522
0.00130545
0.00158208
0.00185739
0.00215121
0.00242381
0.00257703
0.00248742
0.00200546
0.000911707
-0.00118097
-0.00499948
-0.000671788
-0.00072541
-0.000877064
-0.00108042
-0.00126791
-0.00138147
-0.00137567
-0.00122561
-0.000919647
-0.000451031
0.000184907
0.000994942
0.00198667
0.00317521
0.00458314
0.00622512
0.00813445
0.0104112
0.0133112
0.0174254
-0.00785582
-0.00707904
-0.0043565
-0.00169304
0.000375337
0.00180405
0.00266736
0.00304667
0.00300643
0.00262087
0.00199793
0.0012685
0.000549526
-8.19389e-05
-0.000590667
-0.000972953
-0.00124595
-0.00143759
-0.00157844
-0.00169532
-0.0018088
-0.00193232
-0.00207331
-0.00223536
-0.00241931
-0.00262442
-0.0028484
-0.00308868
-0.003343
-0.00360934
-0.00388612
-0.00417157
-0.004465
-0.00476577
-0.00507385
-0.00538872
-0.00571074
-0.00604106
-0.00638078
-0.00673199
-0.00709575
-0.00747514
-0.00787226
-0.00828808
-0.00872391
-0.00917561
-0.00964141
-0.0101147
-0.0105919
-0.0110727
-0.0115519
-0.0120334
-0.0125091
-0.0129657
-0.0133911
-0.0137658
-0.0140825
-0.0143398
-0.0145418
-0.0146965
-0.0148126
-0.014903
-0.0149709
-0.0150265
-0.0150813
-0.0151419
-0.0152191
-0.0153113
-0.0154164
-0.0155371
-0.0156717
-0.0158255
-0.0159992
-0.0161924
-0.016406
-0.0166335
-0.016873
-0.017122
-0.0173763
-0.0176381
-0.0179048
-0.0181761
-0.0184568
-0.0187447
-0.0190373
-0.0193314
-0.0196213
-0.019911
-0.0202088
-0.0205167
-0.0208344
-0.0211569
-0.0214756
-0.0217864
-0.0220924
-0.0224017
-0.0227212
-0.0230528
-0.0233949
-0.02374
-0.0240744
-0.0244016
-0.0247375
-0.0250822
-0.0254287
-0.0257796
-0.0261311
-0.0264773
-0.0268256
-0.0271876
-0.0275669
-0.0279484
-0.028307
-0.0286492
-0.0290095
-0.0293913
-0.029767
-0.0301333
-0.0305089
-0.0308968
-0.0312835
-0.0316661
-0.0320511
-0.0324415
-0.0328328
-0.0332244
-0.0336185
-0.0340149
-0.0344134
-0.0348166
-0.0352234
-0.0356314
-0.0360428
-0.0364603
-0.0368798
-0.0372994
-0.0377212
-0.0381486
-0.0385777
-0.0390089
-0.0394433
-0.0398839
-0.0403275
-0.0407744
-0.041225
-0.04168
-0.0421389
-0.0426003
-0.0430653
-0.0435332
-0.0440055
-0.0444814
-0.0449619
-0.0454473
-0.0459366
-0.0464317
-0.0469296
-0.0474338
-0.0479404
-0.0484532
-0.0489687
-0.04949
-0.0500147
-0.0505448
-0.0510788
-0.0516185
-0.0521616
-0.0527116
-0.0532637
-0.0538243
-0.054386
-0.0549566
-0.0555288
-0.0561092
-0.0566921
-0.0572826
-0.0578755
-0.0584772
-0.0590793
-0.0596927
-0.0603043
-0.0609285
-0.0615508
-0.0621841
-0.0628168
-0.0634594
-0.0640999
-0.0647521
-0.0653981
-0.066057
-0.0667068
-0.0673667
-0.0680142
-0.0686677
-0.0692983
-0.0699287
-0.0705154
-0.0710826
-0.0715538
-0.0719827
-0.0084436
-0.00751359
-0.00463105
-0.00187768
0.000289632
0.00182371
0.0027546
0.00314278
0.00306866
0.00264055
0.00199051
0.00125127
0.000532324
-9.63812e-05
-0.000603658
-0.000986551
-0.00126119
-0.00145429
-0.00159568
-0.00171217
-0.00182467
-0.00194707
-0.00208707
-0.00224843
-0.00243194
-0.0026369
-0.00286088
-0.00310119
-0.00335547
-0.00362167
-0.00389831
-0.00418347
-0.00447654
-0.00477684
-0.00508448
-0.00539901
-0.00572054
-0.00605044
-0.0063896
-0.00674029
-0.00710346
-0.0074816
-0.00787732
-0.00829094
-0.00872423
-0.00917316
-0.009636
-0.010107
-0.0105808
-0.011058
-0.0115339
-0.0120114
-0.0124843
-0.012939
-0.0133633
-0.0137381
-0.0140554
-0.0143144
-0.0145195
-0.0146776
-0.0147962
-0.0148889
-0.0149591
-0.0150164
-0.0150729
-0.015135
-0.0152127
-0.0153054
-0.0154115
-0.0155327
-0.0156677
-0.0158224
-0.0159963
-0.0161895
-0.0164032
-0.0166305
-0.01687
-0.0171192
-0.0173736
-0.0176356
-0.0179024
-0.0181736
-0.0184543
-0.0187422
-0.0190349
-0.0193291
-0.019619
-0.0199088
-0.0202067
-0.0205147
-0.0208324
-0.021155
-0.0214738
-0.0217845
-0.0220907
-0.0224001
-0.0227197
-0.0230514
-0.0233935
-0.0237387
-0.024073
-0.0244003
-0.0247363
-0.0250812
-0.0254277
-0.0257787
-0.0261303
-0.0264765
-0.0268247
-0.0271867
-0.0275661
-0.0279479
-0.0283065
-0.0286486
-0.0290089
-0.0293909
-0.0297666
-0.0301328
-0.0305084
-0.0308965
-0.0312832
-0.0316658
-0.0320509
-0.0324413
-0.0328327
-0.0332242
-0.0336184
-0.0340147
-0.0344133
-0.0348165
-0.0352234
-0.0356313
-0.0360427
-0.0364603
-0.0368799
-0.0372994
-0.0377211
-0.0381487
-0.0385777
-0.0390089
-0.0394433
-0.0398839
-0.0403276
-0.0407744
-0.041225
-0.04168
-0.042139
-0.0426003
-0.0430653
-0.0435332
-0.0440055
-0.0444815
-0.0449619
-0.0454473
-0.0459367
-0.0464317
-0.0469297
-0.0474338
-0.0479404
-0.0484532
-0.0489687
-0.04949
-0.0500147
-0.0505448
-0.0510788
-0.0516185
-0.0521616
-0.0527116
-0.0532637
-0.0538243
-0.054386
-0.0549566
-0.0555288
-0.0561092
-0.0566921
-0.0572826
-0.0578755
-0.0584772
-0.0590792
-0.0596927
-0.0603043
-0.0609285
-0.0615507
-0.0621841
-0.0628168
-0.0634594
-0.0640999
-0.0647521
-0.0653981
-0.066057
-0.0667069
-0.0673667
-0.0680142
-0.0686678
-0.0692983
-0.0699289
-0.0705154
-0.0710831
-0.0715556
-0.0719836
-0.00843617
-0.0079284
-0.0052898
-0.00247922
-5.21335e-05
0.00175471
0.00286953
0.00330804
0.00318329
0.0026774
0.00197382
0.00121539
0.000498357
-0.000122102
-0.000622892
-0.00100327
-0.00127836
-0.00147289
-0.00161514
-0.00173142
-0.00184287
-0.00196389
-0.00210268
-0.00226315
-0.00244628
-0.00265127
-0.00287562
-0.00311634
-0.00337097
-0.00363741
-0.00391414
-0.00419928
-0.00449208
-0.004792
-0.00509919
-0.00541339
-0.00573455
-0.00606396
-0.00640269
-0.00675283
-0.00711547
-0.00749231
-0.00788585
-0.00829627
-0.00872481
-0.00916819
-0.00962411
-0.0100881
-0.0105547
-0.0110245
-0.0114948
-0.0119651
-0.0124305
-0.012878
-0.0132943
-0.0136636
-0.0139784
-0.0142379
-0.0144479
-0.0146146
-0.0147429
-0.0148442
-0.0149236
-0.0149896
-0.0150528
-0.0151202
-0.0152013
-0.0152962
-0.0154045
-0.0155275
-0.0156647
-0.0158222
-0.0159991
-0.0161938
-0.0164075
-0.0166341
-0.0168725
-0.0171209
-0.0173752
-0.0176372
-0.0179042
-0.0181755
-0.0184558
-0.0187426
-0.0190343
-0.0193279
-0.0196183
-0.0199088
-0.0202071
-0.0205147
-0.0208315
-0.0211533
-0.0214716
-0.0217827
-0.0220896
-0.0223997
-0.0227194
-0.0230506
-0.023392
-0.0237367
-0.0240713
-0.0243989
-0.0247352
-0.02508
-0.0254264
-0.0257772
-0.0261288
-0.026475
-0.0268235
-0.0271855
-0.0275645
-0.0279461
-0.0283048
-0.0286472
-0.0290077
-0.0293897
-0.0297652
-0.0301315
-0.0305073
-0.0308953
-0.031282
-0.0316646
-0.0320498
-0.0324403
-0.0328317
-0.0332233
-0.0336175
-0.0340139
-0.0344126
-0.0348158
-0.0352227
-0.0356307
-0.0360421
-0.0364597
-0.0368793
-0.0372989
-0.0377207
-0.0381483
-0.0385773
-0.0390086
-0.039443
-0.0398836
-0.0403273
-0.0407742
-0.0412248
-0.0416798
-0.0421388
-0.0426001
-0.0430652
-0.0435331
-0.0440054
-0.0444814
-0.0449618
-0.0454473
-0.0459366
-0.0464317
-0.0469296
-0.0474338
-0.0479404
-0.0484532
-0.0489687
-0.04949
-0.0500147
-0.0505448
-0.0510788
-0.0516185
-0.0521616
-0.0527117
-0.0532637
-0.0538243
-0.054386
-0.0549567
-0.0555288
-0.0561092
-0.0566921
-0.0572826
-0.0578755
-0.0584772
-0.0590792
-0.0596928
-0.0603043
-0.0609285
-0.0615508
-0.0621842
-0.0628168
-0.0634594
-0.0641
-0.0647522
-0.0653982
-0.0660571
-0.0667071
-0.0673669
-0.0680146
-0.0686682
-0.069299
-0.0699299
-0.0705171
-0.0710854
-0.0715641
-0.0719917
-0.00630723
-0.00652748
-0.00575762
-0.00346062
-0.000682573
0.00155308
0.00291558
0.00340613
0.00322733
0.00265134
0.00190349
0.00113222
0.000422705
-0.000183326
-0.000671284
-0.00104376
-0.00131548
-0.0015091
-0.00165081
-0.00176578
-0.00187513
-0.00199354
-0.00212988
-0.00228823
-0.00246998
-0.00267416
-0.00289828
-0.00313902
-0.00339368
-0.00366018
-0.00393682
-0.00422183
-0.0045142
-0.00481364
-0.0051203
-0.00543412
-0.00575494
-0.0060838
-0.006422
-0.00677123
-0.00713276
-0.00750739
-0.00789727
-0.00830262
-0.00872418
-0.00915987
-0.00960706
-0.0100625
-0.0105214
-0.0109841
-0.0114482
-0.0119109
-0.012367
-0.0128052
-0.0132127
-0.0135756
-0.013888
-0.0141487
-0.0143636
-0.0145397
-0.0146795
-0.0147918
-0.0148818
-0.0149575
-0.0150286
-0.0151018
-0.0151868
-0.0152842
-0.0153946
-0.0155207
-0.0156608
-0.0158214
-0.0160018
-0.0161981
-0.0164116
-0.0166372
-0.0168736
-0.0171208
-0.017375
-0.0176373
-0.017905
-0.0181765
-0.0184562
-0.0187416
-0.0190313
-0.0193243
-0.0196154
-0.0199073
-0.0202063
-0.0205133
-0.0208286
-0.0211492
-0.0214671
-0.0217786
-0.0220864
-0.0223974
-0.0227175
-0.0230483
-0.0233887
-0.0237328
-0.0240676
-0.0243956
-0.0247322
-0.0250771
-0.0254233
-0.0257739
-0.0261255
-0.0264724
-0.0268216
-0.0271834
-0.0275611
-0.0279415
-0.0283005
-0.0286444
-0.0290057
-0.0293872
-0.0297624
-0.0301291
-0.0305052
-0.030893
-0.0312794
-0.0316621
-0.0320475
-0.0324381
-0.0328295
-0.0332213
-0.0336157
-0.0340122
-0.0344109
-0.0348142
-0.0352212
-0.0356293
-0.0360409
-0.0364585
-0.0368781
-0.0372979
-0.0377198
-0.0381474
-0.0385764
-0.0390078
-0.0394423
-0.0398829
-0.0403267
-0.0407736
-0.0412243
-0.0416793
-0.0421384
-0.0425997
-0.0430649
-0.0435328
-0.0440052
-0.0444812
-0.0449617
-0.0454471
-0.0459365
-0.0464315
-0.0469295
-0.0474337
-0.0479403
-0.0484531
-0.0489686
-0.0494899
-0.0500146
-0.0505447
-0.0510788
-0.0516185
-0.0521616
-0.0527116
-0.0532637
-0.0538243
-0.054386
-0.0549567
-0.0555288
-0.0561092
-0.0566921
-0.0572826
-0.0578755
-0.0584772
-0.0590793
-0.0596928
-0.0603044
-0.0609286
-0.0615509
-0.0621842
-0.0628169
-0.0634595
-0.0641002
-0.0647522
-0.0653985
-0.0660573
-0.0667075
-0.0673672
-0.0680154
-0.068669
-0.0693005
-0.0699316
-0.0705208
-0.0710897
-0.0715787
-0.0720074
-0.00920852
-0.00882535
-0.00616191
-0.00304081
-0.000210839
0.0018907
0.0031286
0.00352983
0.0032899
0.00267095
0.00189444
0.00110831
0.000394946
-0.000208773
-0.000692603
-0.00106205
-0.00133296
-0.00152743
-0.00167037
-0.00178589
-0.00189487
-0.00201213
-0.00214712
-0.00230419
-0.00248514
-0.00268907
-0.00291347
-0.00315485
-0.00341019
-0.00367739
-0.00395457
-0.00424006
-0.00453257
-0.00483196
-0.0051385
-0.00545223
-0.00577296
-0.00610136
-0.00643887
-0.00678698
-0.00714683
-0.00751868
-0.00790412
-0.00830353
-0.00871761
-0.00914505
-0.00958348
-0.0100303
-0.0104818
-0.0109371
-0.0113937
-0.0118477
-0.0122937
-0.0127223
-0.0131216
-0.0134789
-0.013789
-0.014051
-0.0142706
-0.0144554
-0.0146073
-0.0147322
-0.014834
-0.0149202
-0.015
-0.0150797
-0.0151687
-0.0152688
-0.0153816
-0.0155113
-0.0156551
-0.0158192
-0.0160033
-0.0162014
-0.0164149
-0.0166391
-0.0168731
-0.0171192
-0.0173737
-0.0176368
-0.0179055
-0.0181774
-0.0184562
-0.0187398
-0.0190275
-0.0193197
-0.019612
-0.0199056
-0.0202054
-0.0205115
-0.0208251
-0.0211443
-0.0214618
-0.0217738
-0.0220827
-0.0223948
-0.0227155
-0.0230457
-0.0233849
-0.0237282
-0.0240629
-0.0243916
-0.0247285
-0.0250735
-0.0254196
-0.0257698
-0.0261216
-0.0264693
-0.026819
-0.0271804
-0.0275566
-0.0279353
-0.0282948
-0.0286408
-0.029003
-0.0293838
-0.0297586
-0.0301259
-0.0305023
-0.0308896
-0.0312757
-0.0316586
-0.0320443
-0.0324348
-0.0328263
-0.0332182
-0.0336128
-0.0340096
-0.0344085
-0.034812
-0.035219
-0.0356273
-0.036039
-0.0364565
-0.0368761
-0.037296
-0.0377181
-0.0381457
-0.0385749
-0.0390065
-0.0394412
-0.0398819
-0.0403256
-0.0407727
-0.0412234
-0.0416785
-0.0421375
-0.0425989
-0.0430641
-0.0435322
-0.0440046
-0.0444807
-0.0449613
-0.0454468
-0.0459361
-0.0464312
-0.0469292
-0.0474334
-0.04794
-0.0484528
-0.0489683
-0.0494896
-0.0500144
-0.0505445
-0.0510786
-0.0516183
-0.0521615
-0.0527115
-0.0532636
-0.0538242
-0.0543859
-0.0549566
-0.0555288
-0.0561092
-0.0566921
-0.0572826
-0.0578755
-0.0584773
-0.0590794
-0.0596928
-0.0603046
-0.0609286
-0.0615511
-0.0621842
-0.0628172
-0.0634595
-0.0641005
-0.0647523
-0.065399
-0.0660574
-0.0667083
-0.0673677
-0.0680167
-0.0686699
-0.0693029
-0.0699338
-0.0705266
-0.0710961
-0.071597
-0.0720295
-0.0100671
-0.00922835
-0.00583381
-0.00236218
0.000396268
0.00228848
0.00331943
0.00359699
0.00330206
0.00265729
0.00186719
0.00107363
0.00035688
-0.000247115
-0.000729214
-0.00109613
-0.00136491
-0.00155801
-0.00169996
-0.00181437
-0.00192186
-0.00203732
-0.0021704
-0.00232572
-0.00250525
-0.00270835
-0.00293243
-0.003174
-0.00342968
-0.00369736
-0.003975
-0.00426088
-0.00455359
-0.00485286
-0.00515921
-0.00547267
-0.00579307
-0.00612074
-0.00645707
-0.00680355
-0.00716104
-0.00752947
-0.00790995
-0.00830298
-0.00870952
-0.00912871
-0.00955846
-0.00999684
-0.0104404
-0.0108877
-0.0113358
-0.0117806
-0.0122171
-0.0126365
-0.0130283
-0.0133806
-0.0136881
-0.0139513
-0.014175
-0.0143676
-0.0145312
-0.0146691
-0.0147839
-0.0148813
-0.0149702
-0.0150565
-0.0151494
-0.0152522
-0.0153675
-0.0155006
-0.0156489
-0.0158168
-0.0160045
-0.0162047
-0.0164179
-0.0166407
-0.0168723
-0.0171173
-0.0173725
-0.0176365
-0.0179062
-0.0181786
-0.0184562
-0.0187378
-0.0190235
-0.019315
-0.0196086
-0.0199041
-0.0202046
-0.0205096
-0.0208211
-0.0211389
-0.0214561
-0.0217687
-0.0220789
-0.0223922
-0.0227132
-0.0230427
-0.0233806
-0.0237229
-0.0240579
-0.0243873
-0.0247245
-0.0250695
-0.0254154
-0.0257654
-0.0261172
-0.0264656
-0.0268158
-0.0271767
-0.0275513
-0.0279287
-0.0282888
-0.0286367
-0.0289997
-0.0293797
-0.0297542
-0.0301221
-0.0304989
-0.0308857
-0.0312714
-0.0316545
-0.0320404
-0.0324311
-0.0328225
-0.0332147
-0.0336095
-0.0340066
-0.0344057
-0.0348093
-0.0352165
-0.0356249
-0.0360366
-0.0364541
-0.0368736
-0.0372937
-0.037716
-0.0381438
-0.0385731
-0.039005
-0.0394398
-0.0398806
-0.0403243
-0.0407715
-0.0412223
-0.0416773
-0.0421364
-0.0425979
-0.0430632
-0.0435313
-0.0440039
-0.0444801
-0.0449608
-0.0454463
-0.0459357
-0.0464308
-0.0469288
-0.047433
-0.0479396
-0.0484525
-0.048968
-0.0494893
-0.0500141
-0.0505443
-0.0510784
-0.0516181
-0.0521613
-0.0527114
-0.0532635
-0.0538241
-0.0543858
-0.0549565
-0.0555288
-0.0561092
-0.0566921
-0.0572826
-0.0578756
-0.0584772
-0.0590795
-0.0596928
-0.0603048
-0.0609285
-0.0615513
-0.0621842
-0.0628175
-0.0634595
-0.0641009
-0.0647524
-0.0653997
-0.0660576
-0.0667093
-0.0673681
-0.0680183
-0.0686711
-0.0693062
-0.0699365
-0.0705337
-0.0711043
-0.0716166
-0.0720552
-0.0104385
-0.00970419
-0.00613068
-0.00243608
0.000457028
0.00238843
0.00338039
0.00359355
0.00325761
0.00260037
0.00180939
0.00101621
0.000298949
-0.000305371
-0.000786502
-0.00115061
-0.00141533
-0.00160412
-0.00174217
-0.00185321
-0.00195773
-0.00207046
-0.00220096
-0.00235391
-0.00253134
-0.00273289
-0.002956
-0.00319722
-0.00345287
-0.00372076
-0.00399876
-0.00428496
-0.00457791
-0.00487698
-0.00518298
-0.00549596
-0.0058157
-0.00614234
-0.006477
-0.00682131
-0.00717591
-0.00754042
-0.00791566
-0.00830202
-0.00870089
-0.00911166
-0.00953244
-0.00996201
-0.0103969
-0.0108355
-0.0112748
-0.011711
-0.0121393
-0.0125501
-0.0129347
-0.0132818
-0.0135863
-0.01385
-0.0140773
-0.014277
-0.0144515
-0.0146026
-0.0147312
-0.0148404
-0.0149388
-0.0150319
-0.0151284
-0.0152341
-0.0153519
-0.0154886
-0.0156421
-0.0158142
-0.0160055
-0.0162078
-0.0164205
-0.0166419
-0.0168713
-0.0171152
-0.0173714
-0.0176363
-0.0179071
-0.0181798
-0.0184562
-0.0187357
-0.0190192
-0.0193102
-0.0196053
-0.0199025
-0.0202036
-0.0205073
-0.0208167
-0.0211332
-0.0214503
-0.0217637
-0.0220752
-0.0223894
-0.0227104
-0.0230391
-0.0233757
-0.0237172
-0.0240527
-0.0243829
-0.0247202
-0.025065
-0.0254108
-0.0257605
-0.0261124
-0.0264614
-0.0268121
-0.0271727
-0.027546
-0.027922
-0.0282825
-0.0286322
-0.028996
-0.0293753
-0.0297494
-0.030118
-0.0304951
-0.0308815
-0.0312668
-0.0316501
-0.0320364
-0.032427
-0.0328185
-0.0332109
-0.033606
-0.0340033
-0.0344027
-0.0348064
-0.0352136
-0.0356223
-0.0360341
-0.0364515
-0.0368711
-0.0372914
-0.0377139
-0.0381417
-0.0385712
-0.0390032
-0.0394383
-0.0398791
-0.0403229
-0.0407702
-0.0412211
-0.0416761
-0.0421352
-0.0425967
-0.0430622
-0.0435304
-0.0440031
-0.0444795
-0.0449602
-0.0454458
-0.0459352
-0.0464303
-0.0469283
-0.0474325
-0.0479392
-0.048452
-0.0489676
-0.049489
-0.0500138
-0.050544
-0.0510781
-0.0516179
-0.0521611
-0.0527112
-0.0532634
-0.053824
-0.0543858
-0.0549564
-0.0555288
-0.0561091
-0.0566921
-0.0572825
-0.0578757
-0.0584772
-0.0590797
-0.0596927
-0.060305
-0.0609285
-0.0615516
-0.0621842
-0.0628179
-0.0634595
-0.0641015
-0.0647524
-0.0654005
-0.0660578
-0.0667105
-0.0673687
-0.0680203
-0.0686724
-0.0693099
-0.0699398
-0.0705417
-0.0711141
-0.0716366
-0.0720829
-0.0109573
-0.010289
-0.00661271
-0.00267504
0.000434054
0.00249402
0.00352342
0.00371101
0.00332678
0.00262653
0.00180601
0.00099449
0.000266036
-0.000344784
-0.000828711
-0.00119245
-0.00145457
-0.00163979
-0.00177423
-0.00188218
-0.00198415
-0.0020948
-0.00222347
-0.00237478
-0.00255073
-0.0027512
-0.00297371
-0.00321487
-0.00347086
-0.00373931
-0.00401809
-0.00430504
-0.00459864
-0.00489796
-0.0052039
-0.00551663
-0.00583585
-0.0061615
-0.00649442
-0.00683633
-0.00718784
-0.00754825
-0.00791803
-0.00829751
-0.00868832
-0.00909033
-0.00950194
-0.00992232
-0.0103483
-0.0107784
-0.0112097
-0.0116381
-0.0120586
-0.0124611
-0.0128376
-0.0131789
-0.0134802
-0.0137442
-0.0139747
-0.0141809
-0.0143656
-0.0145296
-0.0146726
-0.0147947
-0.0149032
-0.0150035
-0.0151039
-0.0152125
-0.0153332
-0.0154736
-0.0156327
-0.0158096
-0.0160046
-0.0162089
-0.0164213
-0.0166413
-0.0168689
-0.0171119
-0.0173692
-0.0176353
-0.0179072
-0.0181804
-0.0184554
-0.0187327
-0.0190141
-0.0193046
-0.0196013
-0.0199002
-0.0202017
-0.0205043
-0.0208118
-0.021127
-0.021444
-0.0217582
-0.0220708
-0.0223856
-0.0227066
-0.0230347
-0.0233704
-0.0237113
-0.0240472
-0.0243779
-0.0247152
-0.0250599
-0.0254058
-0.0257553
-0.0261071
-0.0264567
-0.0268079
-0.0271683
-0.0275403
-0.0279149
-0.0282756
-0.0286271
-0.0289918
-0.0293705
-0.0297443
-0.0301135
-0.030491
-0.0308771
-0.0312619
-0.0316454
-0.0320319
-0.0324226
-0.0328142
-0.0332068
-0.0336021
-0.0339997
-0.0343994
-0.0348032
-0.0352106
-0.0356195
-0.0360314
-0.0364487
-0.0368682
-0.0372888
-0.0377114
-0.0381393
-0.038569
-0.0390013
-0.0394366
-0.0398775
-0.0403214
-0.0407688
-0.0412197
-0.0416748
-0.0421338
-0.0425954
-0.043061
-0.0435294
-0.0440023
-0.0444787
-0.0449596
-0.0454452
-0.0459347
-0.0464298
-0.0469278
-0.047432
-0.0479387
-0.0484516
-0.0489672
-0.0494885
-0.0500135
-0.0505436
-0.0510778
-0.0516176
-0.0521609
-0.052711
-0.0532632
-0.0538238
-0.0543857
-0.0549563
-0.0555287
-0.056109
-0.0566922
-0.0572824
-0.0578758
-0.0584771
-0.0590799
-0.0596926
-0.0603053
-0.0609284
-0.061552
-0.0621841
-0.0628184
-0.0634595
-0.0641022
-0.0647525
-0.0654014
-0.0660581
-0.0667119
-0.0673694
-0.0680226
-0.068674
-0.069314
-0.0699438
-0.0705501
-0.0711253
-0.0716566
-0.0721116
-0.0113703
-0.0107179
-0.00696267
-0.0028622
0.000414355
0.00260159
0.00369571
0.003878
0.00344491
0.00268597
0.0018175
0.000973927
0.000226503
-0.000394437
-0.000882223
-0.00124531
-0.00150402
-0.00168453
-0.00181421
-0.0019179
-0.00201628
-0.00212401
-0.00225018
-0.00239942
-0.00257353
-0.00277257
-0.00299418
-0.00323499
-0.00349113
-0.00375997
-0.00403939
-0.00432702
-0.0046212
-0.00492082
-0.00522672
-0.00553915
-0.00585773
-0.00618215
-0.00651304
-0.00685206
-0.00719995
-0.00755581
-0.00791961
-0.0082917
-0.00867386
-0.00906672
-0.00946907
-0.00988018
-0.0102975
-0.0107195
-0.0111436
-0.0115644
-0.0119765
-0.0123702
-0.0127382
-0.0130735
-0.0133716
-0.0136356
-0.0138695
-0.0140817
-0.0142762
-0.0144525
-0.0146098
-0.0147456
-0.0148649
-0.0149731
-0.0150779
-0.0151893
-0.015313
-0.015457
-0.0156217
-0.0158042
-0.0160031
-0.0162097
-0.0164216
-0.0166401
-0.0168661
-0.0171084
-0.0173669
-0.0176345
-0.0179075
-0.018181
-0.0184546
-0.0187295
-0.0190089
-0.0192989
-0.0195971
-0.0198977
-0.0201995
-0.0205012
-0.0208068
-0.0211207
-0.0214376
-0.0217525
-0.0220661
-0.0223816
-0.0227026
-0.0230304
-0.0233652
-0.0237054
-0.0240415
-0.0243727
-0.0247099
-0.0250546
-0.0254006
-0.0257499
-0.0261017
-0.0264519
-0.0268035
-0.0271636
-0.0275343
-0.0279074
-0.0282685
-0.0286218
-0.0289875
-0.0293657
-0.0297391
-0.0301087
-0.0304866
-0.0308723
-0.0312568
-0.0316404
-0.0320272
-0.032418
-0.0328096
-0.0332025
-0.0335981
-0.0339959
-0.0343959
-0.0347998
-0.0352074
-0.0356165
-0.0360285
-0.0364457
-0.0368652
-0.037286
-0.0377089
-0.0381369
-0.0385668
-0.0389994
-0.0394349
-0.0398758
-0.0403198
-0.0407672
-0.0412183
-0.0416734
-0.0421325
-0.0425942
-0.0430598
-0.0435284
-0.0440014
-0.0444779
-0.0449589
-0.0454446
-0.0459341
-0.0464293
-0.0469273
-0.0474315
-0.0479382
-0.0484511
-0.0489668
-0.0494881
-0.0500131
-0.0505433
-0.0510776
-0.0516173
-0.0521607
-0.0527107
-0.0532631
-0.0538236
-0.0543856
-0.0549561
-0.0555287
-0.0561088
-0.0566923
-0.0572823
-0.057876
-0.058477
-0.0590802
-0.0596925
-0.0603057
-0.0609283
-0.0615525
-0.0621841
-0.0628189
-0.0634595
-0.0641029
-0.0647526
-0.0654025
-0.0660584
-0.0667135
-0.0673702
-0.0680251
-0.068676
-0.0693183
-0.0699486
-0.070559
-0.0711379
-0.0716767
-0.072141
-0.0117177
-0.0110705
-0.00726024
-0.0030528
0.000344559
0.00263155
0.00379098
0.00399014
0.00353374
0.00273287
0.00182186
0.000944586
0.000174582
-0.000459162
-0.00095168
-0.00131361
-0.00156767
-0.00174192
-0.00186517
-0.00196294
-0.0020562
-0.00215965
-0.00228229
-0.00242867
-0.00260039
-0.00279753
-0.0030178
-0.00325786
-0.00351386
-0.00378289
-0.00406277
-0.00435095
-0.00464562
-0.00494556
-0.00525142
-0.00556351
-0.00588133
-0.00620428
-0.00653278
-0.00686842
-0.00721206
-0.00756273
-0.00791997
-0.00828414
-0.0086573
-0.00904086
-0.00943407
-0.00983624
-0.0102453
-0.0106596
-0.0110762
-0.0114889
-0.0118921
-0.0122768
-0.0126367
-0.0129663
-0.0132615
-0.0135255
-0.0137623
-0.0139799
-0.0141834
-0.0143714
-0.0145427
-0.0146929
-0.0148237
-0.0149404
-0.0150498
-0.0151642
-0.015291
-0.0154384
-0.0156089
-0.0157974
-0.0160008
-0.01621
-0.0164213
-0.0166381
-0.0168628
-0.0171041
-0.017364
-0.0176334
-0.0179075
-0.0181815
-0.0184534
-0.0187256
-0.0190033
-0.0192929
-0.0195926
-0.019895
-0.0201972
-0.0204978
-0.0208016
-0.0211142
-0.021431
-0.0217464
-0.022061
-0.0223773
-0.0226984
-0.0230257
-0.0233596
-0.0236989
-0.0240351
-0.024367
-0.0247043
-0.025049
-0.0253951
-0.0257443
-0.026096
-0.0264466
-0.0267986
-0.0271584
-0.027528
-0.0278998
-0.0282612
-0.0286162
-0.0289827
-0.0293603
-0.0297334
-0.0301035
-0.0304818
-0.0308673
-0.0312514
-0.031635
-0.0320223
-0.0324132
-0.0328049
-0.0331979
-0.0335938
-0.0339919
-0.0343921
-0.0347962
-0.0352039
-0.0356132
-0.0360254
-0.0364425
-0.0368621
-0.0372832
-0.0377063
-0.0381343
-0.0385643
-0.0389973
-0.039433
-0.039874
-0.040318
-0.0407656
-0.0412167
-0.0416719
-0.042131
-0.0425927
-0.0430585
-0.0435272
-0.0440004
-0.044477
-0.0449582
-0.0454439
-0.0459335
-0.0464287
-0.0469267
-0.0474309
-0.0479376
-0.0484505
-0.0489663
-0.0494876
-0.0500127
-0.0505429
-0.0510773
-0.051617
-0.0521605
-0.0527104
-0.053263
-0.0538233
-0.0543856
-0.0549559
-0.0555287
-0.0561086
-0.0566923
-0.0572821
-0.0578762
-0.0584768
-0.0590805
-0.0596924
-0.0603061
-0.0609282
-0.061553
-0.062184
-0.0628195
-0.0634595
-0.0641037
-0.0647527
-0.0654036
-0.0660589
-0.0667151
-0.0673713
-0.0680277
-0.0686785
-0.0693229
-0.0699543
-0.0705684
-0.0711515
-0.071697
-0.0721707
-0.0120239
-0.0113815
-0.00753067
-0.00324909
0.000230889
0.00259513
0.0038193
0.00405499
0.00360131
0.00277843
0.00183572
0.00092868
0.000135525
-0.000513899
-0.00101502
-0.00137953
-0.00163172
-0.00180134
-0.00191862
-0.00201022
-0.00209764
-0.002196
-0.00231436
-0.00245728
-0.00262624
-0.00282116
-0.00303986
-0.00327902
-0.00353481
-0.00380408
-0.00408446
-0.00437327
-0.00466852
-0.00496889
-0.00527483
-0.00558664
-0.00590371
-0.00622512
-0.00655102
-0.00688292
-0.00722173
-0.00756663
-0.00791688
-0.00827287
-0.00863696
-0.00901115
-0.00939535
-0.00978883
-0.0101898
-0.0105962
-0.0110049
-0.0114093
-0.0118038
-0.0121803
-0.0125328
-0.0128568
-0.0131487
-0.0134121
-0.0136514
-0.0138742
-0.014086
-0.0142852
-0.0144699
-0.0146345
-0.0147775
-0.0149032
-0.0150181
-0.0151358
-0.0152659
-0.015417
-0.015593
-0.015788
-0.0159964
-0.0162087
-0.0164194
-0.0166343
-0.0168578
-0.0170982
-0.0173593
-0.0176312
-0.0179071
-0.0181815
-0.0184513
-0.0187206
-0.0189967
-0.0192862
-0.0195874
-0.0198917
-0.0201942
-0.0204937
-0.0207956
-0.0211068
-0.0214236
-0.0217398
-0.0220553
-0.0223724
-0.0226936
-0.0230203
-0.0233532
-0.0236916
-0.0240283
-0.0243611
-0.0246984
-0.0250428
-0.0253891
-0.0257381
-0.0260896
-0.0264405
-0.0267929
-0.0271526
-0.0275212
-0.027892
-0.0282536
-0.02861
-0.0289773
-0.0293545
-0.0297273
-0.0300978
-0.0304766
-0.030862
-0.0312456
-0.0316293
-0.0320169
-0.032408
-0.0327997
-0.0331929
-0.0335891
-0.0339875
-0.034388
-0.0347923
-0.0352002
-0.0356097
-0.0360221
-0.0364391
-0.0368587
-0.03728
-0.0377034
-0.0381315
-0.0385617
-0.0389949
-0.0394309
-0.039872
-0.0403161
-0.0407638
-0.0412151
-0.0416702
-0.0421294
-0.0425912
-0.0430572
-0.0435259
-0.0439993
-0.0444761
-0.0449574
-0.0454432
-0.0459328
-0.046428
-0.0469261
-0.0474303
-0.0479371
-0.0484499
-0.0489658
-0.0494871
-0.0500123
-0.0505424
-0.0510769
-0.0516166
-0.0521602
-0.0527101
-0.0532628
-0.0538231
-0.0543855
-0.0549557
-0.0555288
-0.0561085
-0.0566925
-0.057282
-0.0578764
-0.0584767
-0.0590809
-0.0596923
-0.0603065
-0.0609281
-0.0615535
-0.062184
-0.0628202
-0.0634596
-0.0641046
-0.064753
-0.0654048
-0.0660596
-0.0667168
-0.0673728
-0.0680304
-0.0686815
-0.0693277
-0.069961
-0.0705783
-0.0711661
-0.0717178
-0.0722008
-0.012307
-0.0116653
-0.00778163
-0.00344606
9.64231e-05
0.00252399
0.00380813
0.00408719
0.003651
0.00282197
0.00185963
0.00092833
0.000112198
-0.000555897
-0.00107031
-0.00144209
-0.00169616
-0.00186361
-0.00197617
-0.00206192
-0.00214319
-0.00223581
-0.00234911
-0.00248783
-0.00265338
-0.00284557
-0.00306229
-0.0033002
-0.00355551
-0.00382489
-0.00410578
-0.00439528
-0.00469116
-0.00499198
-0.00529803
-0.00560954
-0.00592586
-0.00624569
-0.00656888
-0.00689669
-0.00723019
-0.00756885
-0.00791169
-0.00825932
-0.00861418
-0.00897886
-0.00935391
-0.00973856
-0.0101314
-0.0105297
-0.0109304
-0.0113271
-0.0117136
-0.0120828
-0.0124279
-0.0127458
-0.0130338
-0.0132958
-0.0135376
-0.0137656
-0.0139856
-0.0141958
-0.0143933
-0.0145718
-0.0147271
-0.0148622
-0.0149833
-0.0151049
-0.0152388
-0.0153938
-0.0155755
-0.0157769
-0.0159903
-0.0162059
-0.0164165
-0.0166294
-0.0168518
-0.0170915
-0.0173535
-0.0176283
-0.0179065
-0.0181813
-0.0184488
-0.018715
-0.0189896
-0.0192793
-0.0195822
-0.019888
-0.0201906
-0.0204892
-0.0207895
-0.0210991
-0.0214159
-0.0217332
-0.0220496
-0.0223671
-0.0226882
-0.0230146
-0.0233465
-0.0236843
-0.0240215
-0.0243551
-0.024692
-0.025036
-0.0253827
-0.0257317
-0.026083
-0.0264341
-0.0267869
-0.0271466
-0.0275145
-0.0278841
-0.0282457
-0.0286035
-0.0289716
-0.0293485
-0.0297209
-0.0300918
-0.0304711
-0.0308564
-0.0312396
-0.0316232
-0.0320112
-0.0324027
-0.0327944
-0.0331878
-0.0335843
-0.0339831
-0.0343838
-0.0347882
-0.0351963
-0.0356061
-0.0360185
-0.0364356
-0.0368553
-0.0372768
-0.0377004
-0.0381287
-0.0385591
-0.0389926
-0.0394289
-0.0398701
-0.0403142
-0.040762
-0.0412134
-0.0416686
-0.0421278
-0.0425897
-0.0430558
-0.0435247
-0.0439982
-0.0444751
-0.0449566
-0.0454424
-0.0459321
-0.0464273
-0.0469255
-0.0474297
-0.0479365
-0.0484494
-0.0489653
-0.0494866
-0.0500119
-0.0505419
-0.0510766
-0.0516162
-0.05216
-0.0527097
-0.0532627
-0.0538228
-0.0543855
-0.0549554
-0.0555288
-0.0561082
-0.0566926
-0.0572818
-0.0578767
-0.0584765
-0.0590812
-0.0596921
-0.060307
-0.0609281
-0.061554
-0.0621841
-0.0628208
-0.0634599
-0.0641054
-0.0647535
-0.0654059
-0.0660606
-0.0667185
-0.0673747
-0.0680332
-0.0686853
-0.0693329
-0.0699686
-0.0705889
-0.0711815
-0.0717391
-0.0722309
-0.0125683
-0.0119268
-0.00801663
-0.00363908
-4.60144e-05
0.00243448
0.00377132
0.00409315
0.00368124
0.00285644
0.00188378
0.000934348
9.78875e-05
-0.000589132
-0.00111923
-0.00150173
-0.00176097
-0.00192884
-0.00203832
-0.00211891
-0.00219399
-0.00228035
-0.00238787
-0.00252159
-0.00268301
-0.00287182
-0.00308603
-0.00332221
-0.00357665
-0.00384587
-0.00412711
-0.00441734
-0.00471391
-0.00501519
-0.00532129
-0.00563242
-0.00594791
-0.00626606
-0.00658636
-0.00690975
-0.0072375
-0.0075694
-0.00790444
-0.00824336
-0.00858872
-0.00894365
-0.00930939
-0.00968517
-0.0100699
-0.0104605
-0.0108539
-0.0112437
-0.011623
-0.0119847
-0.012322
-0.012633
-0.0129167
-0.0131772
-0.0134215
-0.0136548
-0.0138828
-0.0141039
-0.0143132
-0.0145048
-0.0146719
-0.0148166
-0.0149448
-0.0150709
-0.0152091
-0.0153687
-0.015556
-0.015764
-0.0159821
-0.016201
-0.0164121
-0.0166231
-0.0168447
-0.0170839
-0.0173463
-0.0176243
-0.0179053
-0.0181804
-0.0184458
-0.0187089
-0.018982
-0.019272
-0.0195765
-0.0198837
-0.0201862
-0.0204842
-0.020783
-0.0210909
-0.0214077
-0.0217263
-0.0220436
-0.0223612
-0.0226821
-0.0230081
-0.0233395
-0.0236766
-0.0240142
-0.0243484
-0.024685
-0.0250287
-0.0253759
-0.025725
-0.0260761
-0.0264273
-0.0267805
-0.0271401
-0.0275072
-0.0278757
-0.0282372
-0.0285963
-0.0289654
-0.0293421
-0.0297142
-0.0300854
-0.0304651
-0.0308505
-0.0312333
-0.0316168
-0.0320052
-0.032397
-0.0327887
-0.0331822
-0.0335791
-0.0339782
-0.0343792
-0.0347838
-0.035192
-0.0356021
-0.0360147
-0.0364318
-0.0368516
-0.0372733
-0.0376972
-0.0381255
-0.038556
-0.0389899
-0.0394264
-0.0398677
-0.040312
-0.0407599
-0.0412114
-0.0416667
-0.042126
-0.042588
-0.0430543
-0.0435232
-0.043997
-0.044474
-0.0449556
-0.0454415
-0.0459313
-0.0464265
-0.0469247
-0.0474289
-0.0479358
-0.0484486
-0.0489647
-0.0494859
-0.0500114
-0.0505414
-0.0510763
-0.0516157
-0.0521598
-0.0527093
-0.0532626
-0.0538224
-0.0543855
-0.0549552
-0.0555289
-0.056108
-0.0566928
-0.0572816
-0.0578769
-0.0584763
-0.0590816
-0.0596921
-0.0603074
-0.0609282
-0.0615545
-0.0621843
-0.0628214
-0.0634602
-0.0641062
-0.0647542
-0.0654071
-0.0660618
-0.0667202
-0.0673771
-0.0680362
-0.0686896
-0.0693386
-0.069977
-0.0706002
-0.0711976
-0.071761
-0.0722611
-0.0128101
-0.0121703
-0.008238
-0.00382556
-0.000190902
0.00233374
0.00371566
0.00407667
0.00369112
0.00287701
0.00190064
0.000938942
8.62897e-05
-0.000617644
-0.00116339
-0.00155828
-0.00182511
-0.00199594
-0.00210434
-0.00218097
-0.00225027
-0.00233012
-0.00243125
-0.00255914
-0.00271556
-0.0029002
-0.00311124
-0.00334514
-0.00359823
-0.00386688
-0.00414822
-0.00443906
-0.00473631
-0.00503812
-0.00534421
-0.00565488
-0.00596936
-0.00628571
-0.00660292
-0.00692161
-0.0072432
-0.00756785
-0.00789472
-0.0082245
-0.00856006
-0.00890505
-0.00926155
-0.00962881
-0.0100058
-0.0103894
-0.0107761
-0.0111594
-0.0115312
-0.0118849
-0.0122141
-0.012518
-0.0127975
-0.0130569
-0.0133035
-0.0135422
-0.013778
-0.0140093
-0.0142299
-0.0144332
-0.0146115
-0.0147655
-0.0149017
-0.0150332
-0.0151763
-0.0153414
-0.0155347
-0.0157492
-0.0159717
-0.0161932
-0.0164055
-0.0166152
-0.0168361
-0.017075
-0.0173378
-0.0176188
-0.0179028
-0.0181784
-0.018442
-0.0187022
-0.0189739
-0.0192641
-0.0195698
-0.0198782
-0.0201807
-0.0204782
-0.0207763
-0.0210826
-0.0213991
-0.0217189
-0.022037
-0.0223546
-0.0226753
-0.0230012
-0.0233322
-0.0236685
-0.0240062
-0.0243411
-0.0246776
-0.0250211
-0.0253687
-0.0257179
-0.0260686
-0.02642
-0.0267734
-0.0271329
-0.0274993
-0.0278669
-0.0282286
-0.0285888
-0.0289587
-0.0293353
-0.0297071
-0.0300785
-0.0304587
-0.0308442
-0.0312267
-0.0316099
-0.0319987
-0.0323909
-0.0327828
-0.0331763
-0.0335735
-0.0339731
-0.0343744
-0.0347791
-0.0351875
-0.0355979
-0.0360107
-0.0364277
-0.0368476
-0.0372696
-0.0376938
-0.0381222
-0.038553
-0.0389871
-0.0394239
-0.0398654
-0.0403098
-0.0407579
-0.0412095
-0.0416648
-0.0421242
-0.0425862
-0.0430527
-0.0435219
-0.0439957
-0.0444729
-0.0449546
-0.0454406
-0.0459306
-0.0464257
-0.0469241
-0.0474282
-0.0479353
-0.048448
-0.0489641
-0.0494853
-0.0500109
-0.0505409
-0.0510759
-0.0516153
-0.0521595
-0.052709
-0.0532625
-0.0538221
-0.0543854
-0.0549549
-0.0555289
-0.0561078
-0.0566929
-0.0572814
-0.0578772
-0.0584762
-0.0590819
-0.0596921
-0.0603078
-0.0609284
-0.0615549
-0.0621846
-0.062822
-0.0634608
-0.064107
-0.0647552
-0.0654082
-0.0660635
-0.0667221
-0.0673798
-0.0680395
-0.0686945
-0.069345
-0.0699861
-0.0706124
-0.0712144
-0.0717833
-0.0722911
-0.0130357
-0.0123969
-0.00844552
-0.00400358
-0.000334459
0.002227
0.003647
0.00404239
0.00368214
0.00288148
0.00190691
0.000938197
7.37747e-05
-0.000644072
-0.00120408
-0.0016116
-0.00188751
-0.00206304
-0.00217213
-0.00224624
-0.00231066
-0.00238428
-0.00247876
-0.00260024
-0.00275093
-0.00293062
-0.00313777
-0.00336877
-0.00362003
-0.00388764
-0.0041687
-0.00445989
-0.00475781
-0.00506024
-0.00536636
-0.00567651
-0.00598981
-0.0063042
-0.00661816
-0.00693185
-0.00724688
-0.00756374
-0.007882
-0.00820227
-0.00852778
-0.00886279
-0.00921022
-0.00956956
-0.00993938
-0.0103166
-0.0106968
-0.0110734
-0.0114376
-0.011783
-0.0121046
-0.0124018
-0.0126774
-0.0129353
-0.0131835
-0.0134276
-0.013671
-0.0139124
-0.0141434
-0.0143571
-0.0145457
-0.0147087
-0.0148533
-0.0149914
-0.0151402
-0.0153119
-0.0155114
-0.0157321
-0.0159589
-0.0161822
-0.0163958
-0.0166052
-0.0168255
-0.0170648
-0.0173284
-0.0176122
-0.0178988
-0.0181748
-0.018437
-0.0186951
-0.0189654
-0.0192556
-0.019562
-0.0198717
-0.0201744
-0.0204715
-0.0207693
-0.0210745
-0.0213899
-0.0217103
-0.0220294
-0.0223474
-0.0226681
-0.0229938
-0.0233243
-0.0236598
-0.0239976
-0.0243335
-0.02467
-0.0250129
-0.0253608
-0.0257102
-0.0260605
-0.0264119
-0.0267656
-0.0271251
-0.0274913
-0.0278583
-0.0282199
-0.0285809
-0.0289515
-0.0293279
-0.0296995
-0.030071
-0.0304517
-0.0308375
-0.0312198
-0.0316028
-0.0319919
-0.0323847
-0.0327766
-0.0331702
-0.0335677
-0.0339677
-0.0343693
-0.0347742
-0.0351828
-0.0355935
-0.0360064
-0.0364234
-0.0368434
-0.0372658
-0.0376903
-0.0381189
-0.0385498
-0.0389843
-0.0394213
-0.0398628
-0.0403073
-0.0407556
-0.0412074
-0.0416627
-0.0421222
-0.0425844
-0.043051
-0.0435204
-0.0439944
-0.0444717
-0.0449535
-0.0454396
-0.0459297
-0.0464248
-0.0469233
-0.0474273
-0.0479345
-0.0484472
-0.0489635
-0.0494846
-0.0500104
-0.0505402
-0.0510755
-0.0516147
-0.0521593
-0.0527085
-0.0532623
-0.0538217
-0.0543853
-0.0549546
-0.055529
-0.0561075
-0.056693
-0.0572813
-0.0578774
-0.0584762
-0.0590822
-0.0596923
-0.0603081
-0.0609287
-0.0615553
-0.0621851
-0.0628226
-0.0634616
-0.0641078
-0.0647564
-0.0654095
-0.0660654
-0.0667242
-0.067383
-0.0680434
-0.0687
-0.0693522
-0.0699959
-0.0706255
-0.0712319
-0.0718061
-0.0723211
-0.0132442
-0.0126063
-0.00863848
-0.00417167
-0.000474102
0.00211799
0.00356994
0.00399474
0.00365732
0.00287062
0.00190111
0.000929975
5.79645e-05
-0.000670475
-0.00124254
-0.00166186
-0.00194727
-0.00212872
-0.00223991
-0.00231281
-0.00237352
-0.0024416
-0.00252966
-0.00264454
-0.00278899
-0.00296314
-0.00316563
-0.00339311
-0.00364191
-0.00390801
-0.0041883
-0.00447944
-0.0047779
-0.005081
-0.00538728
-0.00569682
-0.00600875
-0.00632096
-0.00663151
-0.00693995
-0.00724803
-0.0075566
-0.00786586
-0.0081765
-0.00849199
-0.00881721
-0.00915579
-0.0095077
-0.00987096
-0.0102421
-0.0106159
-0.0109857
-0.0113427
-0.0116803
-0.0119946
-0.0122852
-0.012556
-0.012812
-0.0130615
-0.0133109
-0.0135623
-0.0138133
-0.0140543
-0.0142771
-0.0144748
-0.0146462
-0.014799
-0.0149448
-0.0151007
-0.01528
-0.015486
-0.0157127
-0.0159437
-0.0161682
-0.0163829
-0.0165925
-0.0168127
-0.0170536
-0.017319
-0.0176047
-0.017893
-0.0181686
-0.0184301
-0.0186872
-0.0189569
-0.0192471
-0.0195535
-0.0198638
-0.020167
-0.0204639
-0.0207618
-0.0210663
-0.0213803
-0.0217007
-0.0220208
-0.0223397
-0.0226607
-0.022986
-0.0233157
-0.0236505
-0.0239886
-0.0243255
-0.0246619
-0.025004
-0.0253522
-0.0257021
-0.0260521
-0.0264034
-0.0267575
-0.0271172
-0.0274831
-0.0278493
-0.0282105
-0.0285723
-0.0289436
-0.0293201
-0.0296916
-0.0300633
-0.0304444
-0.0308306
-0.0312127
-0.0315952
-0.0319846
-0.0323781
-0.0327702
-0.0331636
-0.0335615
-0.0339619
-0.0343639
-0.0347689
-0.0351778
-0.0355888
-0.0360019
-0.036419
-0.0368391
-0.0372619
-0.0376865
-0.0381152
-0.0385463
-0.0389811
-0.0394184
-0.0398601
-0.0403048
-0.0407532
-0.0412052
-0.0416606
-0.0421202
-0.0425825
-0.0430493
-0.0435187
-0.0439929
-0.0444703
-0.0449523
-0.0454385
-0.0459287
-0.0464239
-0.0469224
-0.0474264
-0.0479338
-0.0484464
-0.0489629
-0.0494839
-0.0500099
-0.0505396
-0.0510751
-0.0516142
-0.052159
-0.0527081
-0.0532621
-0.0538214
-0.0543853
-0.0549544
-0.055529
-0.0561074
-0.0566931
-0.0572812
-0.0578776
-0.0584763
-0.0590824
-0.0596926
-0.0603083
-0.0609292
-0.0615557
-0.0621858
-0.0628231
-0.0634625
-0.0641087
-0.0647578
-0.0654109
-0.0660676
-0.0667267
-0.0673865
-0.0680478
-0.068706
-0.0693601
-0.0700065
-0.0706394
-0.0712501
-0.0718294
-0.0723509
-0.0134402
-0.0128006
-0.0088173
-0.00432929
-0.000608095
0.00200929
0.0034877
0.00393726
0.00361977
0.00284636
0.00188344
0.000912887
3.68758e-05
-0.000698981
-0.00128053
-0.00171004
-0.00200446
-0.00219226
-0.00230657
-0.00237928
-0.00243736
-0.00250073
-0.00258293
-0.00269132
-0.00282933
-0.00299752
-0.00319471
-0.00341808
-0.00366378
-0.00392791
-0.00420694
-0.00449763
-0.00479641
-0.00510011
-0.00540672
-0.0057156
-0.00602603
-0.00633586
-0.00664281
-0.00694588
-0.00724663
-0.0075465
-0.00784639
-0.00814735
-0.00845295
-0.0087686
-0.00909847
-0.00944317
-0.00980026
-0.0101656
-0.0105336
-0.0108972
-0.0112475
-0.0115775
-0.011884
-0.0121674
-0.0124329
-0.012687
-0.0129383
-0.0131935
-0.013453
-0.0137129
-0.0139631
-0.0141938
-0.0143991
-0.0145779
-0.0147383
-0.0148927
-0.0150573
-0.0152457
-0.015459
-0.0156909
-0.0159258
-0.0161512
-0.0163662
-0.0165766
-0.0167977
-0.0170415
-0.0173095
-0.0175964
-0.0178847
-0.0181593
-0.0184207
-0.0186786
-0.0189486
-0.0192388
-0.0195444
-0.0198543
-0.0201581
-0.0204552
-0.0207535
-0.0210577
-0.0213704
-0.0216904
-0.0220114
-0.0223314
-0.0226528
-0.0229776
-0.0233064
-0.0236407
-0.023979
-0.0243168
-0.0246533
-0.0249947
-0.0253432
-0.0256938
-0.0260436
-0.0263944
-0.0267488
-0.0271087
-0.027474
-0.0278395
-0.0282008
-0.0285636
-0.0289356
-0.0293121
-0.0296834
-0.0300551
-0.0304365
-0.0308232
-0.0312052
-0.0315873
-0.031977
-0.0323712
-0.0327636
-0.0331568
-0.0335549
-0.033956
-0.0343582
-0.0347634
-0.0351725
-0.0355839
-0.0359971
-0.0364142
-0.0368345
-0.0372575
-0.0376825
-0.0381114
-0.0385427
-0.0389779
-0.0394156
-0.0398574
-0.0403022
-0.0407507
-0.0412029
-0.0416583
-0.042118
-0.0425804
-0.0430474
-0.043517
-0.0439914
-0.0444689
-0.0449512
-0.0454374
-0.0459278
-0.0464229
-0.0469216
-0.0474255
-0.047933
-0.0484455
-0.0489622
-0.0494831
-0.0500093
-0.050539
-0.0510747
-0.0516136
-0.0521586
-0.0527076
-0.0532619
-0.053821
-0.0543851
-0.0549541
-0.0555289
-0.0561073
-0.0566932
-0.0572812
-0.0578776
-0.0584765
-0.0590825
-0.059693
-0.0603085
-0.0609297
-0.061556
-0.0621866
-0.0628238
-0.0634636
-0.0641097
-0.0647594
-0.0654126
-0.06607
-0.0667296
-0.0673904
-0.0680528
-0.0687126
-0.0693688
-0.0700179
-0.0706541
-0.071269
-0.071853
-0.0723804
-0.0136189
-0.0129789
-0.00898256
-0.00447655
-0.000735625
0.00190265
0.00340292
0.00387303
0.00357255
0.00281116
0.00185517
0.000886924
9.44599e-06
-0.000730938
-0.00131933
-0.00175694
-0.00205923
-0.00225313
-0.00237101
-0.00244443
-0.00250081
-0.00256048
-0.00263759
-0.00274002
-0.00287174
-0.00303384
-0.00322536
-0.00344405
-0.00368605
-0.00394763
-0.00422495
-0.0045147
-0.00481343
-0.00511744
-0.00542433
-0.00573253
-0.00604131
-0.00634847
-0.00665156
-0.00694911
-0.00724221
-0.00753301
-0.00782316
-0.00811441
-0.00841036
-0.00871672
-0.00903827
-0.00937611
-0.00972771
-0.0100881
-0.0104512
-0.0108089
-0.0111524
-0.0114743
-0.0117722
-0.012048
-0.0123083
-0.0125613
-0.0128153
-0.0130763
-0.0133434
-0.0136115
-0.0138697
-0.0141071
-0.0143185
-0.0145035
-0.014671
-0.014835
-0.0150101
-0.0152087
-0.0154302
-0.0156667
-0.0159043
-0.0161304
-0.0163453
-0.0165572
-0.0167807
-0.0170283
-0.0172997
-0.0175867
-0.0178735
-0.0181468
-0.0184089
-0.0186693
-0.0189407
-0.0192309
-0.0195347
-0.0198426
-0.0201469
-0.0204453
-0.0207444
-0.021049
-0.0213607
-0.0216795
-0.0220011
-0.022322
-0.022644
-0.0229687
-0.0232969
-0.0236304
-0.0239685
-0.0243073
-0.0246446
-0.0249853
-0.0253334
-0.0256844
-0.0260341
-0.0263846
-0.0267392
-0.0270994
-0.0274646
-0.0278296
-0.0281909
-0.0285544
-0.0289271
-0.0293035
-0.0296747
-0.0300464
-0.0304282
-0.0308154
-0.0311974
-0.031579
-0.0319687
-0.0323638
-0.0327566
-0.0331496
-0.0335479
-0.0339497
-0.0343523
-0.0347575
-0.0351669
-0.0355786
-0.0359922
-0.0364093
-0.0368298
-0.0372533
-0.0376785
-0.0381075
-0.038539
-0.0389744
-0.0394124
-0.0398543
-0.0402993
-0.040748
-0.0412004
-0.041656
-0.0421158
-0.0425783
-0.0430455
-0.0435152
-0.0439899
-0.0444675
-0.0449499
-0.0454361
-0.0459266
-0.0464218
-0.0469206
-0.0474245
-0.0479321
-0.0484446
-0.0489614
-0.0494823
-0.0500087
-0.0505383
-0.0510742
-0.0516131
-0.0521583
-0.0527072
-0.0532616
-0.0538208
-0.0543849
-0.054954
-0.0555288
-0.0561073
-0.0566932
-0.0572814
-0.0578777
-0.0584768
-0.0590826
-0.0596935
-0.0603088
-0.0609304
-0.0615565
-0.0621874
-0.0628245
-0.0634648
-0.0641109
-0.0647611
-0.0654146
-0.0660726
-0.066733
-0.0673947
-0.0680584
-0.0687199
-0.0693782
-0.0700301
-0.0706696
-0.0712885
-0.071877
-0.0724098
-0.0137842
-0.0131423
-0.00913425
-0.00461307
-0.000855719
0.0017998
0.00331805
0.00380509
0.00351887
0.002768
0.00181859
0.000853393
-2.40696e-05
-0.00076684
-0.00135985
-0.0018035
-0.00211223
-0.00231159
-0.00243302
-0.00250773
-0.00256312
-0.00261991
-0.00269257
-0.0027896
-0.00291532
-0.00307134
-0.00325702
-0.00347049
-0.00370828
-0.00396671
-0.00424192
-0.00453036
-0.00482856
-0.00513255
-0.00543951
-0.00574708
-0.00605409
-0.0063584
-0.00665736
-0.00694928
-0.00723466
-0.00751616
-0.00779634
-0.00807775
-0.00836438
-0.00866188
-0.00897567
-0.00930727
-0.00965412
-0.0100104
-0.0103687
-0.0107206
-0.0110568
-0.0113702
-0.011659
-0.0119272
-0.0121829
-0.0124356
-0.0126926
-0.0129591
-0.0132336
-0.0135091
-0.0137745
-0.0140176
-0.0142332
-0.0144232
-0.0145975
-0.0147718
-0.0149591
-0.0151688
-0.015399
-0.0156396
-0.0158787
-0.0161054
-0.0163204
-0.0165348
-0.0167621
-0.0170139
-0.0172887
-0.0175748
-0.0178591
-0.0181314
-0.018395
-0.018659
-0.0189326
-0.0192224
-0.019524
-0.0198291
-0.0201335
-0.0204342
-0.0207349
-0.0210402
-0.021351
-0.0216679
-0.0219891
-0.0223112
-0.0226343
-0.0229596
-0.0232872
-0.0236195
-0.0239569
-0.0242967
-0.0246353
-0.0249758
-0.0253229
-0.0256743
-0.0260244
-0.0263745
-0.0267291
-0.0270898
-0.0274549
-0.0278196
-0.0281806
-0.0285445
-0.0289178
-0.0292944
-0.0296655
-0.0300371
-0.0304193
-0.0308071
-0.0311894
-0.0315705
-0.0319602
-0.0323563
-0.0327496
-0.0331423
-0.0335406
-0.0339431
-0.0343462
-0.0347514
-0.0351611
-0.0355733
-0.0359871
-0.0364042
-0.0368249
-0.0372486
-0.0376741
-0.0381033
-0.0385351
-0.0389709
-0.0394092
-0.0398513
-0.0402964
-0.0407453
-0.0411979
-0.0416536
-0.0421135
-0.042576
-0.0430434
-0.0435133
-0.0439882
-0.0444659
-0.0449485
-0.0454348
-0.0459255
-0.0464206
-0.0469196
-0.0474235
-0.0479313
-0.0484437
-0.0489607
-0.0494815
-0.050008
-0.0505376
-0.0510736
-0.0516125
-0.0521578
-0.0527068
-0.0532612
-0.0538205
-0.0543847
-0.0549538
-0.0555286
-0.0561072
-0.056693
-0.0572815
-0.0578776
-0.0584772
-0.0590827
-0.059694
-0.060309
-0.0609311
-0.0615571
-0.0621883
-0.0628255
-0.063466
-0.0641124
-0.064763
-0.065417
-0.0660756
-0.0667368
-0.0673995
-0.0680646
-0.0687279
-0.0693885
-0.0700431
-0.0706859
-0.0713087
-0.0719013
-0.0724389
-0.0139321
-0.0132896
-0.00927196
-0.0047382
-0.000967306
0.00170235
0.00323522
0.00373603
0.00346152
0.00271955
0.00177598
0.00081391
-6.27922e-05
-0.000806638
-0.00140252
-0.00185044
-0.00216407
-0.00236791
-0.00249246
-0.00256854
-0.00262327
-0.00267775
-0.00274656
-0.00283878
-0.00295903
-0.00310921
-0.00328915
-0.00349718
-0.00373046
-0.00398531
-0.00425806
-0.00454481
-0.00484201
-0.00514559
-0.00545223
-0.00575912
-0.00606427
-0.00636552
-0.00666013
-0.0069462
-0.00722391
-0.00749591
-0.00776588
-0.00803727
-0.00831481
-0.00860408
-0.00891078
-0.00923688
-0.00957956
-0.00993213
-0.010286
-0.0106318
-0.0109604
-0.0112651
-0.0115451
-0.011806
-0.0120574
-0.0123098
-0.0125704
-0.0128426
-0.0131244
-0.013407
-0.0136782
-0.0139254
-0.0141434
-0.0143371
-0.0145183
-0.0147036
-0.0149045
-0.0151258
-0.0153645
-0.0156091
-0.0158487
-0.0160755
-0.0162914
-0.0165094
-0.0167419
-0.0169981
-0.0172754
-0.0175605
-0.0178419
-0.0181135
-0.018379
-0.0186474
-0.0189239
-0.0192129
-0.0195123
-0.0198147
-0.0201184
-0.0204217
-0.0207246
-0.0210307
-0.0213408
-0.0216556
-0.021976
-0.0222991
-0.0226238
-0.02295
-0.0232774
-0.0236084
-0.0239447
-0.0242849
-0.0246251
-0.024966
-0.0253123
-0.0256636
-0.026014
-0.0263637
-0.0267185
-0.0270798
-0.027445
-0.027809
-0.0281698
-0.0285341
-0.0289081
-0.0292851
-0.0296561
-0.0300278
-0.0304102
-0.0307986
-0.0311811
-0.0315618
-0.0319513
-0.0323482
-0.0327421
-0.0331345
-0.0335329
-0.0339362
-0.0343398
-0.034745
-0.0351549
-0.0355675
-0.0359815
-0.0363987
-0.0368197
-0.0372439
-0.0376697
-0.038099
-0.038531
-0.0389671
-0.0394057
-0.039848
-0.0402932
-0.0407423
-0.0411951
-0.0416509
-0.042111
-0.0425738
-0.0430414
-0.0435114
-0.0439865
-0.0444643
-0.0449471
-0.0454335
-0.0459243
-0.0464194
-0.0469186
-0.0474224
-0.0479303
-0.0484427
-0.0489598
-0.0494806
-0.0500073
-0.0505368
-0.051073
-0.0516119
-0.0521573
-0.0527063
-0.0532608
-0.0538202
-0.0543844
-0.0549537
-0.0555284
-0.0561073
-0.056693
-0.0572818
-0.0578776
-0.0584777
-0.0590828
-0.0596946
-0.0603095
-0.0609317
-0.0615579
-0.0621892
-0.0628267
-0.0634674
-0.0641142
-0.0647652
-0.0654197
-0.0660789
-0.0667411
-0.0674048
-0.0680715
-0.0687366
-0.0693995
-0.070057
-0.070703
-0.0713294
-0.0719258
-0.0724677
-0.0140656
-0.0134214
-0.00939528
-0.00485105
-0.00106923
0.00161179
0.00315637
0.00366833
0.00340332
0.00266867
0.00173005
0.000770807
-0.00010488
-0.000849174
-0.00144681
-0.00189761
-0.00221474
-0.00242203
-0.00254915
-0.00262648
-0.00268077
-0.00273332
-0.00279885
-0.0028868
-0.00300205
-0.00314668
-0.00332101
-0.00352357
-0.00375214
-0.00400312
-0.00427303
-0.00455781
-0.0048536
-0.00515641
-0.00546236
-0.00576838
-0.00607158
-0.00636952
-0.00665949
-0.0069394
-0.00720937
-0.00747183
-0.00773147
-0.00799287
-0.00826161
-0.0085435
-0.00884398
-0.00916529
-0.0095043
-0.00985351
-0.010203
-0.0105427
-0.0108634
-0.0111593
-0.0114304
-0.0116839
-0.0119312
-0.0121838
-0.012449
-0.0127281
-0.0130173
-0.013306
-0.0135808
-0.01383
-0.014049
-0.0142458
-0.0144346
-0.0146315
-0.0148464
-0.0150799
-0.0153263
-0.0155744
-0.0158134
-0.0160395
-0.0162576
-0.0164807
-0.0167201
-0.0169808
-0.0172597
-0.0175434
-0.0178221
-0.0180932
-0.0183608
-0.018633
-0.0189132
-0.0192022
-0.0194996
-0.0198
-0.0201023
-0.0204071
-0.0207127
-0.0210199
-0.0213299
-0.0216432
-0.0219621
-0.0222859
-0.022612
-0.0229393
-0.023267
-0.0235971
-0.0239323
-0.024272
-0.0246133
-0.0249557
-0.0253019
-0.0256527
-0.0260029
-0.0263523
-0.0267071
-0.0270693
-0.0274345
-0.0277979
-0.0281585
-0.0285235
-0.0288981
-0.0292753
-0.0296462
-0.0300179
-0.0304004
-0.0307894
-0.0311723
-0.0315526
-0.031942
-0.0323398
-0.0327346
-0.0331269
-0.0335252
-0.0339291
-0.0343331
-0.0347384
-0.0351486
-0.0355618
-0.035976
-0.0363933
-0.0368145
-0.037239
-0.0376651
-0.0380946
-0.0385269
-0.0389633
-0.0394022
-0.0398447
-0.0402901
-0.0407394
-0.0411925
-0.0416484
-0.0421086
-0.0425714
-0.0430392
-0.0435093
-0.0439846
-0.0444626
-0.0449456
-0.045432
-0.045923
-0.0464181
-0.0469174
-0.0474213
-0.0479293
-0.0484417
-0.0489589
-0.0494798
-0.0500065
-0.0505362
-0.0510723
-0.0516114
-0.0521567
-0.052706
-0.0532604
-0.05382
-0.054384
-0.0549537
-0.0555282
-0.0561074
-0.0566928
-0.057282
-0.0578777
-0.058478
-0.0590831
-0.059695
-0.0603101
-0.0609324
-0.0615589
-0.0621902
-0.0628281
-0.063469
-0.0641162
-0.0647676
-0.0654227
-0.0660826
-0.0667458
-0.0674108
-0.068079
-0.0687462
-0.0694113
-0.0700717
-0.0707207
-0.0713506
-0.0719505
-0.0724963
-0.0141811
-0.0135361
-0.00950297
-0.00495018
-0.0011597
0.00153022
0.00308394
0.00360463
0.00334706
0.00261812
0.0016834
0.000726385
-0.000148441
-0.000893047
-0.00149188
-0.00194469
-0.00226428
-0.00247408
-0.00260315
-0.00268135
-0.00273518
-0.00278587
-0.00284843
-0.00293241
-0.00304299
-0.00318243
-0.0033514
-0.00354879
-0.00377268
-0.00401984
-0.00428676
-0.0045694
-0.00486362
-0.0051653
-0.00547029
-0.00577496
-0.00607593
-0.00637019
-0.00665511
-0.00692852
-0.00719055
-0.00744364
-0.00769308
-0.00794483
-0.00820526
-0.00848063
-0.00877604
-0.00909342
-0.00942935
-0.00977545
-0.0101206
-0.0104537
-0.0107657
-0.0110519
-0.0113139
-0.0115602
-0.011804
-0.0120579
-0.0123287
-0.0126158
-0.0129118
-0.0132051
-0.0134814
-0.0137306
-0.0139503
-0.0141507
-0.014348
-0.014557
-0.0147856
-0.0150311
-0.0152846
-0.0155349
-0.0157726
-0.0159984
-0.0162203
-0.01645
-0.0166969
-0.0169622
-0.0172411
-0.0175228
-0.0177991
-0.0180704
-0.0183408
-0.0186164
-0.0189004
-0.0191903
-0.0194857
-0.0197845
-0.0200854
-0.0203905
-0.0206987
-0.0210079
-0.0213183
-0.0216308
-0.0219481
-0.0222715
-0.0225985
-0.0229273
-0.0232561
-0.0235859
-0.0239196
-0.0242583
-0.0246003
-0.0249445
-0.0252915
-0.0256417
-0.0259912
-0.02634
-0.0266948
-0.027058
-0.0274239
-0.0277868
-0.028147
-0.0285122
-0.0288875
-0.029265
-0.0296359
-0.0300076
-0.0303904
-0.03078
-0.0311634
-0.0315434
-0.0319326
-0.032331
-0.0327265
-0.0331186
-0.0335169
-0.0339216
-0.0343261
-0.0347313
-0.0351418
-0.0355555
-0.03597
-0.0363873
-0.0368089
-0.0372339
-0.0376603
-0.0380899
-0.0385224
-0.0389592
-0.0393984
-0.0398411
-0.0402867
-0.0407361
-0.0411894
-0.0416455
-0.0421058
-0.0425689
-0.0430369
-0.0435072
-0.0439827
-0.0444607
-0.0449439
-0.0454305
-0.0459216
-0.0464169
-0.0469162
-0.0474202
-0.0479282
-0.0484407
-0.0489579
-0.0494789
-0.0500056
-0.0505354
-0.0510716
-0.0516108
-0.0521561
-0.0527056
-0.0532598
-0.0538197
-0.0543836
-0.0549535
-0.055528
-0.0561074
-0.0566928
-0.0572822
-0.0578779
-0.0584783
-0.0590836
-0.0596955
-0.0603109
-0.0609331
-0.0615601
-0.0621914
-0.0628296
-0.0634709
-0.0641184
-0.0647704
-0.0654261
-0.0660868
-0.0667511
-0.0674174
-0.0680872
-0.0687565
-0.069424
-0.0700871
-0.0707392
-0.0713722
-0.0719754
-0.0725246
-0.0142781
-0.0136321
-0.00959314
-0.00503354
-0.0012364
0.00146015
0.00302059
0.00354759
0.00329534
0.00257043
0.00163843
0.000682888
-0.000191492
-0.000936524
-0.00153638
-0.00199065
-0.00231192
-0.00252337
-0.00265372
-0.00273234
-0.00278555
-0.0028344
-0.00289414
-0.0029744
-0.00308068
-0.00321545
-0.00337951
-0.00357216
-0.00379157
-0.00403497
-0.00429883
-0.00457919
-0.00487175
-0.00517208
-0.00547587
-0.00577884
-0.00607728
-0.0063676
-0.00664708
-0.00691365
-0.0071675
-0.00741143
-0.00765107
-0.00789366
-0.00814655
-0.00841638
-0.00870801
-0.00902262
-0.00935618
-0.00969925
-0.0100396
-0.0103652
-0.0106674
-0.010943
-0.0111956
-0.0114354
-0.0116769
-0.0119332
-0.0122101
-0.0125044
-0.0128062
-0.0131019
-0.0133782
-0.0136264
-0.0138472
-0.0140523
-0.0142587
-0.0144806
-0.0147228
-0.0149794
-0.0152385
-0.0154893
-0.0157258
-0.0159524
-0.0161796
-0.0164176
-0.0166724
-0.0169415
-0.0172187
-0.0174974
-0.0177723
-0.018045
-0.0183194
-0.0185987
-0.0188855
-0.0191763
-0.01947
-0.0197675
-0.020068
-0.020373
-0.0206831
-0.0209941
-0.0213054
-0.0216182
-0.0219342
-0.0222559
-0.0225833
-0.0229141
-0.0232449
-0.0235748
-0.0239069
-0.0242443
-0.0245865
-0.024932
-0.0252803
-0.0256307
-0.0259796
-0.0263275
-0.026682
-0.0270464
-0.0274134
-0.0277759
-0.0281353
-0.0285007
-0.0288767
-0.0292549
-0.0296257
-0.0299971
-0.0303803
-0.0307708
-0.0311544
-0.031534
-0.0319231
-0.0323224
-0.0327186
-0.0331107
-0.033509
-0.0339143
-0.0343193
-0.0347246
-0.0351354
-0.0355498
-0.0359646
-0.0363818
-0.0368036
-0.037229
-0.0376557
-0.0380855
-0.0385182
-0.0389553
-0.0393948
-0.0398377
-0.0402835
-0.0407332
-0.0411867
-0.041643
-0.0421035
-0.0425666
-0.0430347
-0.0435051
-0.0439808
-0.044459
-0.0449424
-0.045429
-0.0459202
-0.0464156
-0.0469149
-0.047419
-0.047927
-0.0484397
-0.0489569
-0.049478
-0.0500047
-0.0505347
-0.0510708
-0.0516103
-0.0521554
-0.0527052
-0.0532594
-0.0538195
-0.0543834
-0.0549534
-0.0555278
-0.0561074
-0.0566928
-0.0572823
-0.0578781
-0.0584786
-0.0590841
-0.059696
-0.0603118
-0.060934
-0.0615613
-0.0621928
-0.0628312
-0.063473
-0.0641208
-0.0647735
-0.06543
-0.0660915
-0.066757
-0.0674248
-0.0680962
-0.0687677
-0.0694375
-0.0701033
-0.0707582
-0.0713943
-0.0720004
-0.0725526
-0.0143538
-0.0137068
-0.00966295
-0.00509808
-0.00129616
0.00140485
0.0029696
0.00350049
0.0032515
0.00252898
0.00159848
0.000643574
-0.000230943
-0.000976702
-0.0015777
-0.00203327
-0.00235583
-0.00256835
-0.00269942
-0.0027781
-0.00283056
-0.00287767
-0.00293475
-0.0030116
-0.00311393
-0.00324449
-0.00340419
-0.00359256
-0.00380789
-0.0040477
-0.00430862
-0.00458669
-0.00487762
-0.00517665
-0.00547916
-0.00578032
-0.00607589
-0.00636191
-0.00663544
-0.00689465
-0.00713999
-0.00737476
-0.00760515
-0.00783938
-0.00808593
-0.00835175
-0.00864136
-0.00895481
-0.00928695
-0.00962712
-0.00996209
-0.0102793
-0.0105706
-0.0108351
-0.0110784
-0.0113128
-0.0115533
-0.0118126
-0.012095
-0.0123952
-0.0127005
-0.0129958
-0.0132687
-0.0135141
-0.0137362
-0.013948
-0.0141662
-0.0144024
-0.0146575
-0.0149231
-0.0151856
-0.0154356
-0.0156717
-0.0159014
-0.0161359
-0.0163833
-0.0166454
-0.016917
-0.0171915
-0.0174666
-0.0177415
-0.0180173
-0.0182966
-0.0185798
-0.0188675
-0.0191584
-0.0194513
-0.0197483
-0.0200495
-0.0203548
-0.0206652
-0.0209775
-0.0212902
-0.0216045
-0.0219201
-0.0222394
-0.022566
-0.0228989
-0.0232324
-0.0235629
-0.0238935
-0.0242294
-0.0245712
-0.0249175
-0.0252675
-0.025619
-0.0259676
-0.0263143
-0.026668
-0.0270331
-0.0274016
-0.0277642
-0.0281228
-0.0284881
-0.0288648
-0.0292437
-0.0296148
-0.0299855
-0.0303689
-0.0307606
-0.0311449
-0.0315236
-0.0319124
-0.0323127
-0.0327099
-0.0331018
-0.0334999
-0.033906
-0.0343117
-0.034717
-0.0351278
-0.0355428
-0.0359579
-0.0363752
-0.0367972
-0.0372232
-0.0376504
-0.0380804
-0.0385133
-0.0389507
-0.0393907
-0.0398338
-0.0402798
-0.0407296
-0.0411833
-0.0416397
-0.0421004
-0.0425637
-0.0430322
-0.0435028
-0.0439786
-0.044457
-0.0449405
-0.0454273
-0.0459186
-0.046414
-0.0469135
-0.0474177
-0.0479258
-0.0484385
-0.0489558
-0.0494771
-0.0500038
-0.0505339
-0.05107
-0.0516097
-0.0521548
-0.0527047
-0.0532589
-0.0538191
-0.054383
-0.0549532
-0.0555277
-0.0561073
-0.0566929
-0.0572824
-0.0578785
-0.0584789
-0.0590848
-0.0596966
-0.0603128
-0.060935
-0.0615625
-0.0621945
-0.062833
-0.0634754
-0.0641236
-0.0647769
-0.0654343
-0.0660967
-0.0667634
-0.0674328
-0.0681059
-0.0687795
-0.0694517
-0.0701201
-0.0707779
-0.0714167
-0.0720255
-0.0725803
-0.0144076
-0.0137592
-0.00971087
-0.00514169
-0.00133639
0.00136731
0.00293425
0.00346678
0.00321894
0.00249713
0.00156689
0.000611774
-0.000263417
-0.00101022
-0.00161252
-0.00206941
-0.0023931
-0.00260636
-0.00273761
-0.00281584
-0.00286701
-0.00291198
-0.00296602
-0.00303923
-0.00313757
-0.00326404
-0.00341969
-0.00360408
-0.00381576
-0.00405231
-0.00431069
-0.00458692
-0.00487663
-0.00517474
-0.0054761
-0.00577533
-0.00606756
-0.00634848
-0.00661511
-0.00686609
-0.00710246
-0.00732817
-0.00755024
-0.00777768
-0.00801991
-0.00828416
-0.00857431
-0.00888897
-0.00922127
-0.0095592
-0.00988839
-0.0101962
-0.0104762
-0.0107297
-0.0109656
-0.0111978
-0.0114416
-0.0117077
-0.0119977
-0.0123028
-0.0126078
-0.0128978
-0.0131628
-0.0134027
-0.0136259
-0.0138464
-0.0140778
-0.0143275
-0.0145929
-0.0148636
-0.0151267
-0.0153755
-0.0156128
-0.0158482
-0.0160917
-0.0163486
-0.0166168
-0.0168895
-0.0171613
-0.0174332
-0.017709
-0.0179891
-0.0182735
-0.01856
-0.0188478
-0.0191377
-0.0194311
-0.0197294
-0.0200322
-0.0203376
-0.020647
-0.0209596
-0.0212743
-0.0215912
-0.0219075
-0.0222244
-0.0225486
-0.0228826
-0.0232194
-0.0235521
-0.0238818
-0.0242157
-0.0245566
-0.0249035
-0.0252552
-0.0256083
-0.0259571
-0.0263029
-0.0266552
-0.0270203
-0.0273905
-0.027754
-0.028112
-0.0284771
-0.0288542
-0.0292337
-0.0296052
-0.0299756
-0.0303585
-0.0307516
-0.0311372
-0.0315151
-0.0319029
-0.0323044
-0.032703
-0.0330948
-0.0334925
-0.033899
-0.0343054
-0.0347108
-0.0351218
-0.0355373
-0.0359531
-0.0363705
-0.0367925
-0.0372189
-0.0376464
-0.0380765
-0.0385095
-0.0389472
-0.0393874
-0.0398308
-0.0402769
-0.0407268
-0.0411808
-0.0416375
-0.0420983
-0.0425617
-0.0430302
-0.0435009
-0.0439768
-0.0444554
-0.0449389
-0.0454259
-0.0459172
-0.0464128
-0.0469123
-0.0474165
-0.0479247
-0.0484375
-0.0489547
-0.0494762
-0.0500028
-0.0505331
-0.0510691
-0.051609
-0.0521541
-0.0527041
-0.0532584
-0.0538187
-0.0543828
-0.0549529
-0.0555277
-0.0561073
-0.0566931
-0.0572826
-0.0578789
-0.0584793
-0.0590855
-0.0596974
-0.0603137
-0.0609363
-0.0615639
-0.0621963
-0.0628351
-0.0634781
-0.0641268
-0.0647808
-0.0654391
-0.0661025
-0.0667705
-0.0674415
-0.0681163
-0.0687921
-0.0694667
-0.0701376
-0.070798
-0.0714394
-0.0720506
-0.0726076
-0.0144425
-0.0137961
-0.00974684
-0.00517633
-0.00137017
0.00133393
0.00290081
0.00343276
0.00318389
0.00246078
0.00152909
0.000572423
-0.000304433
-0.00105301
-0.00165711
-0.00211573
-0.00244056
-0.00265408
-0.00278462
-0.00286126
-0.00291001
-0.00295194
-0.00300238
-0.00307147
-0.00316512
-0.00328639
-0.00343663
-0.00361562
-0.00382226
-0.00405445
-0.00430934
-0.00458311
-0.00487111
-0.00516786
-0.00546753
-0.00576404
-0.00605185
-0.00632633
-0.00658453
-0.00682559
-0.00705146
-0.007267
-0.00748032
-0.00770115
-0.00793951
-0.00820258
-0.00849323
-0.00880847
-0.00913961
-0.00947334
-0.00979384
-0.0100893
-0.0103558
-0.010598
-0.010828
-0.0110621
-0.0113145
-0.0115918
-0.0118911
-0.0122006
-0.012504
-0.0127874
-0.0130452
-0.0132822
-0.0135103
-0.0137426
-0.0139883
-0.0142503
-0.0145227
-0.0147949
-0.0150568
-0.0153052
-0.0155461
-0.0157895
-0.016043
-0.0163086
-0.0165813
-0.0168543
-0.0171242
-0.0173941
-0.0176709
-0.0179557
-0.0182452
-0.0185348
-0.0188226
-0.0191115
-0.0194059
-0.0197066
-0.0200113
-0.0203167
-0.0206243
-0.0209365
-0.0212532
-0.0215734
-0.021892
-0.0222073
-0.0225278
-0.0228611
-0.0232014
-0.0235382
-0.0238684
-0.0241994
-0.0245383
-0.0248857
-0.0252392
-0.0255939
-0.0259432
-0.0262886
-0.0266398
-0.0270043
-0.0273758
-0.0277406
-0.0280982
-0.0284631
-0.0288409
-0.0292208
-0.0295925
-0.0299629
-0.0303454
-0.0307394
-0.0311268
-0.0315045
-0.0318906
-0.0322926
-0.0326932
-0.0330854
-0.0334824
-0.0338892
-0.0342967
-0.0347025
-0.0351136
-0.0355295
-0.0359456
-0.0363632
-0.0367854
-0.0372122
-0.0376403
-0.0380707
-0.038504
-0.0389419
-0.0393827
-0.0398264
-0.0402727
-0.0407229
-0.0411771
-0.041634
-0.0420949
-0.0425585
-0.0430272
-0.0434983
-0.0439743
-0.0444531
-0.0449368
-0.0454239
-0.0459154
-0.0464111
-0.0469107
-0.0474151
-0.0479232
-0.0484362
-0.0489535
-0.0494751
-0.0500017
-0.0505322
-0.0510683
-0.0516082
-0.0521535
-0.0527035
-0.053258
-0.0538183
-0.0543825
-0.0549527
-0.0555276
-0.0561072
-0.0566932
-0.0572828
-0.0578793
-0.0584799
-0.0590862
-0.0596983
-0.0603148
-0.0609377
-0.0615654
-0.0621984
-0.0628375
-0.063481
-0.0641305
-0.064785
-0.0654444
-0.066109
-0.0667782
-0.0674509
-0.0681275
-0.0688054
-0.0694823
-0.0701556
-0.0708185
-0.0714624
-0.0720757
-0.0726347
-0.0143841
-0.0137427
-0.00969724
-0.00513072
-0.00132892
0.00137051
0.00293221
0.00345834
0.00320318
0.0024736
0.00153539
0.000572013
-0.000311657
-0.00106694
-0.00167741
-0.00214164
-0.00247146
-0.00268932
-0.00282344
-0.00290268
-0.00295285
-0.00299485
-0.00304404
-0.00311076
-0.00320132
-0.00331917
-0.003466
-0.00364193
-0.00384608
-0.00407655
-0.00433057
-0.00460424
-0.00489257
-0.00518948
-0.00548837
-0.00578233
-0.00606517
-0.00633207
-0.00658047
-0.00681046
-0.00702534
-0.00723146
-0.00743812
-0.00765598
-0.00789502
-0.00816142
-0.00845582
-0.0087721
-0.00909886
-0.00942155
-0.00972681
-0.0100057
-0.010257
-0.0104887
-0.0107155
-0.0109535
-0.0112141
-0.0114999
-0.011804
-0.0121125
-0.0124093
-0.0126837
-0.0129345
-0.0131707
-0.0134053
-0.0136497
-0.0139088
-0.0141805
-0.0144567
-0.0147277
-0.0149874
-0.0152365
-0.0154827
-0.0157351
-0.0159982
-0.0162709
-0.0165467
-0.0168197
-0.0170888
-0.0173585
-0.0176369
-0.017926
-0.01822
-0.018512
-0.0188
-0.0190884
-0.0193836
-0.0196872
-0.0199947
-0.0203005
-0.0206059
-0.0209168
-0.0212352
-0.0215589
-0.0218813
-0.0221967
-0.0225128
-0.0228428
-0.0231855
-0.023528
-0.0238608
-0.024189
-0.0245244
-0.0248717
-0.0252274
-0.025584
-0.0259341
-0.0262791
-0.0266297
-0.0269936
-0.0273657
-0.0277317
-0.028089
-0.0284533
-0.0288324
-0.0292133
-0.0295844
-0.0299542
-0.0303368
-0.0307315
-0.0311205
-0.0314986
-0.0318832
-0.0322848
-0.0326873
-0.0330806
-0.033477
-0.0338836
-0.0342916
-0.0346977
-0.0351089
-0.0355253
-0.0359419
-0.0363595
-0.0367819
-0.037209
-0.0376375
-0.0380681
-0.0385014
-0.0389394
-0.0393804
-0.0398242
-0.0402706
-0.0407208
-0.0411751
-0.0416323
-0.0420933
-0.042557
-0.0430258
-0.0434969
-0.043973
-0.0444518
-0.0449356
-0.0454228
-0.0459143
-0.04641
-0.0469096
-0.047414
-0.0479222
-0.0484352
-0.0489525
-0.0494742
-0.0500009
-0.0505314
-0.0510675
-0.0516075
-0.0521528
-0.0527029
-0.0532575
-0.0538178
-0.0543822
-0.0549524
-0.0555275
-0.0561072
-0.0566934
-0.0572831
-0.0578797
-0.0584805
-0.0590869
-0.0596993
-0.0603159
-0.0609393
-0.0615673
-0.0622007
-0.0628403
-0.0634842
-0.0641345
-0.0647898
-0.0654501
-0.066116
-0.0667865
-0.0674609
-0.0681394
-0.0688193
-0.0694985
-0.0701742
-0.0708393
-0.0714855
-0.0721007
-0.0726614
-0.0143627
-0.0137201
-0.00967509
-0.00511239
-0.0013165
0.0013766
0.00293176
0.0034519
0.003192
0.00245945
0.00152046
0.000559118
-0.000320013
-0.00106902
-0.00167222
-0.00212894
-0.00245131
-0.00266214
-0.00278987
-0.00286348
-0.00290885
-0.00294673
-0.00299246
-0.0030563
-0.00314465
-0.00326108
-0.0034073
-0.00358344
-0.0037885
-0.00402046
-0.00427643
-0.00455223
-0.00484255
-0.00514071
-0.00543935
-0.00573081
-0.0060084
-0.00626739
-0.00650604
-0.00672575
-0.00693145
-0.00713103
-0.00733496
-0.00755422
-0.00779814
-0.00807102
-0.00837073
-0.00868855
-0.00901118
-0.00932399
-0.00961536
-0.00988008
-0.0101214
-0.0103501
-0.0105814
-0.0108288
-0.0110998
-0.0113932
-0.0116992
-0.0120033
-0.0122919
-0.0125582
-0.0128057
-0.013045
-0.0132887
-0.0135455
-0.0138163
-0.0140953
-0.0143734
-0.0146426
-0.0149008
-0.0151524
-0.0154054
-0.0156673
-0.0159396
-0.016218
-0.0164962
-0.0167693
-0.0170387
-0.0173105
-0.0175918
-0.0178843
-0.0181819
-0.0184759
-0.0187645
-0.0190531
-0.0193495
-0.0196561
-0.0199674
-0.0202746
-0.020578
-0.0208866
-0.0212057
-0.0215328
-0.0218602
-0.0221783
-0.0224909
-0.0228152
-0.0231579
-0.0235068
-0.0238454
-0.0241726
-0.024503
-0.0248486
-0.0252067
-0.0255663
-0.0259176
-0.0262618
-0.0266114
-0.0269755
-0.0273487
-0.0277159
-0.0280728
-0.0284358
-0.0288163
-0.0292002
-0.0295711
-0.0299385
-0.0303209
-0.0307178
-0.0311087
-0.031487
-0.0318704
-0.0322715
-0.0326754
-0.0330701
-0.0334663
-0.033873
-0.0342817
-0.0346882
-0.0350996
-0.0355169
-0.0359341
-0.0363516
-0.036774
-0.0372017
-0.0376309
-0.0380617
-0.0384951
-0.0389335
-0.039375
-0.0398193
-0.0402659
-0.0407164
-0.041171
-0.0416284
-0.0420896
-0.0425535
-0.0430225
-0.0434939
-0.0439702
-0.0444492
-0.0449332
-0.0454205
-0.0459121
-0.046408
-0.0469078
-0.0474124
-0.0479206
-0.0484338
-0.0489511
-0.0494729
-0.0499997
-0.0505303
-0.0510665
-0.0516066
-0.0521521
-0.0527022
-0.053257
-0.0538174
-0.0543819
-0.0549522
-0.0555274
-0.0561073
-0.0566935
-0.0572834
-0.0578801
-0.0584812
-0.0590877
-0.0597006
-0.0603173
-0.060941
-0.0615694
-0.0622031
-0.0628434
-0.0634878
-0.0641389
-0.0647951
-0.0654564
-0.0661236
-0.0667955
-0.0674715
-0.0681519
-0.0688338
-0.0695152
-0.0701931
-0.0708603
-0.0715086
-0.0721255
-0.0726877
-0.0141384
-0.0135094
-0.00948232
-0.00494333
-0.00117561
0.00148564
0.00300499
0.00348613
0.00318643
0.00241613
0.00144363
0.000453933
-0.000447988
-0.00121413
-0.00182885
-0.00229152
-0.00261482
-0.0028224
-0.0029437
-0.00300874
-0.00304424
-0.00307166
-0.00310688
-0.00316066
-0.00323985
-0.00334846
-0.00348857
-0.00366046
-0.00386303
-0.00409396
-0.00434986
-0.00462589
-0.00491591
-0.0052122
-0.00550617
-0.00578912
-0.00605396
-0.00629655
-0.00651685
-0.00671877
-0.00691
-0.00710061
-0.00730204
-0.00752443
-0.00777457
-0.0080533
-0.00835507
-0.00866884
-0.00898066
-0.00927738
-0.00955091
-0.00980032
-0.0100325
-0.0102598
-0.0104959
-0.0107511
-0.0110287
-0.0113244
-0.0116272
-0.0119234
-0.0122025
-0.0124617
-0.0127072
-0.0129503
-0.013202
-0.0134684
-0.0137474
-0.0140307
-0.0143088
-0.0145758
-0.0148327
-0.015087
-0.0153468
-0.015617
-0.0158968
-0.0161796
-0.0164589
-0.0167321
-0.0170022
-0.0172768
-0.0175617
-0.0178571
-0.0181572
-0.018453
-0.0187419
-0.0190305
-0.0193277
-0.0196368
-0.0199524
-0.0202629
-0.020565
-0.0208695
-0.0211868
-0.0215166
-0.0218497
-0.0221733
-0.0224848
-0.0228015
-0.0231399
-0.0234937
-0.0238407
-0.0241703
-0.0244953
-0.0248357
-0.0251949
-0.025559
-0.025913
-0.0262562
-0.026603
-0.0269667
-0.0273423
-0.0277116
-0.0280676
-0.0284275
-0.0288078
-0.0291964
-0.0295698
-0.0299332
-0.0303121
-0.0307117
-0.0311067
-0.0314845
-0.0318653
-0.0322662
-0.0326719
-0.0330671
-0.033463
-0.03387
-0.0342795
-0.0346854
-0.0350963
-0.0355145
-0.0359328
-0.03635
-0.0367717
-0.0371999
-0.0376299
-0.0380609
-0.038494
-0.0389324
-0.0393741
-0.0398186
-0.0402651
-0.0407155
-0.0411701
-0.0416277
-0.0420889
-0.0425528
-0.0430218
-0.0434932
-0.0439695
-0.0444485
-0.0449325
-0.0454198
-0.0459114
-0.0464073
-0.046907
-0.0474116
-0.0479198
-0.048433
-0.0489503
-0.0494721
-0.0499988
-0.0505295
-0.0510658
-0.0516059
-0.0521515
-0.0527017
-0.0532565
-0.053817
-0.0543817
-0.054952
-0.0555274
-0.0561074
-0.0566937
-0.0572839
-0.0578806
-0.058482
-0.0590887
-0.0597018
-0.0603189
-0.0609428
-0.0615717
-0.0622058
-0.0628467
-0.0634918
-0.0641436
-0.0648008
-0.0654631
-0.0661317
-0.066805
-0.0674827
-0.068165
-0.0688488
-0.0695323
-0.0702123
-0.0708815
-0.0715316
-0.0721501
-0.0727135
-0.0139111
-0.0132722
-0.00923586
-0.00468588
-0.000907732
0.00176165
0.00328634
0.00376882
0.00346578
0.00268795
0.00170504
0.000703552
-0.000210271
-0.000987621
-0.00161242
-0.0020838
-0.00241441
-0.00262804
-0.00275446
-0.00282397
-0.00286355
-0.00289491
-0.00293406
-0.00299204
-0.00307601
-0.0031904
-0.00333748
-0.00351742
-0.00372875
-0.00396848
-0.00423243
-0.0045149
-0.00480885
-0.00510573
-0.00539635
-0.00567203
-0.00592667
-0.00615808
-0.00636871
-0.00656507
-0.00675673
-0.00695423
-0.00716757
-0.00740367
-0.00766514
-0.00794944
-0.00824937
-0.00855442
-0.00885342
-0.00913709
-0.00940107
-0.00964687
-0.00988171
-0.0101162
-0.0103612
-0.0106239
-0.0109057
-0.0112012
-0.0115004
-0.0117918
-0.0120671
-0.0123255
-0.0125733
-0.0128219
-0.0130812
-0.0133556
-0.0136414
-0.0139289
-0.0142085
-0.0144759
-0.014734
-0.0149921
-0.0152583
-0.0155364
-0.0158231
-0.0161109
-0.0163927
-0.0166672
-0.0169391
-0.0172165
-0.0175054
-0.0178047
-0.0181081
-0.0184068
-0.0186971
-0.0189854
-0.0192827
-0.0195941
-0.0199147
-0.0202309
-0.0205348
-0.0208352
-0.0211483
-0.021479
-0.0218184
-0.02215
-0.0224643
-0.0227747
-0.0231054
-0.0234606
-0.0238172
-0.0241539
-0.0244764
-0.0248096
-0.0251667
-0.0255359
-0.0258955
-0.0262393
-0.0265825
-0.0269436
-0.027322
-0.0276964
-0.028053
-0.0284083
-0.0287858
-0.0291792
-0.0295595
-0.0299214
-0.030293
-0.0306926
-0.0310952
-0.0314755
-0.0318517
-0.0322514
-0.0326609
-0.0330572
-0.0334513
-0.0338591
-0.034271
-0.0346768
-0.0350862
-0.0355052
-0.0359258
-0.0363434
-0.036764
-0.0371922
-0.0376235
-0.0380553
-0.0384882
-0.0389265
-0.0393687
-0.0398139
-0.0402607
-0.0407112
-0.0411661
-0.0416239
-0.0420853
-0.0425493
-0.0430185
-0.0434901
-0.0439666
-0.0444457
-0.0449299
-0.0454173
-0.0459091
-0.0464051
-0.0469049
-0.0474097
-0.047918
-0.0484313
-0.0489487
-0.0494707
-0.0499976
-0.0505283
-0.0510647
-0.0516049
-0.0521506
-0.0527009
-0.0532559
-0.0538164
-0.0543813
-0.0549518
-0.0555272
-0.0561075
-0.0566938
-0.0572843
-0.0578812
-0.0584829
-0.0590898
-0.0597031
-0.0603206
-0.0609448
-0.0615742
-0.0622089
-0.0628503
-0.0634962
-0.0641487
-0.064807
-0.0654704
-0.0661402
-0.0668151
-0.0674944
-0.0681785
-0.0688643
-0.0695497
-0.0702317
-0.0709028
-0.0715545
-0.0721744
-0.0727389
-0.0136732
-0.0131632
-0.00927712
-0.00488117
-0.00124575
0.00130106
0.00272576
0.00313576
0.0027914
0.00200308
0.00103608
7.03052e-05
-0.000794676
-0.00151527
-0.00207861
-0.00248653
-0.00275544
-0.00291282
-0.00299112
-0.00302197
-0.00303229
-0.00304279
-0.00306815
-0.00311814
-0.00319906
-0.00331461
-0.00346587
-0.00365142
-0.00386797
-0.00411071
-0.0043738
-0.00465034
-0.00493259
-0.00521211
-0.00548074
-0.00573197
-0.00596265
-0.00617357
-0.00636971
-0.00655899
-0.00675101
-0.00695468
-0.00717669
-0.00741979
-0.00768281
-0.00796104
-0.00824761
-0.00853467
-0.00881525
-0.00908431
-0.00934009
-0.00958445
-0.0098226
-0.0100619
-0.01031
-0.0105724
-0.0108504
-0.0111398
-0.0114324
-0.0117186
-0.0119913
-0.0122496
-0.0124991
-0.0127501
-0.0130121
-0.0132891
-0.0135772
-0.0138667
-0.0141477
-0.0144165
-0.0146764
-0.0149367
-0.015206
-0.0154878
-0.0157787
-0.0160708
-0.0163561
-0.0166329
-0.0169061
-0.0171843
-0.0174743
-0.0177763
-0.0180832
-0.0183858
-0.0186787
-0.018966
-0.0192609
-0.019572
-0.0198961
-0.0202192
-0.020528
-0.0208262
-0.0211326
-0.02146
-0.0218032
-0.0221433
-0.022464
-0.0227717
-0.0230929
-0.0234435
-0.0238064
-0.0241532
-0.0244783
-0.0248045
-0.0251545
-0.0255256
-0.0258925
-0.02624
-0.02658
-0.0269355
-0.0273135
-0.0276944
-0.0280555
-0.0284065
-0.0287773
-0.0291717
-0.0295605
-0.029926
-0.0302899
-0.0306828
-0.0310918
-0.0314797
-0.0318515
-0.0322453
-0.0326583
-0.0330586
-0.0334497
-0.0338557
-0.0342708
-0.0346779
-0.0350847
-0.0355028
-0.0359255
-0.0363444
-0.0367639
-0.0371909
-0.0376229
-0.0380559
-0.0384887
-0.0389262
-0.0393685
-0.0398142
-0.0402611
-0.0407112
-0.041166
-0.041624
-0.0420856
-0.0425494
-0.0430186
-0.0434902
-0.0439667
-0.0444457
-0.0449298
-0.0454172
-0.0459089
-0.0464048
-0.0469046
-0.0474092
-0.0479175
-0.0484308
-0.0489481
-0.04947
-0.0499969
-0.0505276
-0.0510641
-0.0516043
-0.0521501
-0.0527004
-0.0532555
-0.0538161
-0.054381
-0.0549517
-0.0555271
-0.0561077
-0.0566941
-0.0572848
-0.0578819
-0.0584837
-0.0590911
-0.0597045
-0.0603225
-0.0609471
-0.0615769
-0.0622122
-0.0628541
-0.0635009
-0.0641543
-0.0648135
-0.0654781
-0.0661492
-0.0668256
-0.0675065
-0.0681923
-0.06888
-0.0695673
-0.0702511
-0.0709239
-0.0715771
-0.0721982
-0.0727637
-0.0116949
-0.0109644
-0.00696724
-0.00261966
0.000845614
0.00314446
0.00425401
0.0043279
0.00367706
0.00264156
0.00149201
0.000400863
-0.00054455
-0.00131142
-0.00189299
-0.00229898
-0.00255527
-0.00269746
-0.00276363
-0.00278815
-0.00279845
-0.00281438
-0.00284941
-0.00291225
-0.00300854
-0.00314087
-0.00330886
-0.00350942
-0.00373761
-0.00398719
-0.00425142
-0.00452326
-0.00479588
-0.00506291
-0.00531927
-0.00556163
-0.00578905
-0.00600294
-0.00620727
-0.00640777
-0.00661138
-0.00682462
-0.00705253
-0.00729724
-0.00755798
-0.00783112
-0.00811126
-0.00839212
-0.00866801
-0.00893496
-0.00919168
-0.00943975
-0.00968337
-0.00992829
-0.0101806
-0.0104447
-0.0107216
-0.0110082
-0.0112978
-0.0115826
-0.0118569
-0.0121195
-0.012375
-0.0126315
-0.0128972
-0.0131759
-0.0134645
-0.0137554
-0.0140401
-0.0143148
-0.0145813
-0.0148467
-0.0151187
-0.0154018
-0.0156947
-0.015991
-0.0162829
-0.0165663
-0.0168439
-0.0171233
-0.0174128
-0.0177155
-0.0180264
-0.0183353
-0.0186343
-0.0189237
-0.0192162
-0.0195248
-0.0198503
-0.0201801
-0.0204974
-0.0207986
-0.0211004
-0.0214217
-0.0217648
-0.0221124
-0.0224425
-0.0227537
-0.0230687
-0.0234107
-0.0237745
-0.0241315
-0.0244649
-0.0247891
-0.0251308
-0.0254985
-0.0258716
-0.0262268
-0.0265677
-0.0269176
-0.0272909
-0.027676
-0.0280457
-0.0283974
-0.0287605
-0.0291512
-0.0295467
-0.0299213
-0.0302833
-0.0306662
-0.0310752
-0.0314744
-0.0318487
-0.032234
-0.0326465
-0.0330541
-0.0334453
-0.0338469
-0.0342638
-0.0346749
-0.0350806
-0.0354963
-0.0359202
-0.0363417
-0.0367613
-0.0371871
-0.0376188
-0.0380532
-0.0384868
-0.0389237
-0.0393655
-0.0398118
-0.0402592
-0.0407091
-0.0411636
-0.0416218
-0.0420835
-0.0425473
-0.0430163
-0.0434879
-0.0439645
-0.0444435
-0.0449276
-0.0454151
-0.0459069
-0.0464029
-0.0469026
-0.0474074
-0.0479157
-0.048429
-0.0489465
-0.0494685
-0.0499955
-0.0505263
-0.0510629
-0.0516031
-0.0521491
-0.0526995
-0.0532547
-0.0538155
-0.0543805
-0.0549514
-0.055527
-0.0561077
-0.0566944
-0.0572852
-0.0578827
-0.0584846
-0.0590924
-0.0597061
-0.0603244
-0.0609495
-0.0615798
-0.0622157
-0.0628583
-0.0635059
-0.0641602
-0.0648204
-0.0654863
-0.0661586
-0.0668365
-0.067519
-0.0682064
-0.0688959
-0.0695849
-0.0702704
-0.0709448
-0.0715993
-0.0722215
-0.0727878
-0.0133558
-0.0131615
-0.00970566
-0.00575822
-0.00248175
-0.000146613
0.00122626
0.00174571
0.00163736
0.00115579
0.000512779
-0.000151953
-0.000761786
-0.00128282
-0.00170468
-0.00202884
-0.00226792
-0.00244135
-0.00256968
-0.00267137
-0.00276141
-0.00285094
-0.00294728
-0.00305536
-0.00317848
-0.00331858
-0.00347654
-0.00365212
-0.00384439
-0.00405179
-0.00427248
-0.00450433
-0.00474505
-0.00499187
-0.00524144
-0.00548954
-0.00573191
-0.00596491
-0.00618694
-0.00639904
-0.00660543
-0.00681258
-0.007028
-0.00725785
-0.00750521
-0.00776882
-0.00804374
-0.0083226
-0.00859798
-0.00886442
-0.00912015
-0.00936716
-0.0096105
-0.00985635
-0.01011
-0.0103743
-0.0106488
-0.0109302
-0.0112135
-0.0114935
-0.011767
-0.0120336
-0.0122962
-0.0125594
-0.0128279
-0.0131045
-0.013388
-0.0136751
-0.0139609
-0.0142422
-0.014518
-0.0147906
-0.0150646
-0.0153452
-0.0156348
-0.0159312
-0.0162286
-0.0165208
-0.0168056
-0.0170874
-0.0173742
-0.0176733
-0.0179845
-0.018299
-0.0186059
-0.0189008
-0.0191925
-0.0194962
-0.0198186
-0.0201513
-0.0204772
-0.0207859
-0.0210872
-0.0214019
-0.0217398
-0.0220897
-0.0224288
-0.022748
-0.0230621
-0.0233953
-0.0237533
-0.0241156
-0.0244594
-0.0247879
-0.0251239
-0.0254838
-0.0258574
-0.0262208
-0.0265675
-0.0269148
-0.0272807
-0.0276638
-0.0280417
-0.0284
-0.0287581
-0.0291402
-0.0295366
-0.0299205
-0.0302871
-0.0306615
-0.0310627
-0.0314693
-0.0318523
-0.0322317
-0.0326371
-0.0330502
-0.0334462
-0.0338432
-0.0342577
-0.0346732
-0.0350805
-0.0354932
-0.0359162
-0.0363398
-0.0367608
-0.0371855
-0.0376161
-0.0380511
-0.0384861
-0.0389231
-0.039364
-0.0398104
-0.0402587
-0.0407089
-0.0411631
-0.0416213
-0.0420834
-0.0425474
-0.0430163
-0.0434879
-0.0439646
-0.0444437
-0.0449277
-0.0454151
-0.0459068
-0.0464028
-0.0469025
-0.0474071
-0.0479154
-0.0484287
-0.0489461
-0.049468
-0.049995
-0.0505258
-0.0510624
-0.0516026
-0.0521486
-0.052699
-0.0532543
-0.0538152
-0.0543802
-0.0549513
-0.055527
-0.0561079
-0.0566947
-0.0572857
-0.0578835
-0.0584856
-0.0590937
-0.0597078
-0.0603266
-0.0609522
-0.0615828
-0.0622194
-0.0628627
-0.063511
-0.0641663
-0.0648275
-0.0654946
-0.0661682
-0.0668474
-0.0675315
-0.0682205
-0.0689116
-0.0696023
-0.0702893
-0.0709651
-0.0716208
-0.0722439
-0.0728109
0.00887185
0.00895268
0.00559364
0.00188956
-0.00105702
-0.00303079
-0.00403759
-0.00425285
-0.00395757
-0.00342534
-0.00285478
-0.00235946
-0.00198941
-0.00175922
-0.00166712
-0.00169488
-0.00181192
-0.00198467
-0.00218558
-0.00239523
-0.0026015
-0.00279748
-0.00298029
-0.00314983
-0.0033081
-0.00345845
-0.00360502
-0.00375228
-0.00390493
-0.00406773
-0.00424518
-0.00444054
-0.00465515
-0.00488766
-0.00513422
-0.00538864
-0.00564368
-0.00589209
-0.00612876
-0.00635186
-0.0065639
-0.00677093
-0.00698127
-0.00720276
-0.00744053
-0.00769512
-0.00796282
-0.00823679
-0.00850971
-0.00877589
-0.00903324
-0.00928342
-0.00953103
-0.00978141
-0.0100384
-0.0103032
-0.0105743
-0.010849
-0.0111244
-0.0113992
-0.0116731
-0.0119464
-0.0122193
-0.0124918
-0.012764
-0.0130373
-0.0133132
-0.013594
-0.0138799
-0.0141688
-0.0144563
-0.0147389
-0.0150167
-0.0152943
-0.0155779
-0.0158714
-0.0161729
-0.0164751
-0.0167705
-0.0170575
-0.0173426
-0.0176361
-0.0179445
-0.0182628
-0.0185786
-0.0188823
-0.0191769
-0.0194762
-0.0197927
-0.0201246
-0.0204575
-0.0207766
-0.0210827
-0.021393
-0.0217229
-0.0220703
-0.0224165
-0.0227465
-0.0230649
-0.0233917
-0.0237405
-0.0241028
-0.0244564
-0.0247934
-0.0251278
-0.0254787
-0.0258482
-0.0262181
-0.0265732
-0.0269212
-0.0272801
-0.0276577
-0.0280406
-0.0284088
-0.0287668
-0.02914
-0.0295328
-0.0299243
-0.0302995
-0.030671
-0.031062
-0.0314698
-0.0318642
-0.0322441
-0.0326402
-0.0330543
-0.033458
-0.0338533
-0.0342626
-0.0346805
-0.0350915
-0.0355021
-0.0359224
-0.0363473
-0.03677
-0.0371941
-0.0376232
-0.0380574
-0.0384931
-0.0389303
-0.0393699
-0.0398152
-0.0402634
-0.0407135
-0.0411668
-0.0416241
-0.0420858
-0.0425495
-0.0430178
-0.0434889
-0.0439652
-0.0444439
-0.0449276
-0.0454147
-0.0459061
-0.0464019
-0.0469014
-0.0474059
-0.047914
-0.0484273
-0.0489446
-0.0494665
-0.0499935
-0.0505243
-0.051061
-0.0516014
-0.0521474
-0.052698
-0.0532534
-0.0538145
-0.0543797
-0.054951
-0.0555268
-0.0561079
-0.056695
-0.0572862
-0.0578842
-0.0584866
-0.059095
-0.0597095
-0.0603285
-0.0609548
-0.061586
-0.0622232
-0.0628673
-0.0635163
-0.0641726
-0.0648348
-0.065503
-0.066178
-0.0668585
-0.0675441
-0.0682346
-0.0689271
-0.0696193
-0.0703078
-0.0709848
-0.0716416
-0.0722656
-0.0728332
-0.0135851
-0.0137161
-0.010315
-0.00635227
-0.0029961
-0.000537833
0.000997946
0.00170527
0.00178751
0.00147809
0.00097465
0.000412955
-0.00012893
-0.000613891
-0.00102854
-0.0013709
-0.00164783
-0.00187291
-0.00206133
-0.00222646
-0.00237804
-0.00252263
-0.00266508
-0.00280927
-0.00295836
-0.00311471
-0.0032799
-0.00345457
-0.00363875
-0.00383201
-0.00403399
-0.00424436
-0.00446313
-0.00469006
-0.00492453
-0.00516491
-0.00540873
-0.00565288
-0.00589457
-0.00613185
-0.0063645
-0.00659394
-0.00682317
-0.00705563
-0.00729454
-0.00754162
-0.00779688
-0.00805844
-0.0083235
-0.00858915
-0.00885347
-0.00911593
-0.00937739
-0.0096393
-0.00990273
-0.0101679
-0.0104342
-0.0107014
-0.0109704
-0.0112433
-0.0115214
-0.0118044
-0.0120892
-0.0123715
-0.0126479
-0.0129191
-0.0131894
-0.0134657
-0.0137523
-0.0140483
-0.0143471
-0.0146405
-0.0149244
-0.0152017
-0.015481
-0.0157712
-0.0160748
-0.0163855
-0.0166921
-0.0169874
-0.0172742
-0.0175641
-0.0178684
-0.0181875
-0.0185106
-0.0188248
-0.0191265
-0.0194253
-0.019736
-0.0200641
-0.0204008
-0.0207302
-0.0210454
-0.0213563
-0.0216794
-0.0220211
-0.0223705
-0.0227111
-0.0230378
-0.0233633
-0.023704
-0.0240623
-0.024422
-0.0247691
-0.0251071
-0.0254526
-0.0258157
-0.0261879
-0.0265516
-0.0269043
-0.0272602
-0.0276315
-0.0280145
-0.0283913
-0.0287548
-0.0291225
-0.0295088
-0.0299029
-0.0302867
-0.0306611
-0.0310446
-0.0314472
-0.0318494
-0.032236
-0.0326259
-0.0330353
-0.0334454
-0.0338441
-0.0342487
-0.0346659
-0.0350815
-0.0354929
-0.0359108
-0.0363358
-0.0367608
-0.037186
-0.0376145
-0.0380485
-0.0384851
-0.0389238
-0.0393639
-0.039809
-0.0402578
-0.0407091
-0.0411629
-0.0416204
-0.0420826
-0.0425469
-0.0430156
-0.0434869
-0.0439635
-0.0444426
-0.0449265
-0.0454138
-0.0459054
-0.0464013
-0.0469008
-0.0474055
-0.0479136
-0.0484269
-0.0489443
-0.0494662
-0.0499932
-0.050524
-0.0510607
-0.051601
-0.0521471
-0.0526977
-0.0532531
-0.0538143
-0.0543795
-0.0549509
-0.0555269
-0.0561081
-0.0566955
-0.0572868
-0.0578852
-0.0584879
-0.0590965
-0.0597114
-0.0603308
-0.0609575
-0.0615892
-0.0622271
-0.0628719
-0.0635217
-0.0641789
-0.0648421
-0.0655114
-0.0661876
-0.0668693
-0.0675563
-0.0682482
-0.0689422
-0.0696358
-0.0703255
-0.0710036
-0.0716614
-0.072286
-0.072854
0.0132033
0.0128267
0.00935958
0.00525707
0.00177422
-0.000787132
-0.00240313
-0.00317825
-0.00333368
-0.00311894
-0.00274127
-0.00233965
-0.00199122
-0.00173059
-0.00156876
-0.00150548
-0.00153054
-0.00162652
-0.00177342
-0.00195225
-0.00214929
-0.0023553
-0.00256425
-0.00277252
-0.00297825
-0.00318071
-0.00338001
-0.00357656
-0.00377113
-0.00396457
-0.00415814
-0.00435331
-0.00455201
-0.00475621
-0.00496774
-0.00518767
-0.00541615
-0.00565214
-0.00589382
-0.00613867
-0.00638421
-0.00662814
-0.00686917
-0.00710713
-0.00734346
-0.00758057
-0.00782149
-0.00806853
-0.00832288
-0.008584
-0.00885006
-0.00911844
-0.0093866
-0.00965268
-0.00991595
-0.0101768
-0.0104365
-0.0106974
-0.0109623
-0.0112337
-0.0115126
-0.0117977
-0.0120846
-0.0123682
-0.0126451
-0.0129157
-0.0131846
-0.0134591
-0.0137441
-0.0140397
-0.0143404
-0.014638
-0.0149266
-0.0152069
-0.0154857
-0.0157728
-0.0160735
-0.0163846
-0.0166961
-0.0169984
-0.0172904
-0.0175804
-0.0178801
-0.0181946
-0.0185183
-0.018839
-0.0191489
-0.0194512
-0.0197582
-0.0200798
-0.0204139
-0.0207483
-0.0210724
-0.0213881
-0.0217078
-0.0220419
-0.0223883
-0.0227342
-0.0230693
-0.023398
-0.0237338
-0.024085
-0.0244443
-0.0247981
-0.0251424
-0.0254868
-0.0258434
-0.0262121
-0.02658
-0.026939
-0.0272958
-0.0276617
-0.0280399
-0.0284203
-0.0287913
-0.029159
-0.0295383
-0.0299294
-0.0303185
-0.0306992
-0.0310802
-0.031475
-0.0318783
-0.0322729
-0.0326621
-0.0330644
-0.0334755
-0.0338792
-0.0342816
-0.0346946
-0.0351118
-0.035525
-0.0359405
-0.0363631
-0.0367882
-0.0372136
-0.0376408
-0.0380728
-0.0385079
-0.038946
-0.0393852
-0.0398283
-0.0402752
-0.0407254
-0.0411781
-0.0416338
-0.0420943
-0.0425573
-0.0430248
-0.0434947
-0.04397
-0.0444479
-0.0449306
-0.0454169
-0.0459076
-0.0464027
-0.0469015
-0.0474055
-0.0479132
-0.048426
-0.0489431
-0.0494648
-0.0499916
-0.0505223
-0.051059
-0.0515994
-0.0521455
-0.0526963
-0.0532517
-0.0538131
-0.0543785
-0.05495
-0.0555263
-0.0561077
-0.0566953
-0.0572869
-0.0578855
-0.0584886
-0.0590975
-0.0597129
-0.0603327
-0.0609599
-0.0615922
-0.0622307
-0.0628762
-0.0635268
-0.0641849
-0.0648491
-0.0655194
-0.0661968
-0.0668797
-0.0675679
-0.0682612
-0.0689565
-0.0696513
-0.0703422
-0.0710213
-0.07168
-0.0723052
-0.0728736
-0.0126278
-0.0123618
-0.00902758
-0.00506674
-0.00172124
0.000703469
0.00218144
0.00281095
0.00280626
0.00241211
0.00183386
0.00121059
0.000620455
9.91427e-05
-0.00034169
-0.000701741
-0.000990085
-0.0012226
-0.00141759
-0.00159159
-0.0017563
-0.00191924
-0.0020854
-0.00225783
-0.00243838
-0.00262787
-0.00282651
-0.00303385
-0.00324902
-0.00347064
-0.00369725
-0.00392733
-0.00415977
-0.00439378
-0.00462911
-0.00486576
-0.00510404
-0.00534419
-0.00558647
-0.00583076
-0.00607679
-0.00632392
-0.00657166
-0.00681972
-0.00706855
-0.00731898
-0.00757225
-0.00782926
-0.00809044
-0.00835543
-0.00862327
-0.00889259
-0.009162
-0.00943049
-0.00969788
-0.00996475
-0.0102323
-0.010502
-0.0107749
-0.011052
-0.0113331
-0.0116174
-0.0119029
-0.0121875
-0.0124695
-0.0127492
-0.0130284
-0.0133104
-0.0135978
-0.013892
-0.0141911
-0.0144908
-0.0147865
-0.0150769
-0.0153646
-0.0156557
-0.0159555
-0.0162645
-0.0165774
-0.0168868
-0.0171891
-0.0174872
-0.0177887
-0.0181002
-0.0184218
-0.0187462
-0.0190652
-0.0193767
-0.0196873
-0.0200063
-0.0203367
-0.0206724
-0.0210045
-0.0213294
-0.0216526
-0.0219835
-0.0223257
-0.0226731
-0.023016
-0.0233525
-0.0236898
-0.0240366
-0.0243929
-0.0247504
-0.0251023
-0.0254513
-0.0258056
-0.0261698
-0.0265387
-0.0269042
-0.0272659
-0.0276308
-0.0280043
-0.0283844
-0.0287619
-0.0291345
-0.0295107
-0.0298972
-0.030288
-0.030675
-0.0310584
-0.0314485
-0.0318488
-0.0322489
-0.0326425
-0.0330409
-0.0334495
-0.0338579
-0.0342627
-0.034673
-0.03509
-0.0355064
-0.0359229
-0.0363444
-0.03677
-0.0371972
-0.0376256
-0.0380579
-0.0384933
-0.0389323
-0.039373
-0.0398169
-0.0402642
-0.0407152
-0.0411692
-0.0416257
-0.0420868
-0.0425506
-0.043019
-0.0434897
-0.0439656
-0.0444443
-0.0449277
-0.0454146
-0.0459057
-0.0464013
-0.0469005
-0.0474048
-0.0479128
-0.0484258
-0.048943
-0.0494647
-0.0499917
-0.0505224
-0.051059
-0.0515995
-0.0521456
-0.0526963
-0.0532519
-0.0538132
-0.0543787
-0.0549503
-0.0555267
-0.0561082
-0.056696
-0.0572879
-0.0578867
-0.05849
-0.0590992
-0.0597147
-0.0603347
-0.0609625
-0.0615955
-0.0622345
-0.0628807
-0.063532
-0.0641909
-0.064856
-0.0655272
-0.0662056
-0.0668896
-0.0675789
-0.0682733
-0.0689697
-0.0696656
-0.0703576
-0.0710376
-0.071697
-0.0723229
-0.0728916
0.0159395
0.0157019
0.0120622
0.0078205
0.00419438
0.00148438
-0.000284014
-0.00121151
-0.00151503
-0.00144104
-0.00119504
-0.000915208
-0.000678378
-0.000519023
-0.00044788
-0.000464413
-0.000558454
-0.000713023
-0.000908616
-0.00112928
-0.00136384
-0.00160539
-0.00184956
-0.00209338
-0.00233499
-0.00257342
-0.00280855
-0.00304077
-0.00327088
-0.00349971
-0.00372818
-0.00395708
-0.00418719
-0.00441905
-0.00465312
-0.00488954
-0.00512842
-0.00536963
-0.00561307
-0.00585842
-0.0061055
-0.00635406
-0.00660412
-0.0068558
-0.00710947
-0.00736526
-0.00762324
-0.00788301
-0.00814412
-0.00840607
-0.00866862
-0.00893176
-0.00919576
-0.00946107
-0.00972825
-0.0099978
-0.0102699
-0.0105444
-0.0108204
-0.0110974
-0.0113748
-0.0116529
-0.0119319
-0.0122128
-0.0124958
-0.0127806
-0.0130663
-0.0133526
-0.0136399
-0.0139298
-0.0142229
-0.0145189
-0.0148158
-0.0151116
-0.0154058
-0.0157006
-0.015999
-0.016303
-0.0166118
-0.0169217
-0.0172294
-0.017534
-0.0178387
-0.0181478
-0.0184642
-0.0187859
-0.0191079
-0.0194259
-0.0197415
-0.0200598
-0.020385
-0.0207169
-0.0210508
-0.021382
-0.0217102
-0.0220402
-0.0223773
-0.0227213
-0.0230665
-0.0234089
-0.0237497
-0.0240942
-0.0244457
-0.024802
-0.0251578
-0.0255116
-0.0258663
-0.0262265
-0.0265927
-0.0269606
-0.0273269
-0.027693
-0.0280634
-0.0284403
-0.02882
-0.0291974
-0.029574
-0.0299567
-0.0303455
-0.0307354
-0.0311225
-0.0315113
-0.031907
-0.0323075
-0.0327053
-0.0331028
-0.0335071
-0.0339156
-0.0343226
-0.0347308
-0.0351447
-0.035561
-0.0359775
-0.0363968
-0.0368198
-0.0372456
-0.0376727
-0.038103
-0.0385358
-0.0389724
-0.0394111
-0.0398528
-0.0402973
-0.0407456
-0.0411972
-0.0416513
-0.0421096
-0.0425708
-0.0430368
-0.0435051
-0.0439786
-0.0444549
-0.0449364
-0.0454213
-0.0459108
-0.0464048
-0.0469028
-0.0474059
-0.0479129
-0.0484251
-0.0489417
-0.049463
-0.0499895
-0.05052
-0.0510565
-0.0515969
-0.052143
-0.0526939
-0.0532495
-0.0538111
-0.0543768
-0.0549486
-0.0555252
-0.056107
-0.056695
-0.0572872
-0.0578863
-0.05849
-0.0590996
-0.0597155
-0.0603354
-0.0609642
-0.0615977
-0.0622372
-0.062884
-0.063536
-0.0641957
-0.0648617
-0.0655338
-0.066213
-0.066898
-0.0675883
-0.0682838
-0.0689812
-0.069678
-0.0703708
-0.0710517
-0.0717117
-0.0723381
-0.0729075
-0.00847714
-0.00834849
-0.00500822
-0.00121472
0.00187089
0.00398337
0.0051052
0.00536584
0.00501378
0.00431678
0.00348857
0.00266587
0.00191986
0.00127905
0.000750134
0.000327715
-5.48635e-06
-0.000274116
-0.000503047
-0.000712313
-0.000916049
-0.00112298
-0.00133788
-0.00156308
-0.00179923
-0.00204484
-0.00229792
-0.00255633
-0.00281807
-0.00308116
-0.00334382
-0.00360437
-0.00386151
-0.00411438
-0.00436297
-0.004608
-0.00485101
-0.00509387
-0.00533862
-0.00558679
-0.00583945
-0.00609676
-0.00635836
-0.0066232
-0.00689007
-0.00715755
-0.00742458
-0.00769038
-0.00795489
-0.00821848
-0.00848199
-0.00874636
-0.00901262
-0.0092816
-0.00955385
-0.00982945
-0.0101078
-0.0103879
-0.0106683
-0.0109482
-0.0112272
-0.011506
-0.011786
-0.0120688
-0.0123552
-0.0126449
-0.0129364
-0.0132283
-0.0135201
-0.0138128
-0.0141075
-0.0144048
-0.0147042
-0.0150044
-0.0153044
-0.0156047
-0.0159069
-0.0162126
-0.0165219
-0.0168331
-0.0171443
-0.0174547
-0.017765
-0.0180773
-0.0183937
-0.0187146
-0.0190381
-0.0193613
-0.0196832
-0.020005
-0.0203298
-0.0206599
-0.0209947
-0.0213304
-0.0216642
-0.0219973
-0.0223335
-0.0226755
-0.0230215
-0.0233683
-0.0237138
-0.0240598
-0.0244095
-0.0247644
-0.0251221
-0.0254801
-0.0258376
-0.026197
-0.0265611
-0.0269295
-0.027299
-0.0276679
-0.0280379
-0.0284127
-0.0287922
-0.0291725
-0.0295515
-0.0299332
-0.03032
-0.0307103
-0.0311002
-0.0314904
-0.0318842
-0.0322834
-0.0326837
-0.0330831
-0.0334857
-0.0338935
-0.0343028
-0.034712
-0.0351248
-0.0355415
-0.0359597
-0.0363796
-0.0368025
-0.0372289
-0.0376571
-0.0380882
-0.0385215
-0.0389587
-0.0393982
-0.039841
-0.0402864
-0.0407353
-0.0411877
-0.0416429
-0.0421021
-0.0425641
-0.043031
-0.0435002
-0.0439746
-0.0444517
-0.0449339
-0.0454195
-0.0459095
-0.0464039
-0.0469023
-0.0474058
-0.047913
-0.0484254
-0.0489421
-0.0494635
-0.0499901
-0.0505206
-0.0510571
-0.0515975
-0.0521436
-0.0526944
-0.05325
-0.0538116
-0.0543773
-0.0549492
-0.0555258
-0.0561077
-0.0566959
-0.0572882
-0.0578875
-0.0584915
-0.0591014
-0.0597179
-0.0603399
-0.0609672
-0.0616006
-0.0622403
-0.0628875
-0.0635401
-0.0642003
-0.064867
-0.0655399
-0.0662198
-0.0669056
-0.0675968
-0.0682932
-0.0689913
-0.0696888
-0.0703822
-0.0710635
-0.0717239
-0.0723503
-0.0729194
0.0207284
0.0203074
0.0164491
0.0119282
0.0079755
0.00491052
0.00276451
0.00146069
0.000810373
0.00058633
0.000589255
0.000677363
0.000765841
0.000812196
0.000799757
0.000724738
0.00059
0.000403972
0.000177209
-7.96008e-05
-0.000356919
-0.000646889
-0.00094347
-0.00124215
-0.00153967
-0.00183437
-0.00212505
-0.00241068
-0.00269049
-0.00296388
-0.00323075
-0.00349137
-0.00374661
-0.00399758
-0.00424572
-0.00449248
-0.00473952
-0.00498837
-0.00524056
-0.0054971
-0.00575858
-0.00602478
-0.006295
-0.00656786
-0.00684179
-0.00711509
-0.00738668
-0.00765599
-0.00792334
-0.00818945
-0.00845547
-0.00872249
-0.00899152
-0.00926335
-0.00953851
-0.00981698
-0.010098
-0.0103803
-0.0106625
-0.0109435
-0.0112233
-0.0115028
-0.0117835
-0.012067
-0.012354
-0.0126446
-0.0129372
-0.013231
-0.0135253
-0.0138206
-0.0141176
-0.014417
-0.0147181
-0.0150201
-0.015322
-0.0156247
-0.0159297
-0.0162381
-0.0165494
-0.016862
-0.0171746
-0.0174871
-0.0178004
-0.0181156
-0.0184341
-0.0187557
-0.0190798
-0.0194049
-0.0197301
-0.0200549
-0.0203812
-0.0207116
-0.0210468
-0.0213844
-0.021721
-0.0220568
-0.0223945
-0.0227365
-0.0230828
-0.0234314
-0.0237798
-0.0241281
-0.0244785
-0.0248332
-0.0251917
-0.0255519
-0.0259119
-0.0262726
-0.0266367
-0.0270054
-0.0273766
-0.0277477
-0.028119
-0.0284939
-0.0288735
-0.029255
-0.029636
-0.0300186
-0.0304049
-0.030795
-0.0311859
-0.0315774
-0.0319709
-0.0323688
-0.0327689
-0.033169
-0.0335709
-0.0339769
-0.0343853
-0.0347939
-0.0352049
-0.0356193
-0.0360359
-0.0364539
-0.0368741
-0.0372977
-0.0377232
-0.0381515
-0.0385817
-0.0390154
-0.0394514
-0.0398907
-0.0403324
-0.0407775
-0.0412261
-0.0416775
-0.0421329
-0.0425911
-0.0430543
-0.04352
-0.0439911
-0.0444652
-0.0449446
-0.0454277
-0.0459156
-0.0464081
-0.0469047
-0.0474067
-0.0479127
-0.0484241
-0.04894
-0.0494607
-0.0499869
-0.0505171
-0.0510534
-0.0515937
-0.0521398
-0.0526907
-0.0532465
-0.0538082
-0.0543741
-0.0549462
-0.0555232
-0.0561053
-0.0566938
-0.0572865
-0.0578861
-0.0584905
-0.0591008
-0.0597176
-0.0603387
-0.0609672
-0.0616009
-0.062241
-0.0628886
-0.0635418
-0.0642026
-0.0648698
-0.0655433
-0.066224
-0.0669109
-0.0676032
-0.0683005
-0.0689996
-0.069698
-0.0703924
-0.0710748
-0.0717361
-0.0723635
-0.0729337
)
;

boundaryField
{
    zeroGradientWall
    {
        type            zeroGradient;
    }
    inlet
    {
        type            zeroGradient;
    }
    plate
    {
        type            zeroGradient;
    }
    frontAndBack
    {
        type            empty;
    }
}


// ************************************************************************* //
